torus_equator done 2
S above 29.608813203268078 96.916738249613644 -4.6358006901265944e-16 2.0066155493208125e-16 0.42441318157838764 2 3 2 1
S below 29.608813203268063 96.916738249613644 1.9490859162596874e-17 1.9762578884912243e-16 -0.4244131815783877 2 3 2 1
torus_height done 2
S above 11.577111663124736 72.126806160573324 5.2236217150653685e-16 1.783982780725914e-16 0.70502016189856598 2 3 2 1
S below 47.640514743411437 111.60522376493078 6.5251697755435217e-16 9.0847637675135373e-17 -0.17132680415009105 3 5 3 1
torus_high done 2
S above 57.676619475720614 117.63461445667635 5.8517264457242321e-16 1.341344735875575e-16 -0.024721623835325349 3 5 3 1
S below 1.5410069308155385 37.302646440158412 -4.4408920985006262e-16 3.0581794563263073e-16 0.92527792202555093 2 3 2 1
torus_touch done 1
S below 59.217626406536134 118.43525281307228 -1.4998548128266296e-16 8.350494815347286e-17 -5.9994192513065175e-17 2 4 2 1
torus_miss done 1
S below 59.217626406536148 118.4352528130723 0 -3.4871386069181898e-17 -8.5901625756294808e-17 1 2 1 1
torus_meridian done 2
S above 29.608813203268085 65.500811713715734 1.9629109648000425 -3.4496660695012459e-16 -9.5104619626270269e-17 4 5 3 1
S below 29.608813203268067 65.500811713715734 -1.962910964800042 2.1796077674200259e-16 -5.056212929558901e-17 3 3 2 1
torus_meridian_skew done 2
S above 29.608813203268074 65.500811713715734 1.3879876540755387 1.3879876540755383 -7.9626334311205219e-17 4 5 3 1
S below 29.608813203268074 65.500811713715734 -1.3879876540755383 -1.3879876540755383 -4.4628403134839106e-17 3 3 2 1
torus_tilted_height done 2
S above 7.0038478380578226 48.909758457518251 0.99999999999999989 -1.7086292946081525 0.88849427385579693 2 3 2 1
S below 20.754414540005982 68.302032964029166 1 -2.0983268442045624 0.3688975410605832 3 5 3 1
torus_parallel_outer done 2
S above 1.4305513564273526 11.884890574097751 3.6707738592510699 -1.2751080283006662e-07 -1.1617650009561377e-08 5 8 5 1
S below 57.787058700574363 117.4283847670914 -0.090871987541402355 -2.872380789199356e-10 3.7346103627580143e-08 2 6 4 1
torus_parallel_inner done 2
S above 10.240371735227409 31.693755626140842 3.0490525114739202 1.0613867116587288e-07 5.1363636428761789e-09 5 8 5 1
S below 48.977282108370616 108.50984119935347 -0.63750890346670364 9.7012948101289622e-09 -1.2844944576978051e-07 2 6 4 1
torus_oblique done 2
S above 22.107821159224809 77.200764944400717 1.7769174838676434 1.2701627420838535e-08 0.33135451383864906 4 8 5 1
S below 37.109807077028208 99.983537103983309 -1.0585822192237933 -3.3052132477090275e-08 -0.19740124508642695 3 6 4 1
torus_oblique_tube done 2
S above 6.021399790584212 26.297513211152673 3.1363340480234783 1.2650101331611216e-07 0.35848654629891175 5 8 5 1
S below 53.19623011901092 113.7871657428776 -0.35500848051982847 5.6146110794998725e-10 -0.040577631717766995 2 6 4 1
