quad_box_fuse done 1 1 0
S 254.35394565760393 288.09529892146429 5.773894265378142 5.770372175458081 1.9558159968542383 12 30 20 12 30 20 1
quad_box_cut done 1 1 0
S 200.35394565760396 221.98017003786742 4.9043845130356676 4.899913138812475 2.0112881453744489 10 24 16 10 24 16 1
quad_box_common done 1 1 0
S 9.0464978597097936 27.565100244118035 7.1176084244264342 7.2166365214890389 1.7499999999999998 6 12 8 6 12 8 1
box_quad_fuse done 1 1 0
S 254.35394565760393 288.09529892146435 5.7738942653781411 5.7703721754580801 1.9558159968542381 12 30 20 12 30 20 1
box_quad_cut done 1 1 0
S 44.953502140290212 93.68022912771491 9.3788147874756902 9.358886251867224 1.7499999999999998 8 18 12 8 18 12 1
box_quad_common done 1 1 0
S 9.0464978597097936 27.565100244118035 7.1176084244264342 7.2166365214890371 1.75 6 12 8 6 12 8 1
quad_rod_fuse done 1 1 0
S 233.50357610706035 254.11647316157786 5.3679155115910611 4.9743958905273526 2.0739978371330019 10 21 14 10 21 14 1
quad_rod_cut done 1 1 0
S 198.94605691757261 212.21426326245728 4.8238631614802285 5.0133741211748433 2 8 18 12 8 18 12 1
quad_rod_common done 1 1 0
S 10.454386599741142 28.942149690159553 8.3518685354818665 4.7454916510798837 2 4 6 4 4 6 4 1
quad_ball_fuse done 1 1 0
S 214.96882813304927 213.53040301195529 5.0415819361397762 5.1103880636242494 1.999999966288746 8 18 12 7 17 12 1
quad_ball_cut done 1 1 0
S 200.83166276807412 215.55400815688506 4.9477184915896224 4.8629835959183021 1.9999999791792265 7 21 14 7 21 14 1
quad_ball_common done 1 1 0
S 8.5687759303081812 22.404327011255447 6.2253526714401266 8.2113358674490033 1.9999999273847215 3 9 6 3 9 6 1
arch_box_fuse done 1 1 0
S 36.515927545098805 72.043751541475601 4.1144710044094222 4.5341423423063869 1.0000000000000004 11 27 18 11 27 18 1
arch_box_cut done 1 1 0
S 32.515927545098812 64.245887424293116 4.2515694775024855 4.2923091477936959 1 9 21 14 9 21 14 1
arch_box_common done 1 1 0
S 1.0312138050221085 6.1398658986533716 3.386282893202087 5.9214992725955744 1 6 12 8 6 12 8 1
arch_slab_fuse done 1 1 0
S 445.83429928374477 959.94591525195324 4.9542996958579684 0.5458291739513409 2.5677841188800619 14 30 20 14 30 20 1
arch_slab_cut done 2 1 0
S 1.2698584866535159 9.968101107880047 3.8003846446664444 2.8251454204191311 -0.1844295326016234 4 6 4 4 6 4 1
S 24.564440795610878 52.216276699223307 4.2325727464953742 4.631159054289717 1.304342037557515 6 12 8 6 12 8 1
arch_slab_common done 1 1 0
S 7.7128420671465703 30.237702188175458 4.2706661335890201 3.6724954958927589 0.22571549935909893 6 12 8 6 12 8 1
cam_box_fuse done 1 1 0
S 176.6903706286964 220.24660548034535 6.1605182624332189 4.695839042875269 1.5000000000000007 12 30 20 12 30 20 1
cam_box_cut done 1 1 0
S 164.4403706286964 201.44698952286262 5.8558719575528331 4.5055665957556572 1.5 10 24 16 10 24 16 1
cam_box_common done 1 1 0
S 2.8015336175916872 13.099625825490413 9.0862037989044797 6.5793564733216865 1.5 6 12 8 6 12 8 1
cam_rod_fuse done 1 1 0
S 171.01613682665842 208.7115835188803 5.9537800630660209 4.6260209704162554 1.5000000000000002 10 21 14 10 21 14 1
cam_rod_cut done 1 1 0
S 165.51834968287633 196.53999453592846 5.8899656383216294 4.5014964766024645 1.5 8 18 12 8 18 12 1
cam_rod_common done 1 1 0
S 1.7235545634117737 9.6965926888788143 7.8324577566783917 8.2672528229891977 1.5000000000000002 4 6 4 4 6 4 1
blade_box_fuse done 1 1 0
S 387.18493853986672 398.25508301351385 4.270944142316428 4.4927456408718669 1.4999999999999998 13 33 22 13 33 22 1
blade_box_cut done 1 1 0
S 380.93493853986672 391.91635843689255 4.197456267411007 4.4146933628148384 1.4999999999999998 11 27 18 11 27 18 1
blade_box_common done 1 1 0
S 2.1228801511904511 10.833455842836207 8.2532426774805909 8.6289910384810256 1.5 6 12 8 6 12 8 1
both_fuse done 1 1 0
S 214.9916337423339 214.29687525559041 4.9798441769202668 4.9828978138052484 1.9414852671831286 10 21 14 10 21 14 1
both_cut done 1 1 0
S 181.44449239221296 240.84277961562265 5.1194120933681004 5.1013209853354855 2.1155557992826974 10 21 14 10 21 14 1
both_common done 1 1 0
S 27.955951125100764 55.54714135012091 4.2249712209858297 4.3423892225806151 1.25 5 9 6 5 9 6 1
chain_quad_fuse done 1 1 0
S 243.89955905786289 292.64916301833927 5.6633932879759774 5.8143021327806075 1.9539221162248746 14 36 24 14 36 24 1
chain_quad_cut done 1 1 0
S 189.8995590578628 226.53403413474243 4.7145929677267011 4.9084143798899849 2.0119095824979691 12 30 20 12 30 20 1
chain_quad_common done 1 1 0
S 9.0464978597097918 27.565100244118039 7.1176084244264359 7.2166365214890389 1.75 6 12 8 6 12 8 1
quad_seat_fuse done 1 1 0
S 445.01989253654824 354.2875896941091 4.5112693170229612 4.7963622154262344 0.14689616037873351 8 16 10 7 15 10 1
quad_seat_cut done 1 1 0
S 209.40044351731368 207.66039916558233 5.0000000000000009 5.0000000000000009 2.0000000000000004 6 13 9 6 12 8 1
quad_seat_common done 0 1 0
split_lens_box_fuse done 1 1 0
S 115.15571353414481 178.37768948707816 4.9999999999999982 3.7294470888332714 2.3326396332505706 16 36 24 15 33 22 1
split_lens_box_cut done 1 1 0
S 73.155713534144809 149.11084953641168 5 3 2.6671434390961988 10 24 16 9 21 14 1
split_lens_box_common done 1 1 0
S 16.303330066177736 44.535449753212177 4.9999999999999991 3 1.7500000000000002 6 12 8 6 12 8 1
