kk_cross done 2 0
L closed 0 1
p 0.56290346820260828 -1.1102230246251565e-16 1.03038788705423
p 0.49055961127747966 0.27091932720458667 1.0258018102671587
p 0.30146716909518473 0.47874980519373794 1.0356158752015212
p 0.052201945996534375 0.59575360917652409 1.0946980603104628
p -0.20669450965170461 0.62416692023463494 1.2035466377387514
p -0.44994751352186907 0.57714561444705681 1.3395741635095817
p -0.66513964290284089 0.45956612925672397 1.4798808435187265
p -0.8316542843733129 0.26559227103130789 1.598077743911251
p -0.90103332330530261 -8.5043498520976263e-07 1.6493304351648574
p -0.83165351146256172 -0.26559367682887125 1.5980771790103996
p -0.66513846685465305 -0.45956705478405557 1.4798800354537656
p -0.44994612591722571 -0.57714610679237499 1.3395733125820435
p -0.20669298910717618 -0.62416698706659623 1.2035458788935549
p 0.052203508531519248 -0.59575318607246253 1.0946975384476321
p 0.30146854376487886 -0.47874882017173936 1.0356156902618627
p 0.49056044611883359 -0.2709178452723382 1.0258018365840518
p 0.56290346820260828 -1.1102230246251565e-16 1.03038788705423
L closed 0 1
p -0.90103332330598063 2.2204460492503131e-16 -1.6493304351653637
p -0.83163131231429488 -0.26563405044015354 -1.5980609543488236
p -0.6651075426108336 -0.45959138868491867 -1.4798587879870155
p -0.44991302841389502 -0.57715784949434767 -1.3395530162658218
p -0.20666044342582959 -0.62416841688623181 -1.2035296369012074
p 0.052233127420497724 -0.59574516523186327 -1.0946876465267912
p 0.30149123579919757 -0.47873255944576948 -1.0356126376489083
p 0.4905721829524835 -0.27089701008686096 -1.0258022066321355
p 0.56290346818026005 4.8837965150504737e-06 -1.0303878870521055
p 0.49056738970557245 0.27090551928014633 -1.0258020554921816
p 0.30148334281486616 0.47873821557572593 -1.0356136993909901
p 0.052224155571695137 0.59574759494704266 -1.0946906428182024
p -0.20666917426452319 0.62416803343867966 -1.2035339939881566
p -0.44992099598874891 0.57715502281742914 -1.3395579021661819
p -0.66511428891723701 0.45958608145702307 -1.4798634228369267
p -0.83163572855729206 0.26562601850191242 -1.5980641819748538
p -0.90103332330598063 2.2204460492503131e-16 -1.6493304351653637
kk_parallel done 3 0
L closed 0 1
p 0.63847330030051153 -1.1102230246251565e-16 -1.1687175368413136
p 0.72573595376776656 0.37127603757346722 -1.4921995540164912
p 0.88109633631581907 0.58785152991963319 -1.9388487263251437
p 1.0817149756284319 0.73647075043085286 -2.3954199451303548
p 1.3227186211094808 0.81999795001729225 -2.8487359929918643
p 1.5974287919179087 0.82396297364331306 -3.2901425461980387
p 1.8918038509880113 0.71998294444951227 -3.7052332795355434
p 2.1676391275622726 0.45897993128698472 -4.0558097701183975
p 2.3054021812830903 -0.00013825891811156783 -4.2200103940367395
p 2.1675013041434754 -0.45918871911213988 -4.0556421828946476
p 1.8916139296875698 -0.72009366524750207 -3.7049804685137109
p 1.5972195640657467 -0.82399480342116405 -3.2898288930004616
p 1.3224477216357609 -0.81994859292897992 -2.8482669413797477
p 1.0814134415578982 -0.73631096050070843 -2.3947990032539956
p 0.8808790388972515 -0.58763303890825092 -1.9382958926475735
p 0.72565715541218678 -0.37111758908637782 -1.4919390925238338
p 0.63847330030051153 1.1102230246251565e-16 -1.1687175368413136
L open 0 1
p 0.63847330030051153 -1.1102230246251565e-16 1.1687175368413136
p 0.66826158129684388 -0.22083392410396227 1.2883059766123246
p 0.72569920409447108 -0.37120217207968209 1.4920780839384409
p 0.79733397546401641 -0.48946168629100628 1.7125718752152801
p 0.88101666439509063 -0.58777143048973357 1.9386460504973666
p 0.97595879932368523 -0.6698268433690705 2.1667620108934464
p 1.0816343368853383 -0.73642801647708378 2.3952539118504443
p 1.1973989963174159 -0.78695073571674801 2.6228122187345293
p 1.322632836847379 -0.81998233340672266 2.8485874709798766
p 1.4563947905527077 -0.83331950413959077 3.0714619545277606
p 1.597346381512426 -0.823975520876986 3.2900190086734704
p 1.7435349801720044 -0.7879707493154553 3.5023177263141991
p 1.8917126142330776 -0.72003614123132564 3.7051118332106756
p 2.0363924885158884 -0.613232284428888 3.8929392526898048
p 2.1675603641778629 -0.45909930163586643 4.0557139851962276
p 2.2666388986121468 -0.25122312679480063 4.174461246073113
p 2.3054021927509196 -5.5511151231257827e-16 4.2200104074395215
L open 0 1
p 2.3054021927509196 -5.6466068321994066e-16 4.2200104074395215
p 2.2666097873090765 0.25131525060650201 4.1744268560216309
p 2.1674899572100599 0.45920590625951885 4.0556283841579406
p 2.036306465593555 0.6133114534602403 3.8928302680686908
p 1.8916210139834975 0.72008953674455567 3.704989898975914
p 1.7434396598719581 0.78800360833326744 3.5021834940524457
p 1.5972489258868354 0.82399033705929248 3.2898729108107694
p 1.456264045286044 0.8333170954303396 3.0712520171308184
p 1.322502309845671 0.81995853125919971 2.8483614551647687
p 1.1972612334993307 0.7869026751009921 2.6225531721303694
p 1.0814868767784329 0.73634985142270426 2.3949502232025202
p 0.97585292947625724 0.66974831186250516 2.1665210554974799
p 0.88095977711478601 0.5877142261311421 1.9385013225808565
p 0.79730775171833002 0.48942552580172693 1.7124963556362176
p 0.72569357045597005 0.37119080716930841 1.4920594672417262
p 0.66825018807957026 0.22079243070847115 1.2882623614037261
p 0.63847330030051153 -1.5638085671081367e-16 1.1687175368413134
kk_unbounded done 5 0
L open 0 1
p 8.7225198540174294 -2.1364012039443368e-15 6.9217656422329288
p 3814.0560506645252 1957.5864543319703 3402.0277945979728
p 9489.3204687450943 4874.2236042300574 8465.5651653504192
p 15164.566566134361 7790.9406918406712 13529.077034544949
p 20839.781704545596 10707.787605524667 18592.548856731806
p 26514.962044798314 13624.771448313764 23655.980878309565
p 32190.110766081714 16541.866271620915 28719.384518277278
p 37865.236285218052 19459.022808950704 33782.778748986588
p 43540.350475925967 22376.178209609679 38846.186476893759
p 49215.466888083953 25293.26577241678 43909.630923311881
p 54890.598966993581 28210.224679413626 48973.132005162821
p 60565.758272643106 31127.009729575017 54036.702715729538
p 66240.952698970606 34043.601072519159 59100.345505407924
p 71916.184693127449 36960.013942218095 64164.048662459041
p 77591.449474741821 39876.308390708211 69227.782693761357
p 83266.733255181767 42792.599021800335 74291.496705562473
p 88942.011456819004 45709.064724790391 79355.114784231715
L open 0 1
p 1.1294914119935129 -2.7664560847103958e-16 0.89630920646090295
p -5274.3844144752984 2719.3555669444295 4705.9965142728133
p -10840.532595839359 5641.0928659494648 9664.4041763539808
p -16389.563688434897 8648.8693059646066 14595.488260408005
p -21921.725588557572 11748.890382976864 19498.694830647255
p -27442.533162276268 14923.61692016599 24381.528463063638
p -32960.993517493021 18138.331007881956 29257.019495257326
p -38487.831276003082 21347.701943622465 34141.191276265628
p -44033.71384555495 24502.352172010455 39050.527416391837
p -49607.476691910357 27555.423224771581 43999.439037033982
p -55214.348610904366 30469.141660711772 48997.732020513766
p -60854.177000505253 33221.385005694625 54048.074259905217
p -66519.653132874664 35812.247692618999 59143.462908863694
p -72194.53742642756 38270.607001396464 64264.691631454552
p -77851.88471789223 40660.688998928868 69377.817851982094
p -83452.269534370367 43088.634479085718 74431.630004818304
p -88942.011365397047 45709.064902681806 79355.114784231715
L open 0 1
p -88942.011365400147 -45709.064902675855 -79355.114784231715
p -81481.547946019346 -41800.681757732928 -72708.664652643856
p -74232.320710621134 -37901.500944126012 -66263.881358664963
p -67132.326772283239 -34043.503901461438 -59956.981718766256
p -60128.413348496157 -30249.848792551213 -53733.849614429499
p -53176.277761163125 -26534.870503412963 -47550.035992147205
p -46240.467436600084 -22904.080643269932 -41370.758863422481
p -39294.379905535745 -19354.167544551019 -35170.903304769119
p -32320.262803111538 -15872.996262890765 -28935.021457711548
p -25309.213868881627 -12439.60857712934 -22657.332528784857
p -18261.180946812947 -9024.2229893125641 -16341.722789534801
p -11184.961985285121 -5588.2347246918744 -10001.745576517762
p -4098.2050370905527 -2084.2157317243623 -3660.6212913007994
p -10662.675074870831 5546.3781033128889 -9506.1382618426214
p -36526.004482259217 20213.147852973423 -32406.898508470553
p -62680.028337019437 34074.261132904066 -55687.92636953359
p -88942.011365400074 45709.064902675869 -79355.114784231715
L open 0 1
p -88942.011365400147 -45709.064902675811 79355.114784231715
p -83056.550798624652 -42636.765680835029 74110.361572718044
p -77310.385819866642 -39565.39298404361 68999.273943601933
p -71672.006437269607 -36511.863933734065 63989.349378483195
p -66113.283944052557 -33489.724554214976 59051.778781508918
p -60609.470918510036 -30509.149772671095 54161.446479373371
p -55139.201224012155 -27576.943419163257 49296.930221318042
p -49684.490009004548 -24696.538226628443 44440.501179131701
p -44230.733707008389 -21867.995830879758 39578.123947150321
p -38766.710036620374 -19088.006770606407 34699.456542257052
p -33284.578001512818 -16349.890487373772 29797.850403882388
p -27779.87789043349 -13643.595325623293 24870.350394003919
p -22251.531277205726 -10955.698532672579 19917.694797146538
p -16701.841020728436 -8269.4062587153476 14944.315320382351
p -11136.491264976032 -5564.55355682144 9958.3370933306796
p -5564.5474389984929 -2817.6043829368241 4971.578668158083
p 1.1294914119935129 0 0.89630920646090295
L open 0 1
p 88942.011456818218 -45709.064724791853 79355.114784231715
p 83374.185868696426 -42934.902524485362 74377.198651612358
p 77780.912087385761 -40256.331005615291 69363.817827959938
p 72178.987464203223 -37603.130625427439 64339.198323042692
p 66580.232394007777 -34926.512312321109 59320.317290850435
p 60992.144289826632 -32196.262087110579 54317.859969419158
p 55418.5515574819 -29397.885684286695 49337.176620655853
p 49860.267570216944 -26529.753173278335 44379.239470163193
p 44315.744643323014 -23600.243579714042 39441.599647064249
p 38781.728008765611 -20624.88950668347 34519.344123827184
p 33253.90978981099 -17623.521755998972 29606.052656090011
p 27727.582975652746 -14617.41394945713 24694.754722485275
p 22198.295396038164 -11626.427150100277 19778.886464464802
p 16662.503695894811 -8666.1544834780416 14853.247626124363
p 11118.227309956959 -5745.0657589088887 9914.9584940284312
p 5565.702437392104 -2861.652090741642 4964.4168370348934
p 8.7225198540174294 0 6.9217656422329279
kk_tilted done 2 0
L closed 0 1
p 1.4524029021909386 2.2872367292857945 3.3829823057143931
p 1.4003603461013765 2.4261507575308565 3.2514932137315693
p 1.2672569572024812 2.5185771615658283 3.1355506353641651
p 1.0870562358989344 2.5857271120674645 3.0841627029496648
p 0.8980169352169991 2.6393746579729735 3.118260316300105
p 0.72491049411326258 2.6705809253622648 3.2135652957292837
p 0.5745027808026989 2.6660639811174072 3.3453985802889461
p 0.45918002282920439 2.6084283651025859 3.4975542033043445
p 0.4114566644639035 2.4804374888722673 3.6405847425536315
p 0.45918077905313137 2.3072906076103621 3.7234067842109311
p 0.57450394062534438 2.1450834731682455 3.7361329048801606
p 0.72491187928746637 2.0172591103684261 3.7035555649708072
p 0.89801849107349974 1.9345045331652215 3.646912029269509
p 1.0870578633422852 1.9167928082163752 3.58586310501114
p 1.2672583376785371 1.9849279285129664 3.5357878517926999
p 1.4003557773498814 2.1221039345578063 3.4795261086627618
p 1.4524029021909386 2.2872367292857945 3.3829823057143931
L closed 0 1
p 0.98668851680453162 1.6263258658953961 2.5017678211938614
p 0.98763338421307068 1.6228625555878711 2.5047515402207208
p 0.99025510090997182 1.6203555679888115 2.5076944357445021
p 0.99405168066975003 1.6191276467802913 2.5101305781585066
p 0.99844155139377533 1.6192733521867659 2.5117381661109901
p 1.0028422867821944 1.6207478528256749 2.5123153253992467
p 1.0066584140868136 1.6233901950648515 2.5117619302555125
p 1.0092882389950142 1.6268800121427713 2.5101119871999189
p 1.0102323028143796 1.6306956859166428 2.5075941392605667
p 1.0092881870331287 1.6341811915130275 2.5046360836907473
p 1.0066583216988818 1.6367422527744004 2.5017478527478842
p 1.0028421705060864 1.6380133292992045 2.4993661740806981
p 0.99844143227918436 1.6378720787127208 2.4977890751403553
p 0.99405157581212289 1.6363695605399491 2.4971991013787043
p 0.99025502379396202 1.633687025204255 2.4976958117672736
p 0.98763334824841442 1.6301598899027623 2.4992785249177341
p 0.98668851680453162 1.6263258658953961 2.5017678211938614
kk_irrational_apexes done 4 0
L open 0 1
p 1.3019341993298192 -2.2204460492503131e-16 1.4679307054945399
p 1.1125184918848237 0.46415630265506808 1.2913394179359523
p 0.74747128855846989 0.7012635706881658 0.96088009689105103
p 0.29590981521506549 0.85472668595018242 0.74043236080897978
p -0.10953133493696544 1.0638440135354155 1.0424036604257159
p -0.50749257934270897 1.1634196706556144 1.4081736917174215
p -0.90809956383349011 1.1622560340923982 1.7846379600888602
p -1.3004139632298539 1.0599612554412747 2.1557201364686911
p -1.6662783224131406 0.84268177496644225 2.5027213158486812
p -1.9634474364194825 0.48062630449945531 2.7849354860264488
p -2.0834348337327149 -0.033399912954650723 2.8989480610037632
p -1.9338004461466116 -0.53345374011346391 2.756769757355559
p -1.6242917344596268 -0.87603829432107416 2.4628698971495058
p -1.2537317302164521 -1.0780865336517511 2.1114961088763771
p -0.85966490123193373 -1.1676663719238882 1.7389434562804249
p -0.45889115165198485 -1.1568286309298601 1.3628373505264928
p -0.061732573879274888 -1.0444797698258952 1.0000000000000002
L open 0 1
p -0.061732573879275623 -1.0444797698258954 1.0000000000000004
p -0.012757352573764924 -1.0228814110697664 0.95727361487387419
p 0.03621365569600115 -0.99950673359503472 0.91554142800408844
p 0.085357110103897307 -0.97431236757205608 0.87505400147673962
p 0.13491476389654125 -0.94729134466724452 0.83625924514507999
p 0.18530179076243578 -0.91849757191836434 0.79992852753649679
p 0.23732383205509755 -0.88810028678959962 0.76745602999948015
p 0.29235347345082269 -0.85668098399401726 0.74169928809788221
p 0.3519433845078645 -0.82607356214967076 0.72838904981654284
p 0.41473741187056662 -0.80009643123321972 0.73439165473878776
p 0.47579640088351127 -0.78061493637711077 0.75816823319197402
p 0.53328944854258886 -0.76512297780220928 0.79193575632502089
p 0.58802960072017996 -0.75088224759256417 0.83054915908275295
p 0.64088955828410499 -0.73630434785124665 0.87160050656050636
p 0.69239019754068043 -0.72051753214392056 0.91391598001758378
p 0.74280926937518732 -0.70300201561616704 0.95685156685370165
p 0.79227342311289806 -0.68341182553588176 1.0000000000000002
L open 0 1
p 0.79227342311289684 -0.68341182553588176 0.99999999999999878
p 0.83827640029927297 -0.66270729356138947 1.040800163793173
p 0.88342852933405325 -0.6397236572276096 1.0813243526338632
p 0.92766844840961626 -0.61428858561638344 1.1213900512544288
p 0.97089284361852513 -0.586236439039589 1.1608117363330961
p 1.0129602348183659 -0.55540007960533455 1.1993915431318751
p 1.0536909895171902 -0.52160474894204489 1.2369117013656408
p 1.0928518953708237 -0.48467522386719258 1.2731157483534401
p 1.1301589192228201 -0.44442903692623331 1.3077072312993663
p 1.1652516766213337 -0.40069976715451522 1.3403238802696267
p 1.1976902763070971 -0.35334640779381232 1.3705330603709065
p 1.2269433047955769 -0.30228516867278843 1.397819259474776
p 1.252377102767261 -0.24755297248835434 1.4215734925378256
p 1.273284316678265 -0.18935532693651527 1.441119593238859
p 1.2889284529563958 -0.12814785187284219 1.4557560370825697
p 1.2986387485339472 -0.064682951638050795 1.4648452791902105
p 1.3019341993298188 -3.3306690738754696e-16 1.4679307054945394
L closed 0 1
p 0.63711565453070529 -1.1102230246251565e-16 0.2509885220730223
p 0.60318412719518399 0.24655743738411298 0.27755685558727794
p 0.5056262172405015 0.46723298265841412 0.3449569093110641
p 0.32887844612549205 0.63152644753590348 0.38811827851822339
p 0.11454325386862674 0.63599112872638242 0.26766039904717476
p -0.067969734012284677 0.55819307469156454 0.11406883440407346
p -0.22709182042852835 0.42751726820021074 -0.02912572905963089
p -0.34862972935129494 0.23961241247205067 -0.14088741936993768
p -0.39802584645366895 0.00028356199740889749 -0.18666225109647436
p -0.34883852263496462 -0.23912178442543658 -0.1410805462833413
p -0.22741715705811727 -0.42716043754093003 -0.029422813676220568
p -0.068356536892837591 -0.55795796907128958 0.11372749293353135
p 0.11408465689734626 -0.63587517203247745 0.26730297360035615
p 0.32853637676147973 -0.63166373427455724 0.38805214227898754
p 0.50549895451597271 -0.46743138303984044 0.34503236602669701
p 0.60315143621966827 -0.24667350501811158 0.27758187278262142
p 0.63711565453070529 -1.1102230246251565e-16 0.2509885220730223
kk_miss done 0 0
kk_twins done 2 0
L open -2e+100 2e+100
p nan nan nan
p nan nan nan
p nan nan nan
p nan nan nan
p nan nan nan
p nan nan nan
p nan nan nan
p nan nan nan
p 0.36342437753905227 0 -0.66524386085622644
p nan nan nan
p nan nan nan
p nan nan nan
p nan nan nan
p nan nan nan
p nan nan nan
p nan nan nan
p nan nan nan
L open -2e+100 2e+100
p nan nan nan
p nan nan nan
p nan nan nan
p nan nan nan
p nan nan nan
p nan nan nan
p nan nan nan
p nan nan nan
p 0.63657562246094757 0 1.1652438608562257
p nan nan nan
p nan nan nan
p nan nan nan
p nan nan nan
p nan nan nan
p nan nan nan
p nan nan nan
p nan nan nan
kk_common_apex done 4 0
L open -2e+100 2e+100
p -1.393413418694331e+100 -7.1610280965008854e+99 -1.2432199365413291e+100
p -1.2192367413575396e+100 -6.2658995844382748e+99 -1.0878174444736628e+100
p -1.0450600640207483e+100 -5.3707710723756643e+99 -9.3241495240599684e+99
p -8.708833866839569e+99 -4.4756425603130537e+99 -7.770124603383306e+99
p -6.9670670934716552e+99 -3.5805140482504427e+99 -6.2160996827066456e+99
p -5.2253003201037414e+99 -2.6853855361878321e+99 -4.6620747620299842e+99
p -3.4835335467358266e+99 -1.7902570241252211e+99 -3.1080498413533218e+99
p -1.7417667733679148e+99 -8.9512851206261128e+98 -1.5540249206766621e+99
p 0 0 0
p 1.7417667733679148e+99 8.9512851206261128e+98 1.5540249206766621e+99
p 3.4835335467358266e+99 1.7902570241252211e+99 3.1080498413533218e+99
p 5.2253003201037414e+99 2.6853855361878321e+99 4.6620747620299842e+99
p 6.9670670934716562e+99 3.5805140482504437e+99 6.2160996827066466e+99
p 8.708833866839569e+99 4.4756425603130537e+99 7.770124603383306e+99
p 1.0450600640207481e+100 5.3707710723756633e+99 9.3241495240599664e+99
p 1.2192367413575396e+100 6.2658995844382748e+99 1.0878174444736628e+100
p 1.393413418694331e+100 7.1610280965008854e+99 1.2432199365413291e+100
L open -2e+100 2e+100
p 1.393413418694331e+100 7.1610280965008854e+99 1.2432199365413291e+100
p 1.2192367413575396e+100 6.2658995844382748e+99 1.0878174444736628e+100
p 1.0450600640207483e+100 5.3707710723756643e+99 9.3241495240599684e+99
p 8.708833866839569e+99 4.4756425603130537e+99 7.770124603383306e+99
p 6.9670670934716552e+99 3.5805140482504427e+99 6.2160996827066456e+99
p 5.2253003201037414e+99 2.6853855361878321e+99 4.6620747620299842e+99
p 3.4835335467358266e+99 1.7902570241252211e+99 3.1080498413533218e+99
p 1.7417667733679148e+99 8.9512851206261128e+98 1.5540249206766621e+99
p 0 0 0
p -1.7417667733679148e+99 -8.9512851206261128e+98 -1.5540249206766621e+99
p -3.4835335467358266e+99 -1.7902570241252211e+99 -3.1080498413533218e+99
p -5.2253003201037414e+99 -2.6853855361878321e+99 -4.6620747620299842e+99
p -6.9670670934716562e+99 -3.5805140482504437e+99 -6.2160996827066466e+99
p -8.708833866839569e+99 -4.4756425603130537e+99 -7.770124603383306e+99
p -1.0450600640207481e+100 -5.3707710723756633e+99 -9.3241495240599664e+99
p -1.2192367413575396e+100 -6.2658995844382748e+99 -1.0878174444736628e+100
p -1.393413418694331e+100 -7.1610280965008854e+99 -1.2432199365413291e+100
L open -2e+100 2e+100
p -1.393413418694331e+100 7.1610280965008854e+99 -1.2432199365413291e+100
p -1.2192367413575396e+100 6.2658995844382748e+99 -1.0878174444736628e+100
p -1.0450600640207483e+100 5.3707710723756643e+99 -9.3241495240599684e+99
p -8.708833866839569e+99 4.4756425603130537e+99 -7.770124603383306e+99
p -6.9670670934716552e+99 3.5805140482504427e+99 -6.2160996827066456e+99
p -5.2253003201037414e+99 2.6853855361878321e+99 -4.6620747620299842e+99
p -3.4835335467358266e+99 1.7902570241252211e+99 -3.1080498413533218e+99
p -1.7417667733679148e+99 8.9512851206261128e+98 -1.5540249206766621e+99
p 0 0 0
p 1.7417667733679148e+99 -8.9512851206261128e+98 1.5540249206766621e+99
p 3.4835335467358266e+99 -1.7902570241252211e+99 3.1080498413533218e+99
p 5.2253003201037414e+99 -2.6853855361878321e+99 4.6620747620299842e+99
p 6.9670670934716562e+99 -3.5805140482504437e+99 6.2160996827066466e+99
p 8.708833866839569e+99 -4.4756425603130537e+99 7.770124603383306e+99
p 1.0450600640207481e+100 -5.3707710723756633e+99 9.3241495240599664e+99
p 1.2192367413575396e+100 -6.2658995844382748e+99 1.0878174444736628e+100
p 1.393413418694331e+100 -7.1610280965008854e+99 1.2432199365413291e+100
L open -2e+100 2e+100
p 1.393413418694331e+100 -7.1610280965008854e+99 1.2432199365413291e+100
p 1.2192367413575396e+100 -6.2658995844382748e+99 1.0878174444736628e+100
p 1.0450600640207483e+100 -5.3707710723756643e+99 9.3241495240599684e+99
p 8.708833866839569e+99 -4.4756425603130537e+99 7.770124603383306e+99
p 6.9670670934716552e+99 -3.5805140482504427e+99 6.2160996827066456e+99
p 5.2253003201037414e+99 -2.6853855361878321e+99 4.6620747620299842e+99
p 3.4835335467358266e+99 -1.7902570241252211e+99 3.1080498413533218e+99
p 1.7417667733679148e+99 -8.9512851206261128e+98 1.5540249206766621e+99
p 0 0 0
p -1.7417667733679148e+99 8.9512851206261128e+98 -1.5540249206766621e+99
p -3.4835335467358266e+99 1.7902570241252211e+99 -3.1080498413533218e+99
p -5.2253003201037414e+99 2.6853855361878321e+99 -4.6620747620299842e+99
p -6.9670670934716562e+99 3.5805140482504437e+99 -6.2160996827066466e+99
p -8.708833866839569e+99 4.4756425603130537e+99 -7.770124603383306e+99
p -1.0450600640207481e+100 5.3707710723756633e+99 -9.3241495240599664e+99
p -1.2192367413575396e+100 6.2658995844382748e+99 -1.0878174444736628e+100
p -1.393413418694331e+100 7.1610280965008854e+99 -1.2432199365413291e+100
kk_common_apex_point done 0 0
ka_sphere done 1 0
L closed 0 1
p 1.1862442554067916 -1.1102230246251565e-16 2.1714055444740623
p 1.1069873858691144 0.37313648002575589 2.1383449303282029
p 0.8897506951996611 0.67410843557057742 2.0433347944626705
p 0.58506864974559192 0.85516103171175817 1.8966589174151656
p 0.2521866764227908 0.89984067936818357 1.7106114588843284
p -0.056023508197724253 0.8159327149482607 1.497071331479358
p -0.2987507125003192 0.62507179707329874 1.2681551614471214
p -0.44872435455219062 0.35165626005880046 1.0435637279255483
p -0.496697714206152 -3.0414957722920721e-06 0.90919906727404776
p -0.44872280290207922 -0.35166114317923958 1.0435670059273414
p -0.29874756651781836 -0.62507551003597461 1.2681588103224761
p -0.056019078036220075 -0.81593494674880707 1.4970748516921366
p 0.25219185088883161 -0.8998410322488466 1.7106146369403978
p 0.58507382448394762 -0.85515924763299445 1.8966615707432193
p 0.88975522191237277 -0.67410431797107906 2.0433368480967204
p 1.1069896934574244 -0.37313129902978087 2.1383459045852278
p 1.1862442554067916 -1.1102230246251565e-16 2.1714055444740623
ka_cylinder done 3 0
L closed 0 1
p 0 0 -1.1102230246251565e-16
p 0.0086938282494740411 -0.071352254418329306 -0.13157535879916249
p 0.035111193526146618 -0.13912907869515789 -0.26265869851319423
p 0.080237891179420512 -0.1988312771428169 -0.39247632857869935
p 0.14555988573072329 -0.24366490879483829 -0.51954989451722455
p 0.2318678567649286 -0.2619012612061633 -0.64029134725606007
p 0.33346011532860154 -0.23379126401173672 -0.74546936952962273
p 0.42360831857512604 -0.14089121972931568 -0.81717356026899324
p 0.45969744934756529 0.00037706310125438971 -0.84147082758864822
p 0.42330978560739196 0.14142289032447516 -0.81696290925038606
p 0.33308913764379344 0.23400429587943342 -0.74513750519372279
p 0.23158724351949281 0.26190387276780119 -0.63995455273008162
p 0.14538990919427219 0.24358847086690519 -0.51927025081469258
p 0.080139071633480621 0.19873466031289841 -0.39224466238732286
p 0.035064477087170677 0.13904413431546844 -0.26248702013477421
p 0.0086825404154732017 0.071306781460382163 -0.13149024375316415
p 0 0 -1.1102230246251565e-16
L open 0 1
p 0 0 -6.123233995736766e-17
p 0.002166903160850709 -0.035879114061481816 0.065795952263250593
p 0.0086885171517192914 -0.071330881750453254 0.1315353442720863
p 0.019627932552039064 -0.1059034296127174 0.19715630030818138
p 0.035089533902496792 -0.13908971178572929 0.26257912052287258
p 0.055216765307491721 -0.17029285440278352 0.32769594219772841
p 0.080190073861926822 -0.19878454879081492 0.39236425106187472
p 0.11021535552631419 -0.22363802579955408 0.45638063311033789
p 0.14547341485991624 -0.24362604519190273 0.51940765954628332
p 0.18605568025837996 -0.2571134937609198 0.58094289681722588
p 0.23172996648306562 -0.26190259442431213 0.64012588932081016
p 0.28157256013981496 -0.2551936112889559 0.69560190334867356
p 0.33328239714141461 -0.23389342537849153 0.74531043001299635
p 0.38255874751112107 -0.19574827245884061 0.78661699611288105
p 0.42346821706245141 -0.14114108415752244 0.81707472205372877
p 0.4503608871964026 -0.073890999065745533 0.83540220656719077
p 0.45969769413186029 -1.1102230246251565e-16 0.8414709848078965
L open 0 1
p 0.45969769413186029 -1.1259346193880032e-16 0.84147098480789662
p 0.45034543482588241 0.073950839195828844 0.83539206862317428
p 0.42344547686375106 0.14118158184521026 0.81705867614605132
p 0.3825341728226862 0.19577316168041667 0.78659770627694936
p 0.33326119601271875 0.23390562600773326 0.74529146459303097
p 0.2815570357016533 0.25519770026697597 0.69558586677764322
p 0.23172113541979436 0.26190267440098403 0.64011528662833639
p 0.18605250086738279 0.25711279196835995 0.58093843892666452
p 0.14547454954856845 0.24362655450153189 0.51940952553363173
p 0.11021130609031249 0.22363523414250044 0.45637274305462511
p 0.080185045786316342 0.19877961744136399 0.39235245980296607
p 0.055210483244564408 0.17028452336643835 0.32767784169145647
p 0.035084301335346374 0.1390801875471078 0.26255988574090861
p 0.019625166883721283 0.1058963345836975 0.19714259093726735
p 0.0086874032954819963 0.071326362875874155 0.13152690046739601
p 0.0021666015079921989 0.035876703310763682 0.065791498828542197
p 0 0 -6.123233995736766e-17
ka_cylinder_parallel done 4 0
L open 0 1
p 0 1.1102230246251565e-16 0
p 0.0086141545175570985 -0.13097378481374733 -0.64750972574671251
p 0.034449668852835957 -0.26021629085047654 -1.29488799126276
p 0.077489053051176954 -0.3859709585142243 -1.9420479506917343
p 0.1377011928307017 -0.50639982604146094 -2.588860202222321
p 0.21503652989505709 -0.61954200173753193 -3.2351607317496649
p 0.30942418705177099 -0.72326007055940023 -3.8807608863428062
p 0.42077109233132504 -0.81516492832824095 -4.5254596371468301
p 0.54894078790155931 -0.89249404583455993 -5.1689519961510459
p 0.69373565308631824 -0.9519465021069855 -5.8108110731576703
p 0.85486182006313138 -0.98941140716983367 -6.450415770602226
p 1.031853810605543 -0.99949254773680263 -7.0867780976621964
p 1.2239502982190509 -0.97460057988560411 -7.7182997215437403
p 1.4296873013107816 -0.90297773942638082 -8.341809697049996
p 1.6457077529376312 -0.76358463940437382 -8.9498571938857836
p 1.8609680412958849 -0.5086590731209456 -9.5172002117221233
p 2 -2.2204460492503131e-16 -9.8663097511737874
L open 0 1
p 2 -2.4492935982947064e-16 -9.8663097511737874
p 1.8608416293578167 0.50887298557056182 -9.5168769638332673
p 1.6454317088868231 0.76381798566403225 -8.9491065567871342
p 1.4294402999623721 0.90309523240737533 -8.3410890755330271
p 1.2237408464735078 0.97464873167086985 -7.7176392853135614
p 1.0316772502731535 0.99949819316054034 -7.0861717623363187
p 0.85471415731477951 0.98938973346861359 -6.4498586477442563
p 0.69361886436812736 0.95190892374210834 -5.8103219348176438
p 0.54885288072964933 0.89244958204082847 -5.1685381002205304
p 0.42070670575611135 0.81511918004196415 -4.5251133806069941
p 0.30937784986167871 0.7232157699082733 -3.8804702355075302
p 0.21500341599230668 0.61950009170424225 -3.2349116813875751
p 0.13768030558973582 0.50636423852358792 -2.5886638471131449
p 0.077477947696224292 0.38594439148290044 -1.9419086903312004
p 0.034444756615238853 0.26019814033830618 -1.2947958798232018
p 0.0086126717218846724 0.13096245570281134 -0.64745366011020811
p 0 6.1232339957367673e-17 0
L open 0 1
p 0 1.1102230246251565e-16 0
p 0.0086141545176510459 -0.13097378481446675 0.64750972575026933
p 0.034449668853212344 -0.26021629085186582 1.294887991269793
p 0.077489053052024998 -0.38597095851625701 1.9420479507023987
p 0.13770119283220786 -0.50639982604402467 2.5888602022364782
p 0.21503652989740474 -0.619542001740502 3.2351607317672997
p 0.30942418705514535 -0.72326007056262875 3.8807608863639995
p 0.42077109233592769 -0.81516492833150966 4.5254596371715774
p 0.5489407879078072 -0.89249404583772174 5.1689519961804749
p 0.69373565309445406 -0.95194650210960197 5.8108110731917417
p 0.85486182007314326 -0.98941140717131593 6.4504157706399683
p 1.0318538106167685 -0.99949254773645435 7.0867780977007628
p 1.2239502982314685 -0.97460057988276172 7.7182997215829561
p 1.4296873013259819 -0.90297773941914594 8.3418096970943445
p 1.6457077529563611 -0.76358463938853305 8.9498571939366904
p 1.8609680413088867 -0.50865907309889968 9.5172002117553696
p 2 -4.4408920985006262e-16 9.8663097511737874
L open 0 1
p 2 -1.1331077795295959e-15 9.8663097511737874
p 1.8608416293574119 0.50887298557124694 9.5168769638322317
p 1.6454317088894868 0.76381798566178305 8.9491065567943533
p 1.4294402999668376 0.90309523240525813 8.3410890755460763
p 1.2237408464780082 0.97464873166983601 7.7176392853277536
p 1.0316772502765537 0.99949819316043409 7.0861717623479947
p 0.85471415731720435 0.98938973346896741 6.4498586477534037
p 0.69361886436972953 0.95190892374262581 5.8103219348243549
p 0.54885288073054317 0.89244958204128055 5.168538100224743
p 0.42070670575658992 0.8151191800423031 4.5251133806095671
p 0.30937784986184819 0.72321576990844028 3.8804702355086165
p 0.21500341599226572 0.61950009170419018 3.2349116813872665
p 0.13768030558976307 0.5063642385236341 2.5886638471134167
p 0.077477947696284147 0.38594439148304566 1.9419086903319414
p 0.034444756615303843 0.26019814033854599 1.2947958798244168
p 0.0086126717218995685 0.13096245570293133 0.6474536601108013
p 0 6.1232339957367574e-17 0
