case bulge_disc_r125_fuse
plane 0.0 0.0 0.0 0.0 0.0 1.0 1.0 0.0 0.0
wire S 4 0.0 0.0 0.0 L 10.0 0.0 0.0 B 2 3 10.0 0.0 0.0 12.0 3.0 0.0 10.0 6.0 0.0 2 0.0 1.0 3 3 10.0 6.0 0.0 L 0.0 6.0 0.0 L
prism 0.0 0.0 5.0
boolean fuse
plane 11.0 2.0 -1.0 0.0 0.0 1.0 0.9230769230769231 0.38461538461538464 -0.0
wire C 11.0 2.0 -1.0 1.5
prism 0.0 0.0 7.0
end
case bulge_disc_r125_cut
plane 0.0 0.0 0.0 0.0 0.0 1.0 1.0 0.0 0.0
wire S 4 0.0 0.0 0.0 L 10.0 0.0 0.0 B 2 3 10.0 0.0 0.0 12.0 3.0 0.0 10.0 6.0 0.0 2 0.0 1.0 3 3 10.0 6.0 0.0 L 0.0 6.0 0.0 L
prism 0.0 0.0 5.0
boolean cut
plane 11.0 2.0 -1.0 0.0 0.0 1.0 0.9230769230769231 0.38461538461538464 -0.0
wire C 11.0 2.0 -1.0 1.5
prism 0.0 0.0 7.0
end
case bulge_disc_r125_common
plane 0.0 0.0 0.0 0.0 0.0 1.0 1.0 0.0 0.0
wire S 4 0.0 0.0 0.0 L 10.0 0.0 0.0 B 2 3 10.0 0.0 0.0 12.0 3.0 0.0 10.0 6.0 0.0 2 0.0 1.0 3 3 10.0 6.0 0.0 L 0.0 6.0 0.0 L
prism 0.0 0.0 5.0
boolean common
plane 11.0 2.0 -1.0 0.0 0.0 1.0 0.9230769230769231 0.38461538461538464 -0.0
wire C 11.0 2.0 -1.0 1.5
prism 0.0 0.0 7.0
end
case dome_stadium_tilt2_fuse
plane 0.0 0.0 0.0 0.0 0.6 0.8 1.0 -0.0 0.0
wire S 2 0.0 0.0 0.0 L 4.0 0.0 0.0 B 2 3 4.0 0.0 0.0 2.0 3.2 -2.4 0.0 0.0 0.0 2 0.0 1.0 3 3
prism 0.0 3.0 4.0
boolean fuse
plane 2.0 0.6 -0.7 0.0 0.6 0.8 0.0 -0.8 0.6
wire S 4 0.8 0.12 -0.3400000000000001 L 3.2 0.12 -0.3400000000000001 A 3.2 0.6 -0.7 0.6 1 3.2 1.08 -1.0599999999999998 L 0.8 1.08 -1.0599999999999998 A 0.8 0.6 -0.7 0.6 1
prism 0.0 1.7999999999999998 2.4000000000000004
end
case dome_stadium_tilt2_cut
plane 0.0 0.0 0.0 0.0 0.6 0.8 1.0 -0.0 0.0
wire S 2 0.0 0.0 0.0 L 4.0 0.0 0.0 B 2 3 4.0 0.0 0.0 2.0 3.2 -2.4 0.0 0.0 0.0 2 0.0 1.0 3 3
prism 0.0 3.0 4.0
boolean cut
plane 2.0 0.6 -0.7 0.0 0.6 0.8 0.0 -0.8 0.6
wire S 4 0.8 0.12 -0.3400000000000001 L 3.2 0.12 -0.3400000000000001 A 3.2 0.6 -0.7 0.6 1 3.2 1.08 -1.0599999999999998 L 0.8 1.08 -1.0599999999999998 A 0.8 0.6 -0.7 0.6 1
prism 0.0 1.7999999999999998 2.4000000000000004
end
case dome_stadium_tilt2_common
plane 0.0 0.0 0.0 0.0 0.6 0.8 1.0 -0.0 0.0
wire S 2 0.0 0.0 0.0 L 4.0 0.0 0.0 B 2 3 4.0 0.0 0.0 2.0 3.2 -2.4 0.0 0.0 0.0 2 0.0 1.0 3 3
prism 0.0 3.0 4.0
boolean common
plane 2.0 0.6 -0.7 0.0 0.6 0.8 0.0 -0.8 0.6
wire S 4 0.8 0.12 -0.3400000000000001 L 3.2 0.12 -0.3400000000000001 A 3.2 0.6 -0.7 0.6 1 3.2 1.08 -1.0599999999999998 L 0.8 1.08 -1.0599999999999998 A 0.8 0.6 -0.7 0.6 1
prism 0.0 1.7999999999999998 2.4000000000000004
end
case blob_ring_turn_fuse
plane 0.0 0.0 0.0 0.0 0.0 1.0 1.0 0.0 0.0
wire S 4 4.0 0.0 0.0 B 3 4 4.0 0.0 0.0 6.5 0.0 0.0 8.0 1.5 0.0 8.0 4.0 0.0 2 0.0 1.0 4 4 8.0 4.0 0.0 B 3 4 8.0 4.0 0.0 8.0 6.5 0.0 6.5 8.0 0.0 4.0 8.0 0.0 2 0.0 1.0 4 4 4.0 8.0 0.0 B 3 4 4.0 8.0 0.0 1.5 8.0 0.0 0.0 6.5 0.0 0.0 4.0 0.0 2 0.0 1.0 4 4 0.0 4.0 0.0 B 3 4 0.0 4.0 0.0 0.0 1.5 0.0 1.5 0.0 0.0 4.0 0.0 0.0 2 0.0 1.0 4 4
prism 0.0 0.0 5.0
boolean fuse
plane 7.5 3.25 1.0 0.0 0.0 1.0 0.0 1.0 -0.0
wire P 4 10.5 0.25 1.0 10.5 6.25 1.0 4.5 6.25 1.0 4.5 0.25 1.0
wire C 7.5 3.25 1.0 1.75
prism 0.0 0.0 3.0
end
case blob_ring_turn_cut
plane 0.0 0.0 0.0 0.0 0.0 1.0 1.0 0.0 0.0
wire S 4 4.0 0.0 0.0 B 3 4 4.0 0.0 0.0 6.5 0.0 0.0 8.0 1.5 0.0 8.0 4.0 0.0 2 0.0 1.0 4 4 8.0 4.0 0.0 B 3 4 8.0 4.0 0.0 8.0 6.5 0.0 6.5 8.0 0.0 4.0 8.0 0.0 2 0.0 1.0 4 4 4.0 8.0 0.0 B 3 4 4.0 8.0 0.0 1.5 8.0 0.0 0.0 6.5 0.0 0.0 4.0 0.0 2 0.0 1.0 4 4 0.0 4.0 0.0 B 3 4 0.0 4.0 0.0 0.0 1.5 0.0 1.5 0.0 0.0 4.0 0.0 0.0 2 0.0 1.0 4 4
prism 0.0 0.0 5.0
boolean cut
plane 7.5 3.25 1.0 0.0 0.0 1.0 0.0 1.0 -0.0
wire P 4 10.5 0.25 1.0 10.5 6.25 1.0 4.5 6.25 1.0 4.5 0.25 1.0
wire C 7.5 3.25 1.0 1.75
prism 0.0 0.0 3.0
end
case blob_ring_turn_common
plane 0.0 0.0 0.0 0.0 0.0 1.0 1.0 0.0 0.0
wire S 4 4.0 0.0 0.0 B 3 4 4.0 0.0 0.0 6.5 0.0 0.0 8.0 1.5 0.0 8.0 4.0 0.0 2 0.0 1.0 4 4 8.0 4.0 0.0 B 3 4 8.0 4.0 0.0 8.0 6.5 0.0 6.5 8.0 0.0 4.0 8.0 0.0 2 0.0 1.0 4 4 4.0 8.0 0.0 B 3 4 4.0 8.0 0.0 1.5 8.0 0.0 0.0 6.5 0.0 0.0 4.0 0.0 2 0.0 1.0 4 4 0.0 4.0 0.0 B 3 4 0.0 4.0 0.0 0.0 1.5 0.0 1.5 0.0 0.0 4.0 0.0 0.0 2 0.0 1.0 4 4
prism 0.0 0.0 5.0
boolean common
plane 7.5 3.25 1.0 0.0 0.0 1.0 0.0 1.0 -0.0
wire P 4 10.5 0.25 1.0 10.5 6.25 1.0 4.5 6.25 1.0 4.5 0.25 1.0
wire C 7.5 3.25 1.0 1.75
prism 0.0 0.0 3.0
end
case lens_disc_flip_fuse
plane 0.0 0.0 0.0 0.0 0.0 1.0 1.0 0.0 0.0
wire P 4 0.0 0.0 0.0 10.0 0.0 0.0 10.0 10.0 0.0 0.0 10.0 0.0
wire S 2 3.0 5.0 0.0 B 3 4 3.0 5.0 0.0 4.0 2.0 0.0 6.0 2.0 0.0 7.0 5.0 0.0 2 0.0 1.0 4 4 7.0 5.0 0.0 B 3 4 7.0 5.0 0.0 6.0 8.0 0.0 4.0 8.0 0.0 3.0 5.0 0.0 2 0.0 1.0 4 4
prism 0.0 0.0 4.0
boolean fuse
plane 6.5 6.0 -1.0 0.0 0.0 1.0 -1.0 0.0 0.0
wire C 6.5 6.0 -1.0 1.25
prism 0.0 0.0 6.0
end
case lens_disc_flip_cut
plane 0.0 0.0 0.0 0.0 0.0 1.0 1.0 0.0 0.0
wire P 4 0.0 0.0 0.0 10.0 0.0 0.0 10.0 10.0 0.0 0.0 10.0 0.0
wire S 2 3.0 5.0 0.0 B 3 4 3.0 5.0 0.0 4.0 2.0 0.0 6.0 2.0 0.0 7.0 5.0 0.0 2 0.0 1.0 4 4 7.0 5.0 0.0 B 3 4 7.0 5.0 0.0 6.0 8.0 0.0 4.0 8.0 0.0 3.0 5.0 0.0 2 0.0 1.0 4 4
prism 0.0 0.0 4.0
boolean cut
plane 6.5 6.0 -1.0 0.0 0.0 1.0 -1.0 0.0 0.0
wire C 6.5 6.0 -1.0 1.25
prism 0.0 0.0 6.0
end
case lens_disc_flip_common
plane 0.0 0.0 0.0 0.0 0.0 1.0 1.0 0.0 0.0
wire P 4 0.0 0.0 0.0 10.0 0.0 0.0 10.0 10.0 0.0 0.0 10.0 0.0
wire S 2 3.0 5.0 0.0 B 3 4 3.0 5.0 0.0 4.0 2.0 0.0 6.0 2.0 0.0 7.0 5.0 0.0 2 0.0 1.0 4 4 7.0 5.0 0.0 B 3 4 7.0 5.0 0.0 6.0 8.0 0.0 4.0 8.0 0.0 3.0 5.0 0.0 2 0.0 1.0 4 4
prism 0.0 0.0 4.0
boolean common
plane 6.5 6.0 -1.0 0.0 0.0 1.0 -1.0 0.0 0.0
wire C 6.5 6.0 -1.0 1.25
prism 0.0 0.0 6.0
end
case capsule_disc_turn_fuse
plane 0.0 0.0 0.0 0.0 0.0 1.0 1.0 0.0 0.0
wire S 4 0.0 -1.0 0.0 L 3.0 -1.0 0.0 A 3.0 0.0 0.0 1.0 1 3.0 1.0 0.0 L 0.0 1.0 0.0 B 3 6 0.0 1.0 0.0 -1.0 1.0 0.0 -1.5 0.5 0.0 -1.5 -0.5 0.0 -1.0 -1.0 0.0 0.0 -1.0 0.0 3 0.0 1.0 2.0 4 2 4
prism 0.0 0.0 2.0
boolean fuse
plane -0.75 0.5 0.5 0.0 0.0 1.0 0.0 1.0 -0.0
wire C -0.75 0.5 0.5 0.75
prism 0.0 0.0 1.0
end
case capsule_disc_turn_cut
plane 0.0 0.0 0.0 0.0 0.0 1.0 1.0 0.0 0.0
wire S 4 0.0 -1.0 0.0 L 3.0 -1.0 0.0 A 3.0 0.0 0.0 1.0 1 3.0 1.0 0.0 L 0.0 1.0 0.0 B 3 6 0.0 1.0 0.0 -1.0 1.0 0.0 -1.5 0.5 0.0 -1.5 -0.5 0.0 -1.0 -1.0 0.0 0.0 -1.0 0.0 3 0.0 1.0 2.0 4 2 4
prism 0.0 0.0 2.0
boolean cut
plane -0.75 0.5 0.5 0.0 0.0 1.0 0.0 1.0 -0.0
wire C -0.75 0.5 0.5 0.75
prism 0.0 0.0 1.0
end
case capsule_disc_turn_common
plane 0.0 0.0 0.0 0.0 0.0 1.0 1.0 0.0 0.0
wire S 4 0.0 -1.0 0.0 L 3.0 -1.0 0.0 A 3.0 0.0 0.0 1.0 1 3.0 1.0 0.0 L 0.0 1.0 0.0 B 3 6 0.0 1.0 0.0 -1.0 1.0 0.0 -1.5 0.5 0.0 -1.5 -0.5 0.0 -1.0 -1.0 0.0 0.0 -1.0 0.0 3 0.0 1.0 2.0 4 2 4
prism 0.0 0.0 2.0
boolean common
plane -0.75 0.5 0.5 0.0 0.0 1.0 0.0 1.0 -0.0
wire C -0.75 0.5 0.5 0.75
prism 0.0 0.0 1.0
end
case bulge_dome_turn_fuse
plane 0.0 0.0 0.0 0.0 0.0 1.0 1.0 0.0 0.0
wire S 4 0.0 0.0 0.0 L 10.0 0.0 0.0 B 2 3 10.0 0.0 0.0 12.0 3.0 0.0 10.0 6.0 0.0 2 0.0 1.0 3 3 10.0 6.0 0.0 L 0.0 6.0 0.0 L
prism 0.0 0.0 5.0
boolean fuse
plane 12.5 1.0 -1.0 0.0 0.0 1.0 0.0 1.0 -0.0
wire S 2 12.5 1.0 -1.0 L 12.5 5.0 -1.0 B 2 3 12.5 5.0 -1.0 8.5 3.0 -1.0 12.5 1.0 -1.0 2 0.0 1.0 3 3
prism 0.0 0.0 7.0
end
case bulge_dome_turn_cut
plane 0.0 0.0 0.0 0.0 0.0 1.0 1.0 0.0 0.0
wire S 4 0.0 0.0 0.0 L 10.0 0.0 0.0 B 2 3 10.0 0.0 0.0 12.0 3.0 0.0 10.0 6.0 0.0 2 0.0 1.0 3 3 10.0 6.0 0.0 L 0.0 6.0 0.0 L
prism 0.0 0.0 5.0
boolean cut
plane 12.5 1.0 -1.0 0.0 0.0 1.0 0.0 1.0 -0.0
wire S 2 12.5 1.0 -1.0 L 12.5 5.0 -1.0 B 2 3 12.5 5.0 -1.0 8.5 3.0 -1.0 12.5 1.0 -1.0 2 0.0 1.0 3 3
prism 0.0 0.0 7.0
end
case bulge_dome_turn_common
plane 0.0 0.0 0.0 0.0 0.0 1.0 1.0 0.0 0.0
wire S 4 0.0 0.0 0.0 L 10.0 0.0 0.0 B 2 3 10.0 0.0 0.0 12.0 3.0 0.0 10.0 6.0 0.0 2 0.0 1.0 3 3 10.0 6.0 0.0 L 0.0 6.0 0.0 L
prism 0.0 0.0 5.0
boolean common
plane 12.5 1.0 -1.0 0.0 0.0 1.0 0.0 1.0 -0.0
wire S 2 12.5 1.0 -1.0 L 12.5 5.0 -1.0 B 2 3 12.5 5.0 -1.0 8.5 3.0 -1.0 12.5 1.0 -1.0 2 0.0 1.0 3 3
prism 0.0 0.0 7.0
end
case blob_lens_r125_fuse
plane 0.0 0.0 0.0 0.0 0.0 1.0 1.0 0.0 0.0
wire S 4 4.0 0.0 0.0 B 3 4 4.0 0.0 0.0 6.5 0.0 0.0 8.0 1.5 0.0 8.0 4.0 0.0 2 0.0 1.0 4 4 8.0 4.0 0.0 B 3 4 8.0 4.0 0.0 8.0 6.5 0.0 6.5 8.0 0.0 4.0 8.0 0.0 2 0.0 1.0 4 4 4.0 8.0 0.0 B 3 4 4.0 8.0 0.0 1.5 8.0 0.0 0.0 6.5 0.0 0.0 4.0 0.0 2 0.0 1.0 4 4 0.0 4.0 0.0 B 3 4 0.0 4.0 0.0 0.0 1.5 0.0 1.5 0.0 0.0 4.0 0.0 0.0 2 0.0 1.0 4 4
prism 0.0 0.0 5.0
boolean fuse
plane 5.25 -2.5 1.0 0.0 0.0 1.0 0.9230769230769231 0.38461538461538464 -0.0
wire S 2 6.096153846153847 3.26923076923077 1.0 B 3 4 6.096153846153847 3.26923076923077 1.0 8.173076923076923 0.8846153846153848 1.0 10.019230769230768 1.6538461538461542 1.0 9.788461538461538 4.807692307692308 1.0 2 0.0 1.0 4 4 9.788461538461538 4.807692307692308 1.0 B 3 4 9.788461538461538 4.807692307692308 1.0 7.711538461538462 7.192307692307693 1.0 5.865384615384617 6.423076923076923 1.0 6.096153846153847 3.26923076923077 1.0 2 0.0 1.0 4 4
prism 0.0 0.0 3.0
end
case blob_lens_r125_cut
plane 0.0 0.0 0.0 0.0 0.0 1.0 1.0 0.0 0.0
wire S 4 4.0 0.0 0.0 B 3 4 4.0 0.0 0.0 6.5 0.0 0.0 8.0 1.5 0.0 8.0 4.0 0.0 2 0.0 1.0 4 4 8.0 4.0 0.0 B 3 4 8.0 4.0 0.0 8.0 6.5 0.0 6.5 8.0 0.0 4.0 8.0 0.0 2 0.0 1.0 4 4 4.0 8.0 0.0 B 3 4 4.0 8.0 0.0 1.5 8.0 0.0 0.0 6.5 0.0 0.0 4.0 0.0 2 0.0 1.0 4 4 0.0 4.0 0.0 B 3 4 0.0 4.0 0.0 0.0 1.5 0.0 1.5 0.0 0.0 4.0 0.0 0.0 2 0.0 1.0 4 4
prism 0.0 0.0 5.0
boolean cut
plane 5.25 -2.5 1.0 0.0 0.0 1.0 0.9230769230769231 0.38461538461538464 -0.0
wire S 2 6.096153846153847 3.26923076923077 1.0 B 3 4 6.096153846153847 3.26923076923077 1.0 8.173076923076923 0.8846153846153848 1.0 10.019230769230768 1.6538461538461542 1.0 9.788461538461538 4.807692307692308 1.0 2 0.0 1.0 4 4 9.788461538461538 4.807692307692308 1.0 B 3 4 9.788461538461538 4.807692307692308 1.0 7.711538461538462 7.192307692307693 1.0 5.865384615384617 6.423076923076923 1.0 6.096153846153847 3.26923076923077 1.0 2 0.0 1.0 4 4
prism 0.0 0.0 3.0
end
case blob_lens_r125_common
plane 0.0 0.0 0.0 0.0 0.0 1.0 1.0 0.0 0.0
wire S 4 4.0 0.0 0.0 B 3 4 4.0 0.0 0.0 6.5 0.0 0.0 8.0 1.5 0.0 8.0 4.0 0.0 2 0.0 1.0 4 4 8.0 4.0 0.0 B 3 4 8.0 4.0 0.0 8.0 6.5 0.0 6.5 8.0 0.0 4.0 8.0 0.0 2 0.0 1.0 4 4 4.0 8.0 0.0 B 3 4 4.0 8.0 0.0 1.5 8.0 0.0 0.0 6.5 0.0 0.0 4.0 0.0 2 0.0 1.0 4 4 0.0 4.0 0.0 B 3 4 0.0 4.0 0.0 0.0 1.5 0.0 1.5 0.0 0.0 4.0 0.0 0.0 2 0.0 1.0 4 4
prism 0.0 0.0 5.0
boolean common
plane 5.25 -2.5 1.0 0.0 0.0 1.0 0.9230769230769231 0.38461538461538464 -0.0
wire S 2 6.096153846153847 3.26923076923077 1.0 B 3 4 6.096153846153847 3.26923076923077 1.0 8.173076923076923 0.8846153846153848 1.0 10.019230769230768 1.6538461538461542 1.0 9.788461538461538 4.807692307692308 1.0 2 0.0 1.0 4 4 9.788461538461538 4.807692307692308 1.0 B 3 4 9.788461538461538 4.807692307692308 1.0 7.711538461538462 7.192307692307693 1.0 5.865384615384617 6.423076923076923 1.0 6.096153846153847 3.26923076923077 1.0 2 0.0 1.0 4 4
prism 0.0 0.0 3.0
end
case wave_wave_flip_fuse
plane 0.0 0.0 0.0 0.0 0.0 1.0 1.0 0.0 0.0
wire S 4 0.0 0.0 0.0 L 10.0 0.0 0.0 L 10.0 6.0 0.0 B 2 5 10.0 6.0 0.0 8.0 8.0 0.0 5.0 5.0 0.0 2.0 8.0 0.0 0.0 6.0 0.0 4 0.0 1.0 2.0 3.0 3 1 1 3 0.0 6.0 0.0 L
prism 0.0 0.0 5.0
boolean fuse
plane 10.0 12.5 1.0 0.0 0.0 1.0 -1.0 0.0 0.0
wire S 4 10.0 12.5 1.0 L 0.0 12.5 1.0 L 0.0 6.5 1.0 B 2 5 0.0 6.5 1.0 2.0 4.5 1.0 5.0 7.5 1.0 8.0 4.5 1.0 10.0 6.5 1.0 4 0.0 1.0 2.0 3.0 3 1 1 3 10.0 6.5 1.0 L
prism 0.0 0.0 3.0
end
case wave_wave_flip_cut
plane 0.0 0.0 0.0 0.0 0.0 1.0 1.0 0.0 0.0
wire S 4 0.0 0.0 0.0 L 10.0 0.0 0.0 L 10.0 6.0 0.0 B 2 5 10.0 6.0 0.0 8.0 8.0 0.0 5.0 5.0 0.0 2.0 8.0 0.0 0.0 6.0 0.0 4 0.0 1.0 2.0 3.0 3 1 1 3 0.0 6.0 0.0 L
prism 0.0 0.0 5.0
boolean cut
plane 10.0 12.5 1.0 0.0 0.0 1.0 -1.0 0.0 0.0
wire S 4 10.0 12.5 1.0 L 0.0 12.5 1.0 L 0.0 6.5 1.0 B 2 5 0.0 6.5 1.0 2.0 4.5 1.0 5.0 7.5 1.0 8.0 4.5 1.0 10.0 6.5 1.0 4 0.0 1.0 2.0 3.0 3 1 1 3 10.0 6.5 1.0 L
prism 0.0 0.0 3.0
end
case wave_wave_flip_common
plane 0.0 0.0 0.0 0.0 0.0 1.0 1.0 0.0 0.0
wire S 4 0.0 0.0 0.0 L 10.0 0.0 0.0 L 10.0 6.0 0.0 B 2 5 10.0 6.0 0.0 8.0 8.0 0.0 5.0 5.0 0.0 2.0 8.0 0.0 0.0 6.0 0.0 4 0.0 1.0 2.0 3.0 3 1 1 3 0.0 6.0 0.0 L
prism 0.0 0.0 5.0
boolean common
plane 10.0 12.5 1.0 0.0 0.0 1.0 -1.0 0.0 0.0
wire S 4 10.0 12.5 1.0 L 0.0 12.5 1.0 L 0.0 6.5 1.0 B 2 5 0.0 6.5 1.0 2.0 4.5 1.0 5.0 7.5 1.0 8.0 4.5 1.0 10.0 6.5 1.0 4 0.0 1.0 2.0 3.0 3 1 1 3 10.0 6.5 1.0 L
prism 0.0 0.0 3.0
end
case dome_dome_tilt2_fuse
plane 0.0 0.0 0.0 0.0 0.6 0.8 1.0 -0.0 0.0
wire S 2 0.0 0.0 0.0 L 4.0 0.0 0.0 B 2 3 4.0 0.0 0.0 2.0 3.2 -2.4 0.0 0.0 0.0 2 0.0 1.0 3 3
prism 0.0 3.0 4.0
boolean fuse
plane 3.0 -0.19999999999999996 -1.6 0.0 0.6 0.8 0.0 -0.8 0.6
wire S 2 3.0 -0.19999999999999996 -1.6 L 3.0 -3.4000000000000004 0.7999999999999998 B 2 3 3.0 -3.4000000000000004 0.7999999999999998 7.0 -1.8000000000000003 -0.40000000000000013 3.0 -0.19999999999999996 -1.6 2 0.0 1.0 3 3
prism 0.0 4.2 5.6000000000000005
end
case dome_dome_tilt2_cut
plane 0.0 0.0 0.0 0.0 0.6 0.8 1.0 -0.0 0.0
wire S 2 0.0 0.0 0.0 L 4.0 0.0 0.0 B 2 3 4.0 0.0 0.0 2.0 3.2 -2.4 0.0 0.0 0.0 2 0.0 1.0 3 3
prism 0.0 3.0 4.0
boolean cut
plane 3.0 -0.19999999999999996 -1.6 0.0 0.6 0.8 0.0 -0.8 0.6
wire S 2 3.0 -0.19999999999999996 -1.6 L 3.0 -3.4000000000000004 0.7999999999999998 B 2 3 3.0 -3.4000000000000004 0.7999999999999998 7.0 -1.8000000000000003 -0.40000000000000013 3.0 -0.19999999999999996 -1.6 2 0.0 1.0 3 3
prism 0.0 4.2 5.6000000000000005
end
case dome_dome_tilt2_common
plane 0.0 0.0 0.0 0.0 0.6 0.8 1.0 -0.0 0.0
wire S 2 0.0 0.0 0.0 L 4.0 0.0 0.0 B 2 3 4.0 0.0 0.0 2.0 3.2 -2.4 0.0 0.0 0.0 2 0.0 1.0 3 3
prism 0.0 3.0 4.0
boolean common
plane 3.0 -0.19999999999999996 -1.6 0.0 0.6 0.8 0.0 -0.8 0.6
wire S 2 3.0 -0.19999999999999996 -1.6 L 3.0 -3.4000000000000004 0.7999999999999998 B 2 3 3.0 -3.4000000000000004 0.7999999999999998 7.0 -1.8000000000000003 -0.40000000000000013 3.0 -0.19999999999999996 -1.6 2 0.0 1.0 3 3
prism 0.0 4.2 5.6000000000000005
end
case hump_lens_turn_fuse
plane 0.0 0.0 0.0 0.0 0.0 1.0 1.0 0.0 0.0
wire S 2 0.0 0.0 0.0 L 8.0 0.0 0.0 B 4 5 8.0 0.0 0.0 6.0 6.0 0.0 4.0 1.0 0.0 2.0 5.0 0.0 0.0 0.0 0.0 2 0.0 1.0 5 5
prism 0.0 0.0 3.0
boolean fuse
plane 9.0 -2.5 -1.0 0.0 0.0 1.0 0.0 1.0 -0.0
wire S 2 4.0 0.5 -1.0 B 3 4 4.0 0.5 -1.0 7.0 1.5 -1.0 7.0 3.5 -1.0 4.0 4.5 -1.0 2 0.0 1.0 4 4 4.0 4.5 -1.0 B 3 4 4.0 4.5 -1.0 1.0 3.5 -1.0 1.0 1.5 -1.0 4.0 0.5 -1.0 2 0.0 1.0 4 4
prism 0.0 0.0 5.0
end
case hump_lens_turn_cut
plane 0.0 0.0 0.0 0.0 0.0 1.0 1.0 0.0 0.0
wire S 2 0.0 0.0 0.0 L 8.0 0.0 0.0 B 4 5 8.0 0.0 0.0 6.0 6.0 0.0 4.0 1.0 0.0 2.0 5.0 0.0 0.0 0.0 0.0 2 0.0 1.0 5 5
prism 0.0 0.0 3.0
boolean cut
plane 9.0 -2.5 -1.0 0.0 0.0 1.0 0.0 1.0 -0.0
wire S 2 4.0 0.5 -1.0 B 3 4 4.0 0.5 -1.0 7.0 1.5 -1.0 7.0 3.5 -1.0 4.0 4.5 -1.0 2 0.0 1.0 4 4 4.0 4.5 -1.0 B 3 4 4.0 4.5 -1.0 1.0 3.5 -1.0 1.0 1.5 -1.0 4.0 0.5 -1.0 2 0.0 1.0 4 4
prism 0.0 0.0 5.0
end
case hump_lens_turn_common
plane 0.0 0.0 0.0 0.0 0.0 1.0 1.0 0.0 0.0
wire S 2 0.0 0.0 0.0 L 8.0 0.0 0.0 B 4 5 8.0 0.0 0.0 6.0 6.0 0.0 4.0 1.0 0.0 2.0 5.0 0.0 0.0 0.0 0.0 2 0.0 1.0 5 5
prism 0.0 0.0 3.0
boolean common
plane 9.0 -2.5 -1.0 0.0 0.0 1.0 0.0 1.0 -0.0
wire S 2 4.0 0.5 -1.0 B 3 4 4.0 0.5 -1.0 7.0 1.5 -1.0 7.0 3.5 -1.0 4.0 4.5 -1.0 2 0.0 1.0 4 4 4.0 4.5 -1.0 B 3 4 4.0 4.5 -1.0 1.0 3.5 -1.0 1.0 1.5 -1.0 4.0 0.5 -1.0 2 0.0 1.0 4 4
prism 0.0 0.0 5.0
end
case capsule_capsule_turn_fuse
plane 0.0 0.0 0.0 0.0 0.0 1.0 1.0 0.0 0.0
wire S 4 0.0 -1.0 0.0 L 3.0 -1.0 0.0 A 3.0 0.0 0.0 1.0 1 3.0 1.0 0.0 L 0.0 1.0 0.0 B 3 6 0.0 1.0 0.0 -1.0 1.0 0.0 -1.5 0.5 0.0 -1.5 -0.5 0.0 -1.0 -1.0 0.0 0.0 -1.0 0.0 3 0.0 1.0 2.0 4 2 4
prism 0.0 0.0 2.0
boolean fuse
plane 0.25 -0.5 0.5 0.0 0.0 1.0 0.0 1.0 -0.0
wire S 4 1.25 -0.5 0.5 L 1.25 2.5 0.5 A 0.25 2.5 0.5 1.0 1 -0.75 2.5 0.5 L -0.75 -0.5 0.5 B 3 6 -0.75 -0.5 0.5 -0.75 -1.5 0.5 -0.25 -2.0 0.5 0.75 -2.0 0.5 1.25 -1.5 0.5 1.25 -0.5 0.5 3 0.0 1.0 2.0 4 2 4
prism 0.0 0.0 1.0
end
case capsule_capsule_turn_cut
plane 0.0 0.0 0.0 0.0 0.0 1.0 1.0 0.0 0.0
wire S 4 0.0 -1.0 0.0 L 3.0 -1.0 0.0 A 3.0 0.0 0.0 1.0 1 3.0 1.0 0.0 L 0.0 1.0 0.0 B 3 6 0.0 1.0 0.0 -1.0 1.0 0.0 -1.5 0.5 0.0 -1.5 -0.5 0.0 -1.0 -1.0 0.0 0.0 -1.0 0.0 3 0.0 1.0 2.0 4 2 4
prism 0.0 0.0 2.0
boolean cut
plane 0.25 -0.5 0.5 0.0 0.0 1.0 0.0 1.0 -0.0
wire S 4 1.25 -0.5 0.5 L 1.25 2.5 0.5 A 0.25 2.5 0.5 1.0 1 -0.75 2.5 0.5 L -0.75 -0.5 0.5 B 3 6 -0.75 -0.5 0.5 -0.75 -1.5 0.5 -0.25 -2.0 0.5 0.75 -2.0 0.5 1.25 -1.5 0.5 1.25 -0.5 0.5 3 0.0 1.0 2.0 4 2 4
prism 0.0 0.0 1.0
end
case capsule_capsule_turn_common
plane 0.0 0.0 0.0 0.0 0.0 1.0 1.0 0.0 0.0
wire S 4 0.0 -1.0 0.0 L 3.0 -1.0 0.0 A 3.0 0.0 0.0 1.0 1 3.0 1.0 0.0 L 0.0 1.0 0.0 B 3 6 0.0 1.0 0.0 -1.0 1.0 0.0 -1.5 0.5 0.0 -1.5 -0.5 0.0 -1.0 -1.0 0.0 0.0 -1.0 0.0 3 0.0 1.0 2.0 4 2 4
prism 0.0 0.0 2.0
boolean common
plane 0.25 -0.5 0.5 0.0 0.0 1.0 0.0 1.0 -0.0
wire S 4 1.25 -0.5 0.5 L 1.25 2.5 0.5 A 0.25 2.5 0.5 1.0 1 -0.75 2.5 0.5 L -0.75 -0.5 0.5 B 3 6 -0.75 -0.5 0.5 -0.75 -1.5 0.5 -0.25 -2.0 0.5 0.75 -2.0 0.5 1.25 -1.5 0.5 1.25 -0.5 0.5 3 0.0 1.0 2.0 4 2 4
prism 0.0 0.0 1.0
end
case bulge_disc_offset_fuse
plane 1.0 -2.0 0.5 0.0 0.6 0.8 1.0 -0.0 0.0
wire S 4 1.0 -2.0 0.5 L 11.0 -2.0 0.5 B 2 3 11.0 -2.0 0.5 13.0 0.40000000000000036 -1.2999999999999998 11.0 2.8000000000000007 -3.0999999999999996 2 0.0 1.0 3 3 11.0 2.8000000000000007 -3.0999999999999996 L 1.0 2.8000000000000007 -3.0999999999999996 L
prism 0.0 3.0 4.0
boolean fuse
plane 12.1 -0.3 -0.7000000000000001 0.0 0.6 0.8 1.0 -0.0 0.0
wire C 12.1 -0.3 -0.7000000000000001 1.5
prism 0.0 2.4 3.2
end
case bulge_disc_offset_cut
plane 1.0 -2.0 0.5 0.0 0.6 0.8 1.0 -0.0 0.0
wire S 4 1.0 -2.0 0.5 L 11.0 -2.0 0.5 B 2 3 11.0 -2.0 0.5 13.0 0.40000000000000036 -1.2999999999999998 11.0 2.8000000000000007 -3.0999999999999996 2 0.0 1.0 3 3 11.0 2.8000000000000007 -3.0999999999999996 L 1.0 2.8000000000000007 -3.0999999999999996 L
prism 0.0 3.0 4.0
boolean cut
plane 12.1 -0.3 -0.7000000000000001 0.0 0.6 0.8 1.0 -0.0 0.0
wire C 12.1 -0.3 -0.7000000000000001 1.5
prism 0.0 2.4 3.2
end
case bulge_disc_offset_common
plane 1.0 -2.0 0.5 0.0 0.6 0.8 1.0 -0.0 0.0
wire S 4 1.0 -2.0 0.5 L 11.0 -2.0 0.5 B 2 3 11.0 -2.0 0.5 13.0 0.40000000000000036 -1.2999999999999998 11.0 2.8000000000000007 -3.0999999999999996 2 0.0 1.0 3 3 11.0 2.8000000000000007 -3.0999999999999996 L 1.0 2.8000000000000007 -3.0999999999999996 L
prism 0.0 3.0 4.0
boolean common
plane 12.1 -0.3 -0.7000000000000001 0.0 0.6 0.8 1.0 -0.0 0.0
wire C 12.1 -0.3 -0.7000000000000001 1.5
prism 0.0 2.4 3.2
end
case bulge_dome_offset_fuse
plane 1.0 -2.0 0.5 0.0 0.6 0.8 1.0 -0.0 0.0
wire S 4 1.0 -2.0 0.5 L 11.0 -2.0 0.5 B 2 3 11.0 -2.0 0.5 13.0 0.40000000000000036 -1.2999999999999998 11.0 2.8000000000000007 -3.0999999999999996 2 0.0 1.0 3 3 11.0 2.8000000000000007 -3.0999999999999996 L 1.0 2.8000000000000007 -3.0999999999999996 L
prism 0.0 3.0 4.0
boolean fuse
plane 10.6 0.1 -0.7 0.0 0.6 0.8 1.0 -0.0 0.0
wire S 2 10.6 0.1 -0.7 L 14.6 0.1 -0.7 B 2 3 14.6 0.1 -0.7 12.6 3.3000000000000003 -3.0999999999999996 10.6 0.1 -0.7 2 0.0 1.0 3 3
prism 0.0 2.4 3.2
end
case bulge_dome_offset_cut
plane 1.0 -2.0 0.5 0.0 0.6 0.8 1.0 -0.0 0.0
wire S 4 1.0 -2.0 0.5 L 11.0 -2.0 0.5 B 2 3 11.0 -2.0 0.5 13.0 0.40000000000000036 -1.2999999999999998 11.0 2.8000000000000007 -3.0999999999999996 2 0.0 1.0 3 3 11.0 2.8000000000000007 -3.0999999999999996 L 1.0 2.8000000000000007 -3.0999999999999996 L
prism 0.0 3.0 4.0
boolean cut
plane 10.6 0.1 -0.7 0.0 0.6 0.8 1.0 -0.0 0.0
wire S 2 10.6 0.1 -0.7 L 14.6 0.1 -0.7 B 2 3 14.6 0.1 -0.7 12.6 3.3000000000000003 -3.0999999999999996 10.6 0.1 -0.7 2 0.0 1.0 3 3
prism 0.0 2.4 3.2
end
case bulge_dome_offset_common
plane 1.0 -2.0 0.5 0.0 0.6 0.8 1.0 -0.0 0.0
wire S 4 1.0 -2.0 0.5 L 11.0 -2.0 0.5 B 2 3 11.0 -2.0 0.5 13.0 0.40000000000000036 -1.2999999999999998 11.0 2.8000000000000007 -3.0999999999999996 2 0.0 1.0 3 3 11.0 2.8000000000000007 -3.0999999999999996 L 1.0 2.8000000000000007 -3.0999999999999996 L
prism 0.0 3.0 4.0
boolean common
plane 10.6 0.1 -0.7 0.0 0.6 0.8 1.0 -0.0 0.0
wire S 2 10.6 0.1 -0.7 L 14.6 0.1 -0.7 B 2 3 14.6 0.1 -0.7 12.6 3.3000000000000003 -3.0999999999999996 10.6 0.1 -0.7 2 0.0 1.0 3 3
prism 0.0 2.4 3.2
end
case dome_disc_touch_fuse
plane 0.0 0.0 0.0 0.0 0.0 1.0 1.0 0.0 0.0
wire S 2 0.0 0.0 0.0 L 4.0 0.0 0.0 B 2 3 4.0 0.0 0.0 2.0 4.0 0.0 0.0 0.0 0.0 2 0.0 1.0 3 3
prism 0.0 0.0 5.0
boolean fuse
plane 2.0 4.0 -1.0 0.0 0.0 1.0 0.0 1.0 -0.0
wire C 2.0 4.0 -1.0 2.0
prism 0.0 0.0 7.0
end
case dome_disc_touch_common
plane 0.0 0.0 0.0 0.0 0.0 1.0 1.0 0.0 0.0
wire S 2 0.0 0.0 0.0 L 4.0 0.0 0.0 B 2 3 4.0 0.0 0.0 2.0 4.0 0.0 0.0 0.0 0.0 2 0.0 1.0 3 3
prism 0.0 0.0 5.0
boolean common
plane 2.0 4.0 -1.0 0.0 0.0 1.0 0.0 1.0 -0.0
wire C 2.0 4.0 -1.0 2.0
prism 0.0 0.0 7.0
end
case dome_flip_touch_fuse
plane 0.0 0.0 0.0 0.0 0.0 1.0 1.0 0.0 0.0
wire S 2 0.0 0.0 0.0 L 4.0 0.0 0.0 B 2 3 4.0 0.0 0.0 2.0 4.0 0.0 0.0 0.0 0.0 2 0.0 1.0 3 3
prism 0.0 0.0 5.0
boolean fuse
plane 4.0 4.0 1.0 0.0 0.0 1.0 -1.0 0.0 0.0
wire S 2 4.0 4.0 1.0 L 0.0 4.0 1.0 B 2 3 0.0 4.0 1.0 2.0 0.0 1.0 4.0 4.0 1.0 2 0.0 1.0 3 3
prism 0.0 0.0 3.0
end
case dome_flip_touch_cut
plane 0.0 0.0 0.0 0.0 0.0 1.0 1.0 0.0 0.0
wire S 2 0.0 0.0 0.0 L 4.0 0.0 0.0 B 2 3 4.0 0.0 0.0 2.0 4.0 0.0 0.0 0.0 0.0 2 0.0 1.0 3 3
prism 0.0 0.0 5.0
boolean cut
plane 4.0 4.0 1.0 0.0 0.0 1.0 -1.0 0.0 0.0
wire S 2 4.0 4.0 1.0 L 0.0 4.0 1.0 B 2 3 0.0 4.0 1.0 2.0 0.0 1.0 4.0 4.0 1.0 2 0.0 1.0 3 3
prism 0.0 0.0 3.0
end
