bulge_disc_r125_fuse done 1 1 0
S 354.56386760585133 329.16529874130174 5.9197496960372797 2.8961305486361937 2.4999999999999996 10 21 14 10 21 14 1
bulge_disc_r125_cut done 1 1 0
S 305.08378331181206 289.49231046684451 5.0958081199031655 3.0414696899161617 2.4999999999999996 8 18 12 8 18 12 1
bulge_disc_r125_common done 1 1 0
S 14.916216688187957 41.038835440692324 10.280862966433615 2.1518137503051178 2.5 4 6 4 4 6 4 1
dome_stadium_tilt2_fuse done 1 1 0
S 29.190244972469856 65.040237209844904 2.0000000000000009 2.075728385258758 1.3978031164321165 12 30 20 12 30 20 1
dome_stadium_tilt2_cut done 1 1 0
S 17.157324916798114 69.276836257635537 2 2.4795030809224414 2.027457983437027 10 24 16 10 24 16 1
dome_stadium_tilt2_common done 1 1 0
S 9.5093418623618557 28.936967128761967 2.0000000038729695 1.5274481845379473 0.60441386729153967 8 18 12 8 18 12 1
blob_ring_turn_fuse done 1 1 0
S 303.14184950201172 307.66668811226646 4.7092363370105712 3.8630813592904834 2.4999999999999996 12 30 20 12 30 20 1
blob_ring_turn_cut done 1 1 0
S 224.00523200686794 294.43522528463245 3.7233147379565308 4.0796708763810301 2.5000000000000004 13 33 22 12 30 20 1
blob_ring_turn_common done 1 1 0
S 37.244767993132115 82.868082104148172 5.6640980636935891 3.520826840761464 2.5000000000000004 9 21 14 8 18 12 1
lens_disc_flip_fuse done 1 1 0
S 369.24249820533964 410.52094077813103 5.0676301440674054 5.0461620490400945 1.9999999999999998 11 24 16 11 24 16 1
lens_disc_flip_cut done 1 1 0
S 339.7900670779353 387.86684114946826 4.9434747357189046 4.9634849808169443 2 9 21 14 9 21 14 1
lens_disc_flip_common done 1 1 0
S 9.8099329220646254 32.348234687922194 6.9578852877241593 6.2647834512360028 2 5 9 6 5 9 6 1
capsule_disc_turn_fuse done 1 1 0
S 20.397748157123647 47.649443891930545 1.2367787971507971 0.020547757526256389 1.0000000000000002 10 21 14 9 18 12 1
capsule_disc_turn_cut done 1 1 0
S 18.630602278723689 49.929224146409652 1.4252283118219879 -0.024929143118284699 1.0000000000000002 9 18 12 9 18 12 1
capsule_disc_turn_common done 1 1 0
S 1.310990374866106 6.8220148490462771 -0.67160282228863588 0.35427029994050074 1 4 6 4 4 6 4 1
bulge_dome_turn_fuse done 1 1 0
S 354.31817327424938 349.69906559467455 5.9615663889657986 3.0000000003668372 2.4999999999998157 11 24 16 11 24 16 1
bulge_dome_turn_cut done 1 1 0
S 316.98483994080061 289.9410659256547 5.2857143868927308 3.0000000004098739 2.4999999999991118 8 18 12 8 18 12 1
bulge_dome_turn_common done 1 1 0
S 3.0151137862850934 20.471467081180425 10.781818170142667 3.0000000274580119 2.4999999999849907 4 6 4 4 6 4 1
blob_lens_r125_fuse done 1 1 0
S 281.2160262485757 254.81489796555911 4.3334676484448398 3.9950880995516083 2.5 10 24 16 10 24 16 1
blob_lens_r125_cut done 1 1 0
S 243.4160258220252 248.54518551339359 3.7730519804858611 3.988352654437918 2.5 10 24 16 10 24 16 1
blob_lens_r125_common done 1 1 0
S 17.833974177974813 41.5212617087967 7.0976149597422706 4.1589746924336595 2.4999999999999991 6 12 8 6 12 8 1
wave_wave_flip_fuse done 1 1 0
S 501.46595300923155 466.11926689555025 4.9999422699298366 5.4776767223071179 2.5 14 36 24 14 36 24 1
wave_wave_flip_cut done 1 1 0
S 304.22383508167962 315.65086388832935 4.9998839420675143 3.0667719466529304 2.5 12 24 16 12 24 16 1
wave_wave_flip_common done 2 1 0
S 12.394692977478307 32.518081183169926 2.0492216145568318 6.2500048740268346 2.5 4 6 4 4 6 4 1
S 12.396418022832723 32.521531273983129 7.9507822668699264 6.2499524293960702 2.5 4 6 4 4 6 4 1
dome_dome_tilt2_fuse done 1 1 0
S 61.472150406277706 123.68679315201155 3.0361007311024841 1.0392153599109095 2.0419279355159183 8 18 12 8 18 12 1
dome_dome_tilt2_cut done 1 1 0
S 24.13881707344909 61.112495575337292 1.8546465632348879 2.1824931499300884 1.4881301375524336 6 12 8 6 12 8 1
dome_dome_tilt2_common done 1 1 0
S 2.5278496005243554 16.635797354462792 3.3880018882593772 1.7342265015958727 1.8243301238030956 6 12 8 6 12 8 1
hump_lens_turn_fuse done 1 1 0
S 94.993293377366683 133.85334346371826 4.043580246995444 1.939660980538507 1.5000000000022111 9 21 14 9 21 14 1
hump_lens_turn_cut done 1 1 0
S 31.993293377351563 85.17065202425286 4.1293968438060427 0.83626227619302584 1.5000000000060236 7 15 10 7 15 10 1
hump_lens_turn_common done 1 1 0
S 25.60670590316905 51.098836736876962 4.0882647896039757 2.0019858028538406 1.499999999989452 5 9 6 5 9 6 1
capsule_capsule_turn_fuse done 1 1 0
S 25.978118134472599 63.709791776472215 1.0447588882675882 0.30184346427981557 1 14 36 24 14 36 24 1
capsule_capsule_turn_cut done 1 1 0
S 16.00732180715368 53.927801353972953 1.5398060360692916 -0.00059192706932625276 1.0000000000000002 12 36 24 12 36 24 1
capsule_capsule_turn_common done 1 1 0
S 3.934270846436112 15.598171494620884 0.26033445799998622 0.0024083667482865268 1 10 24 16 10 24 16 1
bulge_disc_offset_fuse done 1 1 0
S 337.30182166490636 309.19420234484585 6.6580012162947941 1.8448976955975536 0.71311460093019052 10 21 14 9 18 12 1
bulge_disc_offset_cut done 1 1 0
S 309.02748720090318 299.38939205222505 6.1600879270273694 1.9313506960404752 0.69601560356409331 9 18 12 9 18 12 1
bulge_disc_offset_common done 1 1 0
S 10.97251285224649 32.735598844364077 11.334095484108639 1.0170457432496014 0.81221569325602661 4 6 4 4 6 4 1
bulge_dome_offset_fuse done 1 1 0
S 335.59345747118141 316.54098972745555 6.6477138334524062 1.9040913842062319 0.68531513178864067 10 21 14 10 21 14 1
bulge_dome_offset_cut done 1 1 0
S 314.26012404813645 300.0636012759083 6.2436469617312786 1.9016537524280119 0.70332586791310669 10 21 14 10 21 14 1
bulge_dome_offset_common done 1 1 0
S 5.73987595186364 23.882284309946868 11.475985182688023 1.8094565031905936 0.51790762260705459 5 9 6 5 9 6 1
dome_disc_touch_fuse done 2 1 0
S 26.666666666666664 60.245523824736779 2 0.79999999999999993 2.5000000000000004 4 8 6 4 8 6 1
S 87.964594300514207 113.09733552923255 2 4 2.5 3 3 4 3 3 4 1
dome_disc_touch_common done 0 1 0
dome_flip_touch_fuse done 2 1 0
S 15.999999999999996 40.413980961508734 2 3.2000000000000002 2.5000000000000004 4 8 6 4 8 6 1
S 26.666666666666664 60.245523824736779 2 0.80000000000000016 2.5 4 6 6 4 6 6 1
dome_flip_touch_cut done 1 1 0
S 26.666666666666664 60.245523824736779 2 0.80000000000000016 2.5 4 6 6 4 6 6 1
