pp_line line 1
L 0 0 0 0 1 0
pp_tilted line 1
L -1.0731707317073174 1.0731707317073169 3.6951219512195124 -0.62469504755442429 0.62469504755442429 -0.46852128566581808
pp_parallel empty 0
pp_same same 0
pp_same_opposite same 0
pp_near_parallel line 1
L 1073741824 0 0 0 1 0
ps_circle circle 1
C 0 0 1 0 0 1 1.7320508075688772
ps_tangent point 1
P 0 0 2
ps_miss empty 0
ps_near_tangent circle 1
C 0 0 1.9999999990686774 0 0 1 6.103515625e-05
ps_tilted circle 1
C 1 1.5600000000000001 3.3300000000000001 0 0.59999999999999998 0.80000000000000004 3.9987498046264411
ps_through_centre circle 1
C 1 1 1 0 0.59999999999999998 0.80000000000000004 3
pc_perpendicular circle 1
C 0 0 2 0 0 1 1.5
pc_oblique ellipse 1
E 0 0 2 0 0.59999999999999998 0.80000000000000004 0 -0.80000000000000004 0.59999999999999998 1.875 1.5
pc_parallel_two line 2
L 0 0.8660254037844386 0.5 1 0 0
L 0 -0.8660254037844386 0.5 1 0 0
pc_parallel_tangent line 1
L 0 0 1 1 0 0
pc_parallel_miss empty 0
pc_axis_in_plane line 2
L 0 4 0 1 0 0
L 0 2 0 1 0 0
pc_parallel_tilted line 2
L -1 2 3 0 0.80000000000000004 -0.59999999999999998
L 3 2 3 0 0.80000000000000004 -0.59999999999999998
pc_near_parallel line 2
L 0 0.8660254037844386 0 1 -5.3769940500103527e-10 0
L 0 -0.8660254037844386 0 1 5.3769940500103527e-10 0
pc_near_perpendicular circle 1
C 0 0 0 9.3132257461547852e-10 0 1 1
pk_circle circle 1
C 0 0 2 0 0 1 2.092604979687581
pk_circle_other_nappe circle 1
C 0 0 -5 0 0 1 1.7315124492189522
pk_ellipse ellipse 1
E 0 -0.3524247852886388 2.1057274355865916 0 0.28734788556634544 0.95782628522115143 0 -0.95782628522115143 0.28734788556634544 2.2450460737740561 2.1212879836515035
pk_hyperbola hyperbola 2
H 0 0.39632849271369919 -1.9632849271369919 0 0.99503719020998926 0.099503719020998929 0 -0.099503719020998929 0.99503719020998926 0.72909278850585257 0.38963206042427107
H 0 0.39632849271369919 -1.9632849271369919 0 0.99503719020998926 0.099503719020998929 -0 0.099503719020998929 -0.99503719020998926 0.72909278850585257 0.38963206042427107
pk_axis_plane line 2
L 0 0 -1.830487721712452 0 -0.47942553860420301 0.87758256189037276
L 0 0 -1.830487721712452 -0 0.47942553860420301 0.87758256189037276
pk_apex_point point 1
P 0 0 0
pk_apex_shallow point 1
P 0 0 0
pk_apex_steep line 2
L 0 0 0 0.44614213088271248 -0.17551651237807459 0.87758256189037287
L 0 0 0 -0.44614213088271248 -0.17551651237807459 0.87758256189037287
pk_apex_circle circle 1
C 0 0 1 0 0 1 0.54630248984379048
pk_near_parabola parabola 1
B -1.3194537347656856 0 0.58475613914377433 0.87758256189037276 0 -0.47942553860420301 0.47942553860420301 0 0.87758256189037276 0.63257981745336611
pk_tilted ellipse 1
E 1 1.5885521113970091 3.3085859164522438 0 0.59999999999999998 0.80000000000000004 0 -0.80000000000000004 0.59999999999999998 2.2168319486331933 1.7250770196115535
ss_circle circle 1
C 1 0 0 1 0 0 1.7320508075688772
ss_external_tangent point 1
P 1 0 0
ss_internal_tangent point 1
P 3 0 0
ss_disjoint empty 0
ss_contained empty 0
ss_same same 0
ss_concentric empty 0
ss_tilted circle 1
C 1.918032786885246 3.377049180327869 2.3114754098360657 0.5121475197315839 0.76822127959737585 -0.38411063979868793 1.7426661315070191
ss_near_tangent circle 1
C 0.99999999937911832 0 0 1 0 0 3.5238662840774331e-05
cc_parallel_two line 2
L 0.5 0.8660254037844386 0 0 0 1
L 0.5 -0.8660254037844386 0 0 0 1
cc_parallel_external line 1
L 1 0 0 0 0 1
cc_parallel_internal line 1
L 3 0 0 0 0 1
cc_parallel_miss empty 0
cc_coaxial_same same 0
cc_coaxial_other empty 0
cc_parallel_tilted line 2
L 1.9905017667828764 1.8900000000000001 3.0825 0 0.59999999999999998 0.80000000000000004
L 0.0094982332171235084 1.8900000000000001 3.0825 0 0.59999999999999998 0.80000000000000004
cc_equal_cross ellipse 2
E 0 0 0 0.70710678118654746 0 0.70710678118654746 -0.70710678118654746 0 0.70710678118654746 1.4142135623730951 1
E 0 0 0 -0.70710678118654746 0 0.70710678118654746 0.70710678118654746 0 0.70710678118654746 1.4142135623730951 1
cc_equal_cross_oblique ellipse 2
E 0 0 2 0.38268343236508978 0 0.92387953251128674 -0.92387953251128685 0 0.38268343236508978 1.082392200292394 1
E 0 0 2 -0.92387953251128663 0 0.38268343236508967 0.38268343236508973 0 0.92387953251128685 2.6131259297527532 1
cc_unequal_cross no_geometric_solution 0
cc_skew no_geometric_solution 0
cc_near_parallel line 2
L 0.5 0.8660254037844386 0 0 0 1
L 0.5 -0.8660254037844386 0 0 0 1
cs_two_circles circle 2
C 0 0 2.7320508075688772 0 0 1 1
C 0 0 -0.73205080756887719 0 0 1 1
cs_tangent circle 1
C 0 0 1 0 0 1 1
cs_miss empty 0
cs_tilted circle 2
C 1 3.0392304845413265 4.3856406460551014 0 0.59999999999999998 0.80000000000000004 1
C 1 0.96076951545867373 1.6143593539448982 0 0.59999999999999998 0.80000000000000004 1
cs_off_axis no_geometric_solution 0
ks_two_circles circle 2
C 0 0 1.0908472024142128 0 0 1 0.59593254271801777
C 0 0 3.5300597151902067 0 0 1 1.9284804117056717
ks_through_apex point_and_circle 2
P 0 0 0
C 0 0 3.0806046117362795 0 0 1 1.682941969615793
ks_off_axis no_geometric_solution 0
ck_two_circles circle 2
C 0 0 1.830487721712452 0 0 1 2
C 0 0 -5.4914631651373558 0 0 1 2
ck_parallel_off_axis no_geometric_solution 0
kk_two_circles circle 2
C 0 0 -3.50615261052394 0 0 1 0.91541990090153436
C 0 0 4.2200104074395215 0 0 1 3.3054021927509196
kk_same same 0
kk_other_origin circle 1
C 0 0 -1.7881096521405651 0 0 1 0.023151244921895273
kk_crossing no_geometric_solution 0
