case rects_fuse
plane 0.0 0.0 0.0 0.0 0.0 1.0 1.0 0.0 0.0
wire P 4 0.0 0.0 0.0 10.0 0.0 0.0 10.0 10.0 0.0 0.0 10.0 0.0
prism 0.0 0.0 5.0
boolean fuse
plane 5.0 5.0 0.0 0.0 0.0 1.0 1.0 0.0 0.0
wire P 4 5.0 5.0 0.0 15.0 5.0 0.0 15.0 15.0 0.0 5.0 15.0 0.0
prism 0.0 0.0 5.0
end
case rects_cut_tilted
plane 1.0 -2.0 0.5 0.0 0.6 0.8 1.0 -0.0 0.0
wire P 4 1.0 -2.0 0.5 11.0 -2.0 0.5 11.0 6.0 -5.5 1.0 6.0 -5.5
prism 0.0 3.0 4.0
boolean cut
plane 6.0 1.2000000000000002 -1.8999999999999995 0.0 0.6 0.8 1.0 -0.0 0.0
wire P 4 6.0 1.2000000000000002 -1.8999999999999995 16.0 1.2000000000000002 -1.8999999999999995 16.0 9.2 -7.8999999999999995 6.0 9.2 -7.8999999999999995
prism 0.0 3.0 4.0
end
case bar_cut_two_pieces
plane 0.0 0.0 0.0 0.0 0.0 1.0 1.0 0.0 0.0
wire P 4 0.0 0.0 0.0 10.0 0.0 0.0 10.0 10.0 0.0 0.0 10.0 0.0
prism 0.0 0.0 5.0
boolean cut
plane 2.0 -2.0 -1.0 0.0 0.0 1.0 1.0 0.0 0.0
wire P 4 2.0 -2.0 -1.0 8.0 -2.0 -1.0 8.0 12.0 -1.0 2.0 12.0 -1.0
prism 0.0 0.0 7.0
end
case rect_disc_cut
plane 0.0 0.0 0.0 0.0 0.0 1.0 1.0 0.0 0.0
wire P 4 0.0 0.0 0.0 10.0 0.0 0.0 10.0 10.0 0.0 0.0 10.0 0.0
prism 0.0 0.0 5.0
boolean cut
plane 10.0 5.0 -1.0 0.0 0.0 1.0 1.0 0.0 0.0
wire C 10.0 5.0 -1.0 3.0
prism 0.0 0.0 7.0
end
case rect_stadium_common_tilted
plane 1.0 -2.0 0.5 0.0 0.6 0.8 1.0 -0.0 0.0
wire P 4 1.0 -2.0 0.5 11.0 -2.0 0.5 11.0 6.0 -5.5 1.0 6.0 -5.5
prism 0.0 3.0 4.0
boolean common
plane 3.0 3.2 -5.899999999999999 0.0 0.6 0.8 1.0 -0.0 0.0
wire S 4 0.0 2.4000000000000004 -5.299999999999999 L 6.0 2.4000000000000004 -5.299999999999999 A 6.0 3.2 -5.899999999999999 1.0 1 6.0 4.0 -6.499999999999998 L 0.0 4.0 -6.499999999999998 A 0.0 3.2 -5.899999999999999 1.0 1
prism 0.0 5.3999999999999995 7.2
end
case lens_common
plane 0.0 0.0 0.0 0.0 0.0 1.0 1.0 0.0 0.0
wire C 0.0 0.0 0.0 4.0
prism 0.0 0.0 5.0
boolean common
plane 5.0 0.0 0.0 0.0 0.0 1.0 1.0 0.0 0.0
wire C 5.0 0.0 0.0 4.0
prism 0.0 0.0 5.0
end
case lens_fuse_tilted
plane 1.0 -2.0 0.5 0.0 0.6 0.8 1.0 -0.0 0.0
wire C 1.0 -2.0 0.5 4.0
prism 0.0 3.0 4.0
boolean fuse
plane 1.0 1.2000000000000002 -1.8999999999999995 0.0 0.6 0.8 1.0 -0.0 0.0
wire C 1.0 1.2000000000000002 -1.8999999999999995 4.0
prism 0.0 3.0 4.0
end
case lens_cut
plane 0.0 0.0 0.0 0.0 0.0 1.0 1.0 0.0 0.0
wire C 0.0 0.0 0.0 4.0
prism 0.0 0.0 5.0
boolean cut
plane 3.0 4.0 -1.0 0.0 0.0 1.0 1.0 0.0 0.0
wire C 3.0 4.0 -1.0 3.0
prism 0.0 0.0 7.0
end
case disc_hole_cut
plane 0.0 0.0 0.0 0.0 0.0 1.0 1.0 0.0 0.0
wire P 4 0.0 0.0 0.0 10.0 0.0 0.0 10.0 10.0 0.0 0.0 10.0 0.0
prism 0.0 0.0 5.0
boolean cut
plane 0.0 0.0 -1.0 0.0 0.0 1.0 1.0 0.0 0.0
wire C 5.0 5.0 -1.0 2.0
prism 0.0 0.0 7.0
end
case disc_inside_common
plane 0.0 0.0 0.0 0.0 0.0 1.0 1.0 0.0 0.0
wire P 4 0.0 0.0 0.0 10.0 0.0 0.0 10.0 10.0 0.0 0.0 10.0 0.0
prism 0.0 0.0 5.0
boolean common
plane 0.0 0.0 -1.0 0.0 0.0 1.0 1.0 0.0 0.0
wire C 5.0 5.0 -1.0 2.0
prism 0.0 0.0 7.0
end
case identical_cut
plane 0.0 0.0 0.0 0.0 0.0 1.0 1.0 0.0 0.0
wire S 8 1.0 0.0 0.0 L 7.0 0.0 0.0 A 7.0 1.0 0.0 1.0 1 8.0 1.0 0.0 L 8.0 5.0 0.0 A 7.0 5.0 0.0 1.0 1 7.0 6.0 0.0 L 1.0 6.0 0.0 A 1.0 5.0 0.0 1.0 1 0.0 5.0 0.0 L 0.0 1.0 0.0 A 1.0 1.0 0.0 1.0 1
prism 0.0 0.0 5.0
boolean cut
plane 0.0 0.0 0.0 0.0 0.0 1.0 1.0 0.0 0.0
wire S 8 1.0 0.0 0.0 L 7.0 0.0 0.0 A 7.0 1.0 0.0 1.0 1 8.0 1.0 0.0 L 8.0 5.0 0.0 A 7.0 5.0 0.0 1.0 1 7.0 6.0 0.0 L 1.0 6.0 0.0 A 1.0 5.0 0.0 1.0 1 0.0 5.0 0.0 L 0.0 1.0 0.0 A 1.0 1.0 0.0 1.0 1
prism 0.0 0.0 5.0
end
case identical_common_tilted
plane 1.0 -2.0 0.5 0.0 0.6 0.8 1.0 -0.0 0.0
wire S 8 2.0 -2.0 0.5 L 8.0 -2.0 0.5 A 8.0 -1.2 -0.09999999999999998 1.0 1 9.0 -1.2 -0.09999999999999998 L 9.0 2.0 -2.5 A 8.0 2.0 -2.5 1.0 1 8.0 2.8000000000000007 -3.0999999999999996 L 2.0 2.8000000000000007 -3.0999999999999996 A 2.0 2.0 -2.5 1.0 1 1.0 2.0 -2.5 L 1.0 -1.2 -0.09999999999999998 A 2.0 -1.2 -0.09999999999999998 1.0 1
prism 0.0 3.0 4.0
boolean common
plane 1.0 -2.0 0.5 0.0 0.6 0.8 1.0 -0.0 0.0
wire S 8 2.0 -2.0 0.5 L 8.0 -2.0 0.5 A 8.0 -1.2 -0.09999999999999998 1.0 1 9.0 -1.2 -0.09999999999999998 L 9.0 2.0 -2.5 A 8.0 2.0 -2.5 1.0 1 8.0 2.8000000000000007 -3.0999999999999996 L 2.0 2.8000000000000007 -3.0999999999999996 A 2.0 2.0 -2.5 1.0 1 1.0 2.0 -2.5 L 1.0 -1.2 -0.09999999999999998 A 2.0 -1.2 -0.09999999999999998 1.0 1
prism 0.0 3.0 4.0
end
case disjoint_fuse
plane 0.0 0.0 0.0 0.0 0.0 1.0 1.0 0.0 0.0
wire P 4 0.0 0.0 0.0 10.0 0.0 0.0 10.0 10.0 0.0 0.0 10.0 0.0
prism 0.0 0.0 5.0
boolean fuse
plane 20.0 5.0 0.0 0.0 0.0 1.0 1.0 0.0 0.0
wire C 20.0 5.0 0.0 2.0
prism 0.0 0.0 5.0
end
case disjoint_common
plane 0.0 0.0 0.0 0.0 0.0 1.0 1.0 0.0 0.0
wire P 4 0.0 0.0 0.0 10.0 0.0 0.0 10.0 10.0 0.0 0.0 10.0 0.0
prism 0.0 0.0 5.0
boolean common
plane 20.0 5.0 0.0 0.0 0.0 1.0 1.0 0.0 0.0
wire C 20.0 5.0 0.0 2.0
prism 0.0 0.0 5.0
end
case edge_touch_fuse
plane 0.0 0.0 0.0 0.0 0.0 1.0 1.0 0.0 0.0
wire P 4 0.0 0.0 0.0 10.0 0.0 0.0 10.0 10.0 0.0 0.0 10.0 0.0
prism 0.0 0.0 5.0
boolean fuse
plane 10.0 0.0 0.0 0.0 0.0 1.0 1.0 0.0 0.0
wire P 4 10.0 0.0 0.0 20.0 0.0 0.0 20.0 10.0 0.0 10.0 10.0 0.0
prism 0.0 0.0 5.0
end
case edge_touch_common
plane 0.0 0.0 0.0 0.0 0.0 1.0 1.0 0.0 0.0
wire P 4 0.0 0.0 0.0 10.0 0.0 0.0 10.0 10.0 0.0 0.0 10.0 0.0
prism 0.0 0.0 5.0
boolean common
plane 10.0 0.0 0.0 0.0 0.0 1.0 1.0 0.0 0.0
wire P 4 10.0 0.0 0.0 20.0 0.0 0.0 20.0 10.0 0.0 10.0 10.0 0.0
prism 0.0 0.0 5.0
end
case edge_touch_cut_tilted
plane 1.0 -2.0 0.5 0.0 0.6 0.8 1.0 -0.0 0.0
wire P 4 1.0 -2.0 0.5 11.0 -2.0 0.5 11.0 6.0 -5.5 1.0 6.0 -5.5
prism 0.0 3.0 4.0
boolean cut
plane 11.0 -2.0 0.5 0.0 0.6 0.8 1.0 -0.0 0.0
wire P 4 11.0 -2.0 0.5 21.0 -2.0 0.5 21.0 6.0 -5.5 11.0 6.0 -5.5
prism 0.0 3.0 4.0
end
case edge_partial_fuse
plane 0.0 0.0 0.0 0.0 0.0 1.0 1.0 0.0 0.0
wire P 4 0.0 0.0 0.0 10.0 0.0 0.0 10.0 10.0 0.0 0.0 10.0 0.0
prism 0.0 0.0 5.0
boolean fuse
plane 10.0 2.0 0.0 0.0 0.0 1.0 1.0 0.0 0.0
wire P 4 10.0 2.0 0.0 16.0 2.0 0.0 16.0 8.0 0.0 10.0 8.0 0.0
prism 0.0 0.0 5.0
end
case vertex_touch_fuse
plane 0.0 0.0 0.0 0.0 0.0 1.0 1.0 0.0 0.0
wire P 4 0.0 0.0 0.0 10.0 0.0 0.0 10.0 10.0 0.0 0.0 10.0 0.0
prism 0.0 0.0 5.0
boolean fuse
plane 10.0 10.0 0.0 0.0 0.0 1.0 1.0 0.0 0.0
wire P 4 10.0 10.0 0.0 20.0 10.0 0.0 20.0 20.0 0.0 10.0 20.0 0.0
prism 0.0 0.0 5.0
end
case collinear_fuse
plane 0.0 0.0 0.0 0.0 0.0 1.0 1.0 0.0 0.0
wire P 4 0.0 0.0 0.0 10.0 0.0 0.0 10.0 10.0 0.0 0.0 10.0 0.0
prism 0.0 0.0 5.0
boolean fuse
plane 5.0 0.0 0.0 0.0 0.0 1.0 1.0 0.0 0.0
wire P 4 5.0 0.0 0.0 15.0 0.0 0.0 15.0 6.0 0.0 5.0 6.0 0.0
prism 0.0 0.0 5.0
end
case collinear_cut
plane 0.0 0.0 0.0 0.0 0.0 1.0 1.0 0.0 0.0
wire P 4 0.0 0.0 0.0 10.0 0.0 0.0 10.0 10.0 0.0 0.0 10.0 0.0
prism 0.0 0.0 5.0
boolean cut
plane 5.0 0.0 0.0 0.0 0.0 1.0 1.0 0.0 0.0
wire P 4 5.0 0.0 0.0 15.0 0.0 0.0 15.0 6.0 0.0 5.0 6.0 0.0
prism 0.0 0.0 5.0
end
case collinear_common_tilted
plane 1.0 -2.0 0.5 0.0 0.6 0.8 1.0 -0.0 0.0
wire P 4 1.0 -2.0 0.5 11.0 -2.0 0.5 11.0 6.0 -5.5 1.0 6.0 -5.5
prism 0.0 3.0 4.0
boolean common
plane 6.0 -2.0 0.5 0.0 0.6 0.8 1.0 -0.0 0.0
wire P 4 6.0 -2.0 0.5 16.0 -2.0 0.5 16.0 2.8000000000000007 -3.0999999999999996 6.0 2.8000000000000007 -3.0999999999999996
prism 0.0 3.0 4.0
end
case same_circle_common
plane 0.0 0.0 0.0 0.0 0.0 1.0 1.0 0.0 0.0
wire S 2 -4.0 0.0 0.0 L 4.0 0.0 0.0 A 0.0 0.0 0.0 4.0 1
prism 0.0 0.0 5.0
boolean common
plane 0.0 0.0 0.0 0.0 0.0 1.0 1.0 0.0 0.0
wire S 2 0.0 4.0 0.0 L 0.0 -4.0 0.0 A 0.0 0.0 0.0 4.0 1
prism 0.0 0.0 5.0
end
case same_circle_cut_tilted
plane 1.0 -2.0 0.5 0.0 0.6 0.8 1.0 -0.0 0.0
wire S 2 -3.0 -2.0 0.5 L 5.0 -2.0 0.5 A 1.0 -2.0 0.5 4.0 1
prism 0.0 3.0 4.0
boolean cut
plane 1.0 -2.0 0.5 0.0 0.6 0.8 1.0 -0.0 0.0
wire S 2 1.0 1.2000000000000002 -1.9 L 1.0 -5.2 2.9 A 1.0 -2.0 0.5 4.0 1
prism 0.0 3.0 4.0
end
case tangent_out_fuse
plane 0.0 0.0 0.0 0.0 0.0 1.0 1.0 0.0 0.0
wire C 0.0 0.0 0.0 2.0
prism 0.0 0.0 5.0
boolean fuse
plane 4.0 0.0 0.0 0.0 0.0 1.0 1.0 0.0 0.0
wire C 4.0 0.0 0.0 2.0
prism 0.0 0.0 5.0
end
case tangent_out_common
plane 0.0 0.0 0.0 0.0 0.0 1.0 1.0 0.0 0.0
wire C 0.0 0.0 0.0 2.0
prism 0.0 0.0 5.0
boolean common
plane 4.0 0.0 0.0 0.0 0.0 1.0 1.0 0.0 0.0
wire C 4.0 0.0 0.0 2.0
prism 0.0 0.0 5.0
end
case tangent_in_cut
plane 0.0 0.0 0.0 0.0 0.0 1.0 1.0 0.0 0.0
wire C 0.0 0.0 0.0 4.0
prism 0.0 0.0 5.0
boolean cut
plane 2.0 0.0 0.0 0.0 0.0 1.0 1.0 0.0 0.0
wire C 2.0 0.0 0.0 2.0
prism 0.0 0.0 5.0
end
case tangent_in_common
plane 0.0 0.0 0.0 0.0 0.0 1.0 1.0 0.0 0.0
wire C 0.0 0.0 0.0 4.0
prism 0.0 0.0 5.0
boolean common
plane 2.0 0.0 0.0 0.0 0.0 1.0 1.0 0.0 0.0
wire C 2.0 0.0 0.0 2.0
prism 0.0 0.0 5.0
end
case tangent_in_fuse_tilted
plane 1.0 -2.0 0.5 0.0 0.6 0.8 1.0 -0.0 0.0
wire C 1.0 -2.0 0.5 4.0
prism 0.0 3.0 4.0
boolean fuse
plane 3.0 -2.0 0.5 0.0 0.6 0.8 1.0 -0.0 0.0
wire C 3.0 -2.0 0.5 2.0
prism 0.0 3.0 4.0
end
case vertex_on_edge_cut
plane 0.0 0.0 0.0 0.0 0.0 1.0 1.0 0.0 0.0
wire P 4 0.0 0.0 0.0 10.0 0.0 0.0 10.0 10.0 0.0 0.0 10.0 0.0
prism 0.0 0.0 5.0
boolean cut
plane 0.0 0.0 0.0 0.0 0.0 1.0 1.0 0.0 0.0
wire P 3 5.0 10.0 0.0 12.0 4.0 0.0 12.0 12.0 0.0
prism 0.0 0.0 5.0
end
case vertex_on_edge_fuse_tilted
plane 1.0 -2.0 0.5 0.0 0.6 0.8 1.0 -0.0 0.0
wire P 4 1.0 -2.0 0.5 11.0 -2.0 0.5 11.0 6.0 -5.5 1.0 6.0 -5.5
prism 0.0 3.0 4.0
boolean fuse
plane 1.0 -2.0 0.5 0.0 0.6 0.8 1.0 -0.0 0.0
wire P 3 6.0 6.0 -5.5 13.0 1.2000000000000002 -1.9 13.0 7.600000000000001 -6.699999999999999
prism 0.0 3.0 4.0
end
case holed_pin_cut
plane 0.0 0.0 0.0 0.0 0.0 1.0 1.0 0.0 0.0
wire P 4 0.0 0.0 0.0 10.0 0.0 0.0 10.0 10.0 0.0 0.0 10.0 0.0
wire P 4 3.0 3.0 0.0 7.0 3.0 0.0 7.0 7.0 0.0 3.0 7.0 0.0
prism 0.0 0.0 5.0
boolean cut
plane 0.0 0.0 -1.0 0.0 0.0 1.0 1.0 0.0 0.0
wire C 5.0 5.0 -1.0 1.0
prism 0.0 0.0 7.0
end
case holed_fill_fuse
plane 0.0 0.0 0.0 0.0 0.0 1.0 1.0 0.0 0.0
wire P 4 0.0 0.0 0.0 10.0 0.0 0.0 10.0 10.0 0.0 0.0 10.0 0.0
wire P 4 3.0 3.0 0.0 7.0 3.0 0.0 7.0 7.0 0.0 3.0 7.0 0.0
prism 0.0 0.0 5.0
boolean fuse
plane 0.0 0.0 0.0 0.0 0.0 1.0 1.0 0.0 0.0
wire P 4 3.0 3.0 0.0 7.0 3.0 0.0 7.0 7.0 0.0 3.0 7.0 0.0
prism 0.0 0.0 5.0
end
case holed_disc_common_tilted
plane 1.0 -2.0 0.5 0.0 0.6 0.8 1.0 -0.0 0.0
wire P 4 1.0 -2.0 0.5 11.0 -2.0 0.5 11.0 6.0 -5.5 1.0 6.0 -5.5
wire P 4 4.0 0.40000000000000036 -1.2999999999999998 8.0 0.40000000000000036 -1.2999999999999998 8.0 3.6000000000000005 -3.7 4.0 3.6000000000000005 -3.7
prism 0.0 3.0 4.0
boolean common
plane 1.0 -2.0 0.5 0.0 0.6 0.8 1.0 -0.0 0.0
wire C 6.0 2.0 -2.5 4.0
prism 0.0 3.0 4.0
end
case tool_misses_heights_cut
plane 0.0 0.0 0.0 0.0 0.0 1.0 1.0 0.0 0.0
wire P 4 0.0 0.0 0.0 10.0 0.0 0.0 10.0 10.0 0.0 0.0 10.0 0.0
prism 0.0 0.0 5.0
boolean cut
plane 0.0 0.0 6.0 0.0 0.0 1.0 1.0 0.0 0.0
wire C 5.0 5.0 6.0 2.0
prism 0.0 0.0 2.0
end
case common_offset_heights
plane 0.0 0.0 0.0 0.0 0.0 1.0 1.0 0.0 0.0
wire P 4 0.0 0.0 0.0 10.0 0.0 0.0 10.0 10.0 0.0 0.0 10.0 0.0
prism 0.0 0.0 5.0
boolean common
plane 5.0 5.0 3.0 0.0 0.0 1.0 1.0 0.0 0.0
wire P 4 5.0 5.0 3.0 15.0 5.0 3.0 15.0 15.0 3.0 5.0 15.0 3.0
prism 0.0 0.0 5.0
end
case stacked_fuse_tilted
plane 1.0 -2.0 0.5 0.0 0.6 0.8 1.0 -0.0 0.0
wire P 4 1.0 -2.0 0.5 11.0 -2.0 0.5 11.0 6.0 -5.5 1.0 6.0 -5.5
prism 0.0 3.0 4.0
boolean fuse
plane 1.0 0.3999999999999999 3.7 0.0 0.6 0.8 1.0 -0.0 0.0
wire P 4 1.0 0.3999999999999999 3.7 11.0 0.3999999999999999 3.7 11.0 8.4 -2.3 1.0 8.4 -2.3
prism 0.0 3.0 4.0
end
case cap_touch_fuse
plane 0.0 0.0 0.0 0.0 0.0 1.0 1.0 0.0 0.0
wire P 4 0.0 0.0 0.0 10.0 0.0 0.0 10.0 10.0 0.0 0.0 10.0 0.0
prism 0.0 0.0 5.0
boolean fuse
plane 0.0 0.0 5.0 0.0 0.0 1.0 1.0 0.0 0.0
wire P 4 0.0 0.0 5.0 10.0 0.0 5.0 10.0 10.0 5.0 0.0 10.0 5.0
prism 0.0 0.0 5.0
end
case cap_touch_common
plane 0.0 0.0 0.0 0.0 0.0 1.0 1.0 0.0 0.0
wire P 4 0.0 0.0 0.0 10.0 0.0 0.0 10.0 10.0 0.0 0.0 10.0 0.0
prism 0.0 0.0 5.0
boolean common
plane 0.0 0.0 5.0 0.0 0.0 1.0 1.0 0.0 0.0
wire P 4 0.0 0.0 5.0 10.0 0.0 5.0 10.0 10.0 5.0 0.0 10.0 5.0
prism 0.0 0.0 5.0
end
case step_fuse
plane 0.0 0.0 0.0 0.0 0.0 1.0 1.0 0.0 0.0
wire P 4 0.0 0.0 0.0 10.0 0.0 0.0 10.0 10.0 0.0 0.0 10.0 0.0
prism 0.0 0.0 5.0
boolean fuse
plane 5.0 0.0 0.0 0.0 0.0 1.0 1.0 0.0 0.0
wire P 4 5.0 0.0 0.0 15.0 0.0 0.0 15.0 10.0 0.0 5.0 10.0 0.0
prism 0.0 0.0 8.0
end
case pocket_cut
plane 0.0 0.0 0.0 0.0 0.0 1.0 1.0 0.0 0.0
wire P 4 0.0 0.0 0.0 10.0 0.0 0.0 10.0 10.0 0.0 0.0 10.0 0.0
prism 0.0 0.0 5.0
boolean cut
plane 0.0 0.0 3.0 0.0 0.0 1.0 1.0 0.0 0.0
wire C 5.0 5.0 3.0 2.0
prism 0.0 0.0 3.0
end
case pocket_cut_tilted
plane 1.0 -2.0 0.5 0.0 0.6 0.8 1.0 -0.0 0.0
wire S 8 2.0 -2.0 0.5 L 8.0 -2.0 0.5 A 8.0 -1.2 -0.09999999999999998 1.0 1 9.0 -1.2 -0.09999999999999998 L 9.0 2.0 -2.5 A 8.0 2.0 -2.5 1.0 1 8.0 2.8000000000000007 -3.0999999999999996 L 2.0 2.8000000000000007 -3.0999999999999996 A 2.0 2.0 -2.5 1.0 1 1.0 2.0 -2.5 L 1.0 -1.2 -0.09999999999999998 A 2.0 -1.2 -0.09999999999999998 1.0 1
prism 0.0 3.0 4.0
boolean cut
plane 5.0 0.8 0.9000000000000004 0.0 0.6 0.8 1.0 -0.0 0.0
wire C 5.0 0.8 0.9000000000000004 1.5
prism 0.0 2.4 3.2
end
case slot_cut_two_solids
plane 0.0 0.0 0.0 0.0 0.0 1.0 1.0 0.0 0.0
wire P 4 0.0 0.0 0.0 10.0 0.0 0.0 10.0 10.0 0.0 0.0 10.0 0.0
prism 0.0 0.0 5.0
boolean cut
plane 0.0 0.0 2.0 0.0 0.0 1.0 1.0 0.0 0.0
wire P 4 -1.0 -1.0 2.0 11.0 -1.0 2.0 11.0 11.0 2.0 -1.0 11.0 2.0
prism 0.0 0.0 1.0
end
case cap_touch_stack_fuse
plane 0.0 0.0 0.0 0.0 0.0 1.0 1.0 0.0 0.0
wire P 4 0.0 0.0 0.0 10.0 0.0 0.0 10.0 10.0 0.0 0.0 10.0 0.0
prism 0.0 0.0 5.0
boolean fuse
plane 0.0 0.0 5.0 0.0 0.0 1.0 1.0 0.0 0.0
wire C 5.0 5.0 5.0 2.0
prism 0.0 0.0 3.0
end
case partial_heights_cut_tilted
plane 1.0 -2.0 0.5 0.0 0.6 0.8 1.0 -0.0 0.0
wire P 4 1.0 -2.0 0.5 11.0 -2.0 0.5 11.0 6.0 -5.5 1.0 6.0 -5.5
prism 0.0 3.0 4.0
boolean cut
plane 6.0 2.4000000000000004 -0.2999999999999994 0.0 0.6 0.8 1.0 -0.0 0.0
wire P 4 6.0 2.4000000000000004 -0.2999999999999994 16.0 2.4000000000000004 -0.2999999999999994 16.0 10.399999999999999 -6.299999999999999 6.0 10.399999999999999 -6.299999999999999
prism 0.0 3.5999999999999996 4.800000000000001
end
