rects_fuse done 1 1 0
S 874.99999999999989 649.99999999999989 7.5000000000000009 7.5000000000000009 2.4999999999999991 14 32 20 10 24 16 1
rects_cut_tilted done 1 1 0
S 350 340 4.928571428571427 2.8142857142857141 0.014285714285714278 8 18 12 8 18 12 1
bar_cut_two_pieces done 2 1 0
S 99.999999999999972 160 1.0000000000000002 5 2.5 6 12 8 6 12 8 1
S 99.999999999999972 160 9 5 2.5 6 12 8 6 12 8 1
rect_disc_cut done 1 1 0
S 429.31416529422955 388.84955592153875 4.3863953374370697 5.0000000000000018 2.5 8 18 12 8 18 12 1
rect_stadium_common_tilted done 1 1 0
S 57.853981633974485 98.849555921538752 3.897004437198174 5.8999999999999977 -2.2999999999999985 6 12 8 6 12 8 1
lens_common done 1 1 0
S 65.243892037278812 97.750740323541052 2.4999999999999978 -3.8116971527992156e-16 2.5 5 9 6 4 6 4 1
lens_fuse_tilted done 1 1 0
S 404.38524868566645 329.30570766572231 1.0000000000000007 1.1000000000000005 1.3 10 16 8 4 6 4 1
lens_cut done 1 1 0
S 218.11903877364819 214.99013384136799 -0.27684357481916816 -0.36912476642555841 2.4999999999999996 5 9 6 4 6 4 1
disc_hole_cut done 1 1 0
S 437.16814692820401 437.6991118430775 5.0000000000000009 5 2.5 7 15 10 7 15 10 1
disc_inside_common done 1 1 0
S 62.831853071795848 87.964594300514207 4.9999999999999991 5.0000000000000009 2.5000000000000004 3 3 2 3 3 2 1
identical_cut done 0 1 0
identical_common_tilted done 1 1 0
S 235.70796326794891 225.6991118430775 5.0000000000000009 1.9000000000000006 0.69999999999999996 10 24 16 10 24 16 1
disjoint_fuse done 2 1 0
S 62.831853071795841 87.964594300514207 20 5.0000000000000009 2.5 3 3 2 3 3 2 1
S 499.99999999999989 399.99999999999994 4.9999999999999991 4.9999999999999991 2.5 6 12 8 6 12 8 1
disjoint_common done 0 1 0
edge_touch_fuse done 1 1 0
S 999.99999999999977 699.99999999999989 9.9999999999999982 4.9999999999999991 2.4999999999999996 10 20 12 6 12 8 1
edge_touch_common done 0 1 0
edge_touch_cut_tilted done 1 1 0
S 499.99999999999989 399.99999999999994 6.0000000000000009 3.5 -0.49999999999999978 6 12 8 6 12 8 1
edge_partial_fuse done 1 1 0
S 680 532 7.1176470588235263 4.9999999999999991 2.4999999999999996 12 26 16 10 24 16 1
vertex_touch_fuse done 2 1 0
S 499.99999999999989 399.99999999999994 4.9999999999999991 5 2.5 6 12 8 6 12 8 1
S 499.99999999999989 399.99999999999994 15.000000000000002 15 2.5 6 12 8 6 12 8 1
collinear_fuse done 1 1 0
S 649.99999999999989 509.99999999999994 6.7307692307692308 4.5384615384615392 2.5000000000000004 14 30 18 8 18 12 1
collinear_cut done 1 1 0
S 349.99999999999994 339.99999999999994 3.9285714285714293 5.8571428571428577 2.5000000000000004 8 18 12 8 18 12 1
collinear_common_tilted done 1 1 0
S 150.00000000000003 170 8.4999999999999982 1.8999999999999999 0.69999999999999996 6 12 8 6 12 8 1
same_circle_common done 1 1 0
S 62.831853071795862 96.548667764616283 1.6976527263135504 1.6976527263135506 2.5 5 9 6 5 9 6 1
same_circle_cut_tilted done 1 1 0
S 62.831853071795862 96.548667764616283 -0.69765272631355013 0.85812218105084048 1.4814083642118701 5 9 6 5 9 6 1
tangent_out_fuse done 2 1 0
S 62.831853071795848 87.964594300514207 -1.696295830113876e-16 2.9140843395276016e-17 2.5000000000000004 3 3 2 3 3 2 1
S 62.831853071795862 87.964594300514207 4 3.5339496460705743e-17 2.5000000000000004 4 6 4 3 3 2 1
tangent_out_common done 0 1 0
tangent_in_cut done 1 1 0
S 188.49555921538752 263.89378290154258 -0.66666666666666752 5.891691506469874e-17 2.5000000000000004 4 5 2 4 5 2 1
tangent_in_common done 1 1 0
S 62.831853071795848 87.964594300514207 1.9999999999999996 2.9140843395276016e-17 2.5000000000000004 3 3 2 3 3 2 1
tangent_in_fuse_tilted done 1 1 0
S 251.32741228718348 226.19467105846505 1.0000000000000004 -0.50000000000000011 2.5 5 5 2 3 3 2 1
vertex_on_edge_cut done 1 1 0
S 446.42857142857144 365.06980163318883 4.5999999999999996 4.5714285714285712 2.4999999999999996 7 15 10 7 15 10 1
vertex_on_edge_fuse_tilted done 1 1 0
S 586.42857142857156 477.7141843853924 6.8095818107998358 3.9392784641262102 -0.82945884809465753 13 27 16 9 21 14 1
holed_pin_cut done 1 1 0
S 420 448 4.9999999999999991 4.9999999999999982 2.4999999999999991 10 24 16 10 24 16 1
holed_fill_fuse done 1 1 0
S 499.99999999999989 400 5 4.9999999999999991 2.5 8 20 16 6 12 8 1
holed_disc_common_tilted done 1 1 0
S 171.32741228718348 274.19467105846508 5.9999999999999982 3.5000000000000004 -0.49999999999999983 7 15 10 7 15 10 1
tool_misses_heights_cut done 1 1 0
S 499.99999999999989 399.99999999999994 4.9999999999999991 4.9999999999999991 2.5 6 12 8 6 12 8 1
common_offset_heights done 1 1 0
S 49.999999999999986 89.999999999999986 7.5000000000000009 7.5000000000000009 4 6 12 8 6 12 8 1
stacked_fuse_tilted done 1 1 0
S 899.99999999999977 560 6.0000000000000018 4.7000000000000011 1.1000000000000003 14 28 16 6 12 8 1
cap_touch_fuse done 1 1 0
S 999.99999999999977 599.99999999999989 5 5.0000000000000009 4.9999999999999991 10 20 12 6 12 8 1
cap_touch_common done 0 1 0
step_fuse done 1 1 0
S 1050 669.99999999999989 8.2142857142857135 4.9999999999999991 3.6428571428571428 14 30 18 8 18 12 1
pocket_cut done 1 1 0
S 474.86725877128157 425.13274122871832 5.0000000000000009 5.0000000000000009 2.4206112631546262 8 15 10 8 15 10 1
pocket_cut_tilted done 1 1 0
S 214.50221285621788 253.97344572538563 5 1.9197720574807728 0.56159559763458666 12 27 18 12 27 18 1
slot_cut_two_solids done 2 1 0
S 199.99999999999994 279.99999999999994 5 5 1 6 12 8 6 12 8 1
S 199.99999999999994 279.99999999999994 5 5 4 6 12 8 6 12 8 1
cap_touch_stack_fuse done 1 1 0
S 537.69911184307762 437.69911184307745 4.9999999999999991 5 2.7804476407919347 8 15 10 8 15 10 1
partial_heights_cut_tilted done 1 1 0
S 410.00000000000006 400 5.451219512195121 3.0170731707317073 -0.41219512195121932 9 21 14 9 21 14 1
