case peg_tilt_fuse
sphere 0.0 0.0 0.0 0.0 0.0 1.0 1.0 0.0 0.0 5.0 -1.5707963267948966 1.5707963267948966
boolean fuse
plane 0.0 0.0 0.0 0.0 0.0 1.0 1.0 0.0 0.0
wire C 0.0 2.0 0.0 1.0
prism 0.0 0.0 8.0
then fuse
plane 0.0 -0.8 0.6 0.0 -0.8 0.6 1.0 0.0 0.0
wire P 4 -6.0 -4.3999999999999995 -4.200000000000001 6.0 -4.3999999999999995 -4.200000000000001 6.0 4.6 7.8 -6.0 4.6 7.8
prism 0.0 -4.0 3.0
end
case peg_tilt_cut
sphere 0.0 0.0 0.0 0.0 0.0 1.0 1.0 0.0 0.0 5.0 -1.5707963267948966 1.5707963267948966
boolean fuse
plane 0.0 0.0 0.0 0.0 0.0 1.0 1.0 0.0 0.0
wire C 0.0 2.0 0.0 1.0
prism 0.0 0.0 8.0
then cut
plane 0.0 -0.8 0.6 0.0 -0.8 0.6 1.0 0.0 0.0
wire P 4 -6.0 -4.3999999999999995 -4.200000000000001 6.0 -4.3999999999999995 -4.200000000000001 6.0 4.6 7.8 -6.0 4.6 7.8
prism 0.0 -4.0 3.0
end
case peg_tilt_common
sphere 0.0 0.0 0.0 0.0 0.0 1.0 1.0 0.0 0.0 5.0 -1.5707963267948966 1.5707963267948966
boolean fuse
plane 0.0 0.0 0.0 0.0 0.0 1.0 1.0 0.0 0.0
wire C 0.0 2.0 0.0 1.0
prism 0.0 0.0 8.0
then common
plane 0.0 -0.8 0.6 0.0 -0.8 0.6 1.0 0.0 0.0
wire P 4 -6.0 -4.3999999999999995 -4.200000000000001 6.0 -4.3999999999999995 -4.200000000000001 6.0 4.6 7.8 -6.0 4.6 7.8
prism 0.0 -4.0 3.0
end
case peg_wall_fuse
sphere 0.0 0.0 0.0 0.0 0.0 1.0 1.0 0.0 0.0 5.0 -1.5707963267948966 1.5707963267948966
boolean fuse
plane 0.0 0.0 0.0 0.0 0.0 1.0 1.0 0.0 0.0
wire C 0.0 2.0 0.0 1.0
prism 0.0 0.0 8.0
then fuse swapped
plane 0.0 0.0 -8.0 0.0 0.0 1.0 1.0 0.0 0.0
wire P 4 -8.0 2.0 -8.0 8.0 2.0 -8.0 8.0 8.0 -8.0 -8.0 8.0 -8.0
prism 0.0 0.0 18.0
end
case peg_wall_cut
sphere 0.0 0.0 0.0 0.0 0.0 1.0 1.0 0.0 0.0 5.0 -1.5707963267948966 1.5707963267948966
boolean fuse
plane 0.0 0.0 0.0 0.0 0.0 1.0 1.0 0.0 0.0
wire C 0.0 2.0 0.0 1.0
prism 0.0 0.0 8.0
then cut swapped
plane 0.0 0.0 -8.0 0.0 0.0 1.0 1.0 0.0 0.0
wire P 4 -8.0 2.0 -8.0 8.0 2.0 -8.0 8.0 8.0 -8.0 -8.0 8.0 -8.0
prism 0.0 0.0 18.0
end
case peg_wall_common
sphere 0.0 0.0 0.0 0.0 0.0 1.0 1.0 0.0 0.0 5.0 -1.5707963267948966 1.5707963267948966
boolean fuse
plane 0.0 0.0 0.0 0.0 0.0 1.0 1.0 0.0 0.0
wire C 0.0 2.0 0.0 1.0
prism 0.0 0.0 8.0
then common swapped
plane 0.0 0.0 -8.0 0.0 0.0 1.0 1.0 0.0 0.0
wire P 4 -8.0 2.0 -8.0 8.0 2.0 -8.0 8.0 8.0 -8.0 -8.0 8.0 -8.0
prism 0.0 0.0 18.0
end
case peg_pipe_fuse
sphere 0.0 0.0 0.0 0.0 0.0 1.0 1.0 0.0 0.0 5.0 -1.5707963267948966 1.5707963267948966
boolean fuse
plane 0.0 0.0 0.0 0.0 0.0 1.0 1.0 0.0 0.0
wire C 0.0 2.0 0.0 1.0
prism 0.0 0.0 8.0
then fuse
plane -7.0 0.0 0.0 1.0 0.0 0.0 0.0 1.0 0.0
wire C -7.0 2.9 4.1 0.5
prism 14.0 0.0 0.0
end
case peg_pipe_cut
sphere 0.0 0.0 0.0 0.0 0.0 1.0 1.0 0.0 0.0 5.0 -1.5707963267948966 1.5707963267948966
boolean fuse
plane 0.0 0.0 0.0 0.0 0.0 1.0 1.0 0.0 0.0
wire C 0.0 2.0 0.0 1.0
prism 0.0 0.0 8.0
then cut
plane -7.0 0.0 0.0 1.0 0.0 0.0 0.0 1.0 0.0
wire C -7.0 2.9 4.1 0.5
prism 14.0 0.0 0.0
end
case peg_pipe_common
sphere 0.0 0.0 0.0 0.0 0.0 1.0 1.0 0.0 0.0 5.0 -1.5707963267948966 1.5707963267948966
boolean fuse
plane 0.0 0.0 0.0 0.0 0.0 1.0 1.0 0.0 0.0
wire C 0.0 2.0 0.0 1.0
prism 0.0 0.0 8.0
then common
plane -7.0 0.0 0.0 1.0 0.0 0.0 0.0 1.0 0.0
wire C -7.0 2.9 4.1 0.5
prism 14.0 0.0 0.0
end
case peg_ball_fuse
sphere 0.0 0.0 0.0 0.0 0.0 1.0 1.0 0.0 0.0 5.0 -1.5707963267948966 1.5707963267948966
boolean fuse
plane 0.0 0.0 0.0 0.0 0.0 1.0 1.0 0.0 0.0
wire C 0.0 2.0 0.0 1.0
prism 0.0 0.0 8.0
then fuse
sphere 0.25 2.75 4.25 0.0 0.0 1.0 1.0 0.0 0.0 1.0 -1.5707963267948966 1.5707963267948966
end
case peg_ball_cut
sphere 0.0 0.0 0.0 0.0 0.0 1.0 1.0 0.0 0.0 5.0 -1.5707963267948966 1.5707963267948966
boolean fuse
plane 0.0 0.0 0.0 0.0 0.0 1.0 1.0 0.0 0.0
wire C 0.0 2.0 0.0 1.0
prism 0.0 0.0 8.0
then cut
sphere 0.25 2.75 4.25 0.0 0.0 1.0 1.0 0.0 0.0 1.0 -1.5707963267948966 1.5707963267948966
end
case peg_ball_common
sphere 0.0 0.0 0.0 0.0 0.0 1.0 1.0 0.0 0.0 5.0 -1.5707963267948966 1.5707963267948966
boolean fuse
plane 0.0 0.0 0.0 0.0 0.0 1.0 1.0 0.0 0.0
wire C 0.0 2.0 0.0 1.0
prism 0.0 0.0 8.0
then common
sphere 0.25 2.75 4.25 0.0 0.0 1.0 1.0 0.0 0.0 1.0 -1.5707963267948966 1.5707963267948966
end
case peg_cone_fuse
sphere 0.0 0.0 0.0 0.0 0.0 1.0 1.0 0.0 0.0 5.0 -1.5707963267948966 1.5707963267948966
boolean fuse
plane 0.0 0.0 0.0 0.0 0.0 1.0 1.0 0.0 0.0
wire C 0.0 2.0 0.0 1.0
prism 0.0 0.0 8.0
then fuse
cone -1.5 3.2 4.2 1.0 0.0 0.0 0.0 1.0 0.0 1.2 0.4 3.0
end
case peg_cone_cut
sphere 0.0 0.0 0.0 0.0 0.0 1.0 1.0 0.0 0.0 5.0 -1.5707963267948966 1.5707963267948966
boolean fuse
plane 0.0 0.0 0.0 0.0 0.0 1.0 1.0 0.0 0.0
wire C 0.0 2.0 0.0 1.0
prism 0.0 0.0 8.0
then cut
cone -1.5 3.2 4.2 1.0 0.0 0.0 0.0 1.0 0.0 1.2 0.4 3.0
end
case peg_cone_common
sphere 0.0 0.0 0.0 0.0 0.0 1.0 1.0 0.0 0.0 5.0 -1.5707963267948966 1.5707963267948966
boolean fuse
plane 0.0 0.0 0.0 0.0 0.0 1.0 1.0 0.0 0.0
wire C 0.0 2.0 0.0 1.0
prism 0.0 0.0 8.0
then common
cone -1.5 3.2 4.2 1.0 0.0 0.0 0.0 1.0 0.0 1.2 0.4 3.0
end
case cross_tilt_fuse
plane -6.0 0.0 0.0 1.0 0.0 0.0 0.0 1.0 0.0
wire C -6.0 0.0 0.0 2.0
prism 12.0 0.0 0.0
boolean fuse
plane 0.0 0.0 -6.0 0.0 0.0 1.0 1.0 0.0 0.0
wire C 0.0 0.5 -6.0 1.0
prism 0.0 0.0 12.0
then fuse
plane 0.0 0.8999999999999999 1.2000000000000002 0.0 0.6 0.8 1.0 -0.0 0.0
wire P 4 -7.0 -3.900000000000001 4.8 7.0 -3.900000000000001 4.8 7.0 5.700000000000001 -2.3999999999999995 -7.0 5.700000000000001 -2.3999999999999995
prism 0.0 3.0 4.0
end
case cross_tilt_cut
plane -6.0 0.0 0.0 1.0 0.0 0.0 0.0 1.0 0.0
wire C -6.0 0.0 0.0 2.0
prism 12.0 0.0 0.0
boolean fuse
plane 0.0 0.0 -6.0 0.0 0.0 1.0 1.0 0.0 0.0
wire C 0.0 0.5 -6.0 1.0
prism 0.0 0.0 12.0
then cut
plane 0.0 0.8999999999999999 1.2000000000000002 0.0 0.6 0.8 1.0 -0.0 0.0
wire P 4 -7.0 -3.900000000000001 4.8 7.0 -3.900000000000001 4.8 7.0 5.700000000000001 -2.3999999999999995 -7.0 5.700000000000001 -2.3999999999999995
prism 0.0 3.0 4.0
end
case cross_tilt_common
plane -6.0 0.0 0.0 1.0 0.0 0.0 0.0 1.0 0.0
wire C -6.0 0.0 0.0 2.0
prism 12.0 0.0 0.0
boolean fuse
plane 0.0 0.0 -6.0 0.0 0.0 1.0 1.0 0.0 0.0
wire C 0.0 0.5 -6.0 1.0
prism 0.0 0.0 12.0
then common
plane 0.0 0.8999999999999999 1.2000000000000002 0.0 0.6 0.8 1.0 -0.0 0.0
wire P 4 -7.0 -3.900000000000001 4.8 7.0 -3.900000000000001 4.8 7.0 5.700000000000001 -2.3999999999999995 -7.0 5.700000000000001 -2.3999999999999995
prism 0.0 3.0 4.0
end
case cross_wall_fuse
plane -6.0 0.0 0.0 1.0 0.0 0.0 0.0 1.0 0.0
wire C -6.0 0.0 0.0 2.0
prism 12.0 0.0 0.0
boolean fuse
plane 0.0 0.0 -6.0 0.0 0.0 1.0 1.0 0.0 0.0
wire C 0.0 0.5 -6.0 1.0
prism 0.0 0.0 12.0
then fuse
plane 0.0 0.0 -8.0 0.0 0.0 1.0 1.0 0.0 0.0
wire P 4 0.0 -8.0 -8.0 8.0 -8.0 -8.0 8.0 8.0 -8.0 0.0 8.0 -8.0
prism 0.0 0.0 16.0
end
case cross_wall_cut
plane -6.0 0.0 0.0 1.0 0.0 0.0 0.0 1.0 0.0
wire C -6.0 0.0 0.0 2.0
prism 12.0 0.0 0.0
boolean fuse
plane 0.0 0.0 -6.0 0.0 0.0 1.0 1.0 0.0 0.0
wire C 0.0 0.5 -6.0 1.0
prism 0.0 0.0 12.0
then cut
plane 0.0 0.0 -8.0 0.0 0.0 1.0 1.0 0.0 0.0
wire P 4 0.0 -8.0 -8.0 8.0 -8.0 -8.0 8.0 8.0 -8.0 0.0 8.0 -8.0
prism 0.0 0.0 16.0
end
case cross_wall_common
plane -6.0 0.0 0.0 1.0 0.0 0.0 0.0 1.0 0.0
wire C -6.0 0.0 0.0 2.0
prism 12.0 0.0 0.0
boolean fuse
plane 0.0 0.0 -6.0 0.0 0.0 1.0 1.0 0.0 0.0
wire C 0.0 0.5 -6.0 1.0
prism 0.0 0.0 12.0
then common
plane 0.0 0.0 -8.0 0.0 0.0 1.0 1.0 0.0 0.0
wire P 4 0.0 -8.0 -8.0 8.0 -8.0 -8.0 8.0 8.0 -8.0 0.0 8.0 -8.0
prism 0.0 0.0 16.0
end
case cross_ball_fuse
plane -6.0 0.0 0.0 1.0 0.0 0.0 0.0 1.0 0.0
wire C -6.0 0.0 0.0 2.0
prism 12.0 0.0 0.0
boolean fuse
plane 0.0 0.0 -6.0 0.0 0.0 1.0 1.0 0.0 0.0
wire C 0.0 0.5 -6.0 1.0
prism 0.0 0.0 12.0
then fuse
sphere 0.95 0.6 1.9 0.0 0.0 1.0 1.0 0.0 0.0 0.6 -1.5707963267948966 1.5707963267948966
end
case cross_ball_cut
plane -6.0 0.0 0.0 1.0 0.0 0.0 0.0 1.0 0.0
wire C -6.0 0.0 0.0 2.0
prism 12.0 0.0 0.0
boolean fuse
plane 0.0 0.0 -6.0 0.0 0.0 1.0 1.0 0.0 0.0
wire C 0.0 0.5 -6.0 1.0
prism 0.0 0.0 12.0
then cut
sphere 0.95 0.6 1.9 0.0 0.0 1.0 1.0 0.0 0.0 0.6 -1.5707963267948966 1.5707963267948966
end
case cross_ball_common
plane -6.0 0.0 0.0 1.0 0.0 0.0 0.0 1.0 0.0
wire C -6.0 0.0 0.0 2.0
prism 12.0 0.0 0.0
boolean fuse
plane 0.0 0.0 -6.0 0.0 0.0 1.0 1.0 0.0 0.0
wire C 0.0 0.5 -6.0 1.0
prism 0.0 0.0 12.0
then common
sphere 0.95 0.6 1.9 0.0 0.0 1.0 1.0 0.0 0.0 0.6 -1.5707963267948966 1.5707963267948966
end
case frustum_pipe_wall_fuse
cone 0.0 0.0 0.0 0.0 0.0 1.0 1.0 0.0 0.0 3.0 1.0 4.0
boolean fuse
plane -5.0 0.0 0.0 1.0 0.0 0.0 0.0 1.0 0.0
wire C -5.0 0.5 2.0 0.6
prism 10.0 0.0 0.0
then fuse
plane 0.0 0.0 -8.0 0.0 0.0 1.0 1.0 0.0 0.0
wire P 4 1.85 -8.0 -8.0 8.0 -8.0 -8.0 8.0 8.0 -8.0 1.85 8.0 -8.0
prism 0.0 0.0 16.0
end
case frustum_pipe_wall_cut
cone 0.0 0.0 0.0 0.0 0.0 1.0 1.0 0.0 0.0 3.0 1.0 4.0
boolean fuse
plane -5.0 0.0 0.0 1.0 0.0 0.0 0.0 1.0 0.0
wire C -5.0 0.5 2.0 0.6
prism 10.0 0.0 0.0
then cut
plane 0.0 0.0 -8.0 0.0 0.0 1.0 1.0 0.0 0.0
wire P 4 1.85 -8.0 -8.0 8.0 -8.0 -8.0 8.0 8.0 -8.0 1.85 8.0 -8.0
prism 0.0 0.0 16.0
end
case frustum_pipe_wall_common
cone 0.0 0.0 0.0 0.0 0.0 1.0 1.0 0.0 0.0 3.0 1.0 4.0
boolean fuse
plane -5.0 0.0 0.0 1.0 0.0 0.0 0.0 1.0 0.0
wire C -5.0 0.5 2.0 0.6
prism 10.0 0.0 0.0
then common
plane 0.0 0.0 -8.0 0.0 0.0 1.0 1.0 0.0 0.0
wire P 4 1.85 -8.0 -8.0 8.0 -8.0 -8.0 8.0 8.0 -8.0 1.85 8.0 -8.0
prism 0.0 0.0 16.0
end
case torus_rod_tilt_fuse
torus 0.0 0.0 0.0 0.0 0.0 1.0 1.0 0.0 0.0 3.0 1.0
boolean fuse
plane 0.0 0.0 -3.0 0.0 0.0 1.0 1.0 0.0 0.0
wire C 3.0 0.0 -3.0 0.5
prism 0.0 0.0 6.0
then fuse
plane 0.0 -0.24 0.18 0.0 -0.8 0.6 1.0 0.0 0.0
wire P 4 -5.0 -3.84 -4.620000000000001 5.0 -3.84 -4.620000000000001 5.0 3.3599999999999994 4.98 -5.0 3.3599999999999994 4.98
prism 0.0 -4.16 3.12
end
case torus_rod_tilt_cut
torus 0.0 0.0 0.0 0.0 0.0 1.0 1.0 0.0 0.0 3.0 1.0
boolean fuse
plane 0.0 0.0 -3.0 0.0 0.0 1.0 1.0 0.0 0.0
wire C 3.0 0.0 -3.0 0.5
prism 0.0 0.0 6.0
then cut
plane 0.0 -0.24 0.18 0.0 -0.8 0.6 1.0 0.0 0.0
wire P 4 -5.0 -3.84 -4.620000000000001 5.0 -3.84 -4.620000000000001 5.0 3.3599999999999994 4.98 -5.0 3.3599999999999994 4.98
prism 0.0 -4.16 3.12
end
case torus_rod_tilt_common
torus 0.0 0.0 0.0 0.0 0.0 1.0 1.0 0.0 0.0 3.0 1.0
boolean fuse
plane 0.0 0.0 -3.0 0.0 0.0 1.0 1.0 0.0 0.0
wire C 3.0 0.0 -3.0 0.5
prism 0.0 0.0 6.0
then common
plane 0.0 -0.24 0.18 0.0 -0.8 0.6 1.0 0.0 0.0
wire P 4 -5.0 -3.84 -4.620000000000001 5.0 -3.84 -4.620000000000001 5.0 3.3599999999999994 4.98 -5.0 3.3599999999999994 4.98
prism 0.0 -4.16 3.12
end
case torus_rod_wall_fuse
torus 0.0 0.0 0.0 0.0 0.0 1.0 1.0 0.0 0.0 3.0 1.0
boolean fuse
plane 0.0 0.0 -3.0 0.0 0.0 1.0 1.0 0.0 0.0
wire C 3.1 0.0 -3.0 0.5
prism 0.0 0.0 6.0
then fuse
plane 0.0 0.0 -4.0 0.0 0.0 1.0 1.0 0.0 0.0
wire P 4 3.1 -8.0 -4.0 8.0 -8.0 -4.0 8.0 8.0 -4.0 3.1 8.0 -4.0
prism 0.0 0.0 8.0
end
case torus_rod_wall_cut
torus 0.0 0.0 0.0 0.0 0.0 1.0 1.0 0.0 0.0 3.0 1.0
boolean fuse
plane 0.0 0.0 -3.0 0.0 0.0 1.0 1.0 0.0 0.0
wire C 3.1 0.0 -3.0 0.5
prism 0.0 0.0 6.0
then cut
plane 0.0 0.0 -4.0 0.0 0.0 1.0 1.0 0.0 0.0
wire P 4 3.1 -8.0 -4.0 8.0 -8.0 -4.0 8.0 8.0 -4.0 3.1 8.0 -4.0
prism 0.0 0.0 8.0
end
case torus_rod_wall_common
torus 0.0 0.0 0.0 0.0 0.0 1.0 1.0 0.0 0.0 3.0 1.0
boolean fuse
plane 0.0 0.0 -3.0 0.0 0.0 1.0 1.0 0.0 0.0
wire C 3.1 0.0 -3.0 0.5
prism 0.0 0.0 6.0
then common
plane 0.0 0.0 -4.0 0.0 0.0 1.0 1.0 0.0 0.0
wire P 4 3.1 -8.0 -4.0 8.0 -8.0 -4.0 8.0 8.0 -4.0 3.1 8.0 -4.0
prism 0.0 0.0 8.0
end
case cone_cut_rod_fuse
cone 0.0 0.0 0.0 0.0 0.0 1.0 1.0 0.0 0.0 3.0 1.0 4.0
boolean cut
plane 0.0 1.32 1.7600000000000002 0.0 0.6 0.8 1.0 -0.0 0.0
wire P 4 -4.0 -2.6799999999999997 4.76 4.0 -2.6799999999999997 4.76 4.0 5.32 -1.2399999999999998 -4.0 5.32 -1.2399999999999998
prism 0.0 1.9799999999999998 2.64
then fuse
plane 0.0 0.0 -1.0 0.0 0.0 1.0 1.0 0.0 0.0
wire C 0.1 2.5 -1.0 0.4
prism 0.0 0.0 7.0
end
case cone_cut_rod_cut
cone 0.0 0.0 0.0 0.0 0.0 1.0 1.0 0.0 0.0 3.0 1.0 4.0
boolean cut
plane 0.0 1.32 1.7600000000000002 0.0 0.6 0.8 1.0 -0.0 0.0
wire P 4 -4.0 -2.6799999999999997 4.76 4.0 -2.6799999999999997 4.76 4.0 5.32 -1.2399999999999998 -4.0 5.32 -1.2399999999999998
prism 0.0 1.9799999999999998 2.64
then cut
plane 0.0 0.0 -1.0 0.0 0.0 1.0 1.0 0.0 0.0
wire C 0.1 2.5 -1.0 0.4
prism 0.0 0.0 7.0
end
case cone_cut_rod_common
cone 0.0 0.0 0.0 0.0 0.0 1.0 1.0 0.0 0.0 3.0 1.0 4.0
boolean cut
plane 0.0 1.32 1.7600000000000002 0.0 0.6 0.8 1.0 -0.0 0.0
wire P 4 -4.0 -2.6799999999999997 4.76 4.0 -2.6799999999999997 4.76 4.0 5.32 -1.2399999999999998 -4.0 5.32 -1.2399999999999998
prism 0.0 1.9799999999999998 2.64
then common
plane 0.0 0.0 -1.0 0.0 0.0 1.0 1.0 0.0 0.0
wire C 0.1 2.5 -1.0 0.4
prism 0.0 0.0 7.0
end
case cone_cut_ball_fuse
cone 0.0 0.0 0.0 0.0 0.0 1.0 1.0 0.0 0.0 3.0 1.0 4.0
boolean cut
plane 0.0 1.32 1.7600000000000002 0.0 0.6 0.8 1.0 -0.0 0.0
wire P 4 -4.0 -2.6799999999999997 4.76 4.0 -2.6799999999999997 4.76 4.0 5.32 -1.2399999999999998 -4.0 5.32 -1.2399999999999998
prism 0.0 1.9799999999999998 2.64
then fuse
sphere 0.2 -1.2 3.6 0.0 0.0 1.0 1.0 0.0 0.0 0.6 -1.5707963267948966 1.5707963267948966
end
case cone_cut_ball_cut
cone 0.0 0.0 0.0 0.0 0.0 1.0 1.0 0.0 0.0 3.0 1.0 4.0
boolean cut
plane 0.0 1.32 1.7600000000000002 0.0 0.6 0.8 1.0 -0.0 0.0
wire P 4 -4.0 -2.6799999999999997 4.76 4.0 -2.6799999999999997 4.76 4.0 5.32 -1.2399999999999998 -4.0 5.32 -1.2399999999999998
prism 0.0 1.9799999999999998 2.64
then cut
sphere 0.2 -1.2 3.6 0.0 0.0 1.0 1.0 0.0 0.0 0.6 -1.5707963267948966 1.5707963267948966
end
case cone_cut_ball_common
cone 0.0 0.0 0.0 0.0 0.0 1.0 1.0 0.0 0.0 3.0 1.0 4.0
boolean cut
plane 0.0 1.32 1.7600000000000002 0.0 0.6 0.8 1.0 -0.0 0.0
wire P 4 -4.0 -2.6799999999999997 4.76 4.0 -2.6799999999999997 4.76 4.0 5.32 -1.2399999999999998 -4.0 5.32 -1.2399999999999998
prism 0.0 1.9799999999999998 2.64
then common
sphere 0.2 -1.2 3.6 0.0 0.0 1.0 1.0 0.0 0.0 0.6 -1.5707963267948966 1.5707963267948966
end
case torus_cut_pipe_fuse
torus 0.0 0.0 0.0 0.0 0.0 1.0 1.0 0.0 0.0 3.0 1.0
boolean cut
plane 0.0 0.0 -4.0 0.0 0.0 1.0 1.0 0.0 0.0
wire P 4 2.5 -8.0 -4.0 8.0 -8.0 -4.0 8.0 8.0 -4.0 2.5 8.0 -4.0
prism 0.0 0.0 8.0
then fuse
plane -6.0 0.0 0.0 1.0 0.0 0.0 0.0 1.0 0.0
wire C -6.0 1.6 1.0 0.4
prism 12.0 0.0 0.0
end
case torus_cut_pipe_cut
torus 0.0 0.0 0.0 0.0 0.0 1.0 1.0 0.0 0.0 3.0 1.0
boolean cut
plane 0.0 0.0 -4.0 0.0 0.0 1.0 1.0 0.0 0.0
wire P 4 2.5 -8.0 -4.0 8.0 -8.0 -4.0 8.0 8.0 -4.0 2.5 8.0 -4.0
prism 0.0 0.0 8.0
then cut
plane -6.0 0.0 0.0 1.0 0.0 0.0 0.0 1.0 0.0
wire C -6.0 1.6 1.0 0.4
prism 12.0 0.0 0.0
end
case torus_cut_pipe_common
torus 0.0 0.0 0.0 0.0 0.0 1.0 1.0 0.0 0.0 3.0 1.0
boolean cut
plane 0.0 0.0 -4.0 0.0 0.0 1.0 1.0 0.0 0.0
wire P 4 2.5 -8.0 -4.0 8.0 -8.0 -4.0 8.0 8.0 -4.0 2.5 8.0 -4.0
prism 0.0 0.0 8.0
then common
plane -6.0 0.0 0.0 1.0 0.0 0.0 0.0 1.0 0.0
wire C -6.0 1.6 1.0 0.4
prism 12.0 0.0 0.0
end
case torus_cut_ball_fuse
torus 0.0 0.0 0.0 0.0 0.0 1.0 1.0 0.0 0.0 3.0 1.0
boolean cut
plane 0.0 0.0 -4.0 0.0 0.0 1.0 1.0 0.0 0.0
wire P 4 2.5 -8.0 -4.0 8.0 -8.0 -4.0 8.0 8.0 -4.0 2.5 8.0 -4.0
prism 0.0 0.0 8.0
then fuse
sphere 2.6 -1.6 -0.9 0.0 0.0 1.0 1.0 0.0 0.0 0.5 -1.5707963267948966 1.5707963267948966
end
case torus_cut_ball_cut
torus 0.0 0.0 0.0 0.0 0.0 1.0 1.0 0.0 0.0 3.0 1.0
boolean cut
plane 0.0 0.0 -4.0 0.0 0.0 1.0 1.0 0.0 0.0
wire P 4 2.5 -8.0 -4.0 8.0 -8.0 -4.0 8.0 8.0 -4.0 2.5 8.0 -4.0
prism 0.0 0.0 8.0
then cut
sphere 2.6 -1.6 -0.9 0.0 0.0 1.0 1.0 0.0 0.0 0.5 -1.5707963267948966 1.5707963267948966
end
case torus_cut_ball_common
torus 0.0 0.0 0.0 0.0 0.0 1.0 1.0 0.0 0.0 3.0 1.0
boolean cut
plane 0.0 0.0 -4.0 0.0 0.0 1.0 1.0 0.0 0.0
wire P 4 2.5 -8.0 -4.0 8.0 -8.0 -4.0 8.0 8.0 -4.0 2.5 8.0 -4.0
prism 0.0 0.0 8.0
then common
sphere 2.6 -1.6 -0.9 0.0 0.0 1.0 1.0 0.0 0.0 0.5 -1.5707963267948966 1.5707963267948966
end
case peg_touch_fuse
sphere 0.0 0.0 0.0 0.0 0.0 1.0 1.0 0.0 0.0 5.0 -1.5707963267948966 1.5707963267948966
boolean fuse
plane 0.0 0.0 0.0 0.0 0.0 1.0 1.0 0.0 0.0
wire C 0.0 2.0 0.0 1.0
prism 0.0 0.0 8.0
then fuse
plane 0.0 0.0 4.0 0.0 0.0 1.0 1.0 0.0 0.0
wire P 4 -8.0 -8.0 4.0 8.0 -8.0 4.0 8.0 8.0 4.0 -8.0 8.0 4.0
prism 0.0 0.0 8.0
end
case peg_touch_cut
sphere 0.0 0.0 0.0 0.0 0.0 1.0 1.0 0.0 0.0 5.0 -1.5707963267948966 1.5707963267948966
boolean fuse
plane 0.0 0.0 0.0 0.0 0.0 1.0 1.0 0.0 0.0
wire C 0.0 2.0 0.0 1.0
prism 0.0 0.0 8.0
then cut
plane 0.0 0.0 4.0 0.0 0.0 1.0 1.0 0.0 0.0
wire P 4 -8.0 -8.0 4.0 8.0 -8.0 4.0 8.0 8.0 4.0 -8.0 8.0 4.0
prism 0.0 0.0 8.0
end
case peg_touch_common
sphere 0.0 0.0 0.0 0.0 0.0 1.0 1.0 0.0 0.0 5.0 -1.5707963267948966 1.5707963267948966
boolean fuse
plane 0.0 0.0 0.0 0.0 0.0 1.0 1.0 0.0 0.0
wire C 0.0 2.0 0.0 1.0
prism 0.0 0.0 8.0
then common
plane 0.0 0.0 4.0 0.0 0.0 1.0 1.0 0.0 0.0
wire P 4 -8.0 -8.0 4.0 8.0 -8.0 4.0 8.0 8.0 4.0 -8.0 8.0 4.0
prism 0.0 0.0 8.0
end
case peg_kiss_fuse
sphere 0.0 0.0 0.0 0.0 0.0 1.0 1.0 0.0 0.0 5.0 -1.5707963267948966 1.5707963267948966
boolean fuse
plane 0.0 0.0 0.0 0.0 0.0 1.0 1.0 0.0 0.0
wire C 0.0 2.0 0.0 1.0
prism 0.0 0.0 8.0
then fuse
sphere 0.0 3.75 4.3125 0.0 0.0 1.0 1.0 0.0 0.0 0.8125 -1.5707963267948966 1.5707963267948966
end
case peg_kiss_cut
sphere 0.0 0.0 0.0 0.0 0.0 1.0 1.0 0.0 0.0 5.0 -1.5707963267948966 1.5707963267948966
boolean fuse
plane 0.0 0.0 0.0 0.0 0.0 1.0 1.0 0.0 0.0
wire C 0.0 2.0 0.0 1.0
prism 0.0 0.0 8.0
then cut
sphere 0.0 3.75 4.3125 0.0 0.0 1.0 1.0 0.0 0.0 0.8125 -1.5707963267948966 1.5707963267948966
end
