peg_tilt_fuse done 1 1 0
S 1240.206146022743 742.49782619334928 -1.4962652859690268e-09 -1.0850431778279948 2.1793665658468311 8 18 12 8 18 12 1
peg_tilt_cut done 1 1 0
S 340.20614568771617 267.73847768765347 -7.4495308429332735e-09 1.0708882973623541 -0.78521859485021528 3 6 4 3 6 4 1
peg_tilt_common done 1 1 0
S 194.3188005776635 223.55777394187987 -5.8143408634813485e-10 -1.7606181648148336 1.7263683672991588 4 9 6 4 9 6 1
peg_wall_fuse done 1 1 0
S 2143.6687229991262 1141.1537401368364 1.543276391328979e-10 3.8727161140782167 0.82141025728536077 9 21 14 9 21 14 1
peg_wall_cut done 1 1 0
S 1609.1437760640765 1017.1387374948143 4.3541970468413525e-10 5.1453567783662244 1.0518027446491969 9 18 12 9 18 12 1
peg_wall_common done 1 1 0
S 118.85622117661049 178.90186198570586 -1.4719028488196263e-08 3.032076529046364 0.29866467517766715 4 6 4 4 6 4 1
peg_pipe_fuse done 1 1 0
S 544.35002399386315 371.95688698941609 -5.0204504053183239e-08 0.093465108259775068 0.19981197040868451 6 12 8 6 12 8 1
peg_pipe_cut done 1 1 0
S 533.35444229628388 337.7980100788086 -1.0497723504157198e-08 0.035605867879875658 0.11940608297317175 4 9 6 4 9 6 1
peg_pipe_common done 1 1 0
S 1.1704995137367842 9.6518174578596199 7.6298701604331572e-06 2.7432869900957551 3.9674145292045733 3 3 2 3 3 2 1
peg_ball_fuse done 1 1 0
S 536.00421339902823 337.73418877049448 0.00097243851804410019 0.050178162836108604 0.1396052513250286 5 12 8 4 10 7 1
peg_ball_cut done 1 1 0
S 531.81542371528894 340.10076715029231 -0.00098900141257344046 0.028913292650485554 0.10723014865680766 4 15 10 4 15 10 1
peg_ball_common done 1 1 0
S 2.7095220473322836 10.887779162256209 0.19411724129861976 2.5189069615781876 4.1715807717067914 3 9 6 3 9 6 1
peg_cone_fuse done 1 1 0
S 539.08012662485237 344.39125902170599 -0.0037863893318959407 0.069697632798303058 0.16339238794299113 6 15 10 6 15 10 1
peg_cone_cut done 1 1 0
S 532.54562117128592 338.53555161093823 0.0018303833589620459 0.031287817190108605 0.11386192026377678 5 12 8 5 12 8 1
peg_cone_common done 1 1 0
S 1.9793326654210339 12.297488683782291 -0.49246641005292735 2.7986183826974571 3.8866637808959945 4 6 4 4 6 4 1
cross_tilt_fuse done 1 1 0
S 992.95328365435535 729.42359209621418 5.5413025652788903e-08 2.0258645973850533 2.6408318236038633 13 27 18 12 24 16 1
cross_tilt_cut done 1 1 0
S 152.95341796015717 197.81337003201406 2.1171843435495482e-07 -0.028838900124390242 -0.43004851787073101 8 15 10 7 12 8 1
cross_tilt_common done 1 1 0
S 23.829215942375644 94.92628652004089 -3.7230366343929967e-08 0.74883689995031455 2.7603730606995578 6 12 8 6 12 8 1
cross_wall_fuse done 1 1 0
S 2136.3915134569793 1108.9643451622746 3.7260542578751616 0.0031438580501424126 7.8990156382879687e-17 12 27 18 12 27 18 1
cross_wall_cut done 1 1 0
S 88.391509208342754 143.38602907845643 -2.6211712422023314 0.075985931338939175 2.009646464134126e-16 7 15 10 7 15 10 1
cross_wall_common done 1 1 0
S 88.391532498510514 143.38605296817201 2.6211707224927978 0.075985684119554434 -6.4911563688065862e-15 9 21 14 7 17 12 1
cross_ball_fuse done 1 1 0
S 177.02463873406899 228.49545975144648 0.0015878494259283368 0.076837631612701976 0.0028624383487604846 9 15 10 8 14 10 1
cross_ball_cut done 1 1 0
S 176.11986002487416 230.34529485967391 -0.0032844279221542283 0.074149994832305985 -0.0068836456691405579 8 18 12 8 18 12 1
cross_ball_common done 1 1 0
S 0.66265717187409445 4.3780952950282073 0.8728521332437158 0.56407841945745996 1.8296923189541996 4 12 8 3 11 8 1
frustum_pipe_wall_fuse done 1 1 0
S 1629.0741655980605 985.01973554831829 4.7478999587732043 0.0011132339206048919 0.049375981228426638 13 27 18 12 25 17 1
frustum_pipe_wall_cut done 1 1 0
S 54.674162922757333 94.064086811586236 -0.35188158539362951 0.033169884617144915 1.4712092713657439 8 15 10 7 13 9 1
frustum_pipe_wall_common done 1 1 0
S 6.767868817950383 31.293935402145493 2.8426734883689151 0.25630065988355283 1.3361426197261643 6 12 8 5 10 7 1
torus_rod_tilt_fuse done 1 1 0
S 657.59326611254551 531.21433242526678 0.007303746094729305 -2.1144671207967436 1.6444871624591375 12 28 18 12 28 18 1
torus_rod_tilt_cut done 1 1 0
S 33.593242790394314 78.631281301802034 0.14297202884546778 1.703337920117163 -0.12967886264859602 8 16 10 8 16 10 1
torus_rod_tilt_common done 1 1 0
S 28.816716171678408 68.945444368596455 0.16569109825667322 -1.985675047670189 0.15117318514975836 7 14 9 7 14 9 1
torus_rod_wall_fuse done 1 1 0
S 683.73576313951844 591.57354830370764 5.0764735733412536 -4.5566341922125995e-10 -6.7812156110189045e-10 11 30 20 11 30 20 1
torus_rod_wall_cut done 1 1 0
S 56.535763275250815 125.47644558459881 -0.17676351694477871 9.2812559841832326e-10 -9.2723829138097074e-09 6 18 12 6 18 12 1
torus_rod_wall_common done 1 1 0
S 5.8847132913365652 31.027041133343989 3.3872984586937056 5.227213710761074e-07 4.8668807290219749e-09 11 24 15 9 20 13 1
cone_cut_rod_fuse done 1 1 0
S 48.376584313983699 96.601571598866883 0.0064373601181230916 0.037120751607958351 1.1937512472291945 7 12 8 7 12 8 1
cone_cut_rod_cut done 1 1 0
S 44.857999921112722 81.824565232714079 -0.00090155129889766411 -0.15606325547461669 1.0912913744248789 4 9 6 4 9 6 1
cone_cut_rod_common done 1 1 0
S 0.40974285993322501 3.2262330314723497 0.09869143902131769 2.4436848649198564 0.44201968227043825 4 6 4 4 6 4 1
cone_cut_ball_fuse done 1 1 0
S 45.976569551483792 83.719825459093457 0.0032418959003105204 -0.14944492653100913 1.1255132075656975 4 9 6 4 9 6 1
cone_cut_ball_cut done 1 1 0
S 45.071790815122853 81.059854530937272 -0.00070785940324922365 -0.12835590759077323 1.0758399434407029 4 9 6 4 9 6 1
cone_cut_ball_common done 1 1 0
S 0.19595290176491337 2.0336496885049455 0.16281798061637337 -1.0929634361056437 3.2876644421143961 3 6 4 3 6 4 1
torus_cut_pipe_fuse done 1 1 0
S 54.539002846810703 134.09764226818137 -0.56432902407611274 0.16295254378941759 0.10375848227606856 5 17 11 5 17 11 1
torus_cut_pipe_cut done 1 1 0
S 48.507127117810072 108.80815889528378 -0.63450383367359386 -0.015744614475267003 -0.0076894632313931023 4 12 9 4 12 9 1
torus_cut_pipe_common done 2 1 0
S 0.15706142963489628 2.0681938943645273 2.1213281392560588 1.6529870612261999 0.79203462107113709 3 4 3 3 4 3 1
S 0.31311717417105156 3.5086069827559339 -2.4868037235138609 1.6100968129750908 0.79396939069109984 2 2 2 2 2 2 1
torus_cut_ball_fuse done 1 1 0
S 49.387371679309979 110.19720022782593 -0.61005983445905754 -0.013262796506731291 -0.0077873760626940465 3 13 9 3 13 9 1
torus_cut_ball_cut done 1 1 0
S 48.863773035376262 108.44493265791014 -0.64445715936940584 0.0037398444042105994 0.001773117690573542 3 10 7 3 10 7 1
torus_cut_ball_common done 1 1 0
S 0.11348384018302592 1.4542322457029924 2.3542245886368125 -1.6102973897782393 -0.76342788077422907 3 4 3 3 4 3 1
peg_touch_fuse done 1 1 0
S 2556.9380098815463 1278.4690049407732 -2.4454155910406877e-16 -1.6812232188404728e-16 6.3827838945226807 7 16 11 7 15 10 1
peg_touch_cut done 1 1 0
S 508.93800988154652 311.01767270538949 -1.2390638265235099e-16 4.8864488933321518e-17 -0.12499999999999949 2 4 3 2 3 2 1
peg_touch_common done 1 1 0
S 25.586933553940998 81.586600242648998 -2.0849497253522682e-08 0.86769148654228001 5.1568069385622533 4 8 5 4 8 5 1
peg_kiss_fuse done 1 1 0
S 536.74415625065967 343.0398685676937 1.9335632533432522e-09 0.056897231010877812 0.14515573865314677 4 13 8 4 13 8 1
peg_kiss_cut done 1 1 0
S 534.49738772392152 336.08302627212441 2.1336483692596634e-09 0.041373211313722257 0.12763823886418232 5 10 6 5 10 6 1
