parabola_secant S 2 0 3 2 -2 2 -2 1 0 2 1 0 -2 4 0 1 0 -4 0 1 2 4 0 1 -2 3 2 3
parabola_secant_reversed S 2 0 3 2 -2 2 2 1 0 -2 1 0 -2 4 0 1 0 -4 0 1 2 4 0 1 -2 3 2 3
parabola_one_hit S 2 0 3 2 -2 2 0 1 0 2 1 0 -2 4 0 1 0 -4 0 1 2 4 0 1 -2 3 2 3
parabola_tangent S 2 0 3 2 -2 2 -1 0 0 1 0 0 -2 4 0 1 0 -4 0 1 2 4 0 1 -2 3 2 3
parabola_skew S 2 0 3 2 -2 2 -2 1 1 2 1 1 -2 4 0 1 0 -4 0 1 2 4 0 1 -2 3 2 3
parabola_outside_segment S 2 0 3 2 -2 2 2 1 0 3 1 0 -2 4 0 1 0 -4 0 1 2 4 0 1 -2 3 2 3
parabola_line L 2 0 3 2 -2 2 2 1 0 3 1 0 -2 4 0 1 0 -4 0 1 2 4 0 1 -2 3 2 3
parabola_trimmed S 2 0 3 2 0 2 -2 1 0 2 1 0 -2 4 0 1 0 -4 0 1 2 4 0 1 -2 3 2 3
parabola_closed_ends S 2 0 3 2 -1 1 -1 1 0 1 1 0 -2 4 0 1 0 -4 0 1 2 4 0 1 -2 3 2 3
near_tangent_-40_-1 S 2 0 3 2 -1 1 -1 0 0 1 0 0 -1 0.99999999999909051 0 1 0 -1.0000000000009095 0 1 1 0.99999999999909051 0 1 -1 3 1 3
near_tangent_-40_1 S 2 0 3 2 -1 1 -1 0 0 1 0 0 -1 1.0000000000009095 0 1 0 -0.99999999999909051 0 1 1 1.0000000000009095 0 1 -1 3 1 3
near_tangent_-20_-1 S 2 0 3 2 -1 1 -1 0 0 1 0 0 -1 0.99999904632568359 0 1 0 -1.0000009536743164 0 1 1 0.99999904632568359 0 1 -1 3 1 3
near_tangent_-20_1 S 2 0 3 2 -1 1 -1 0 0 1 0 0 -1 1.0000009536743164 0 1 0 -0.99999904632568359 0 1 1 1.0000009536743164 0 1 -1 3 1 3
rounded_space_near_tangent S 3 0 4 2 -2 2 -1 0 0 1 0 0 -2 4 -8 1 -0.66666666666666663 -1.3333333333333333 8 1 0.66666666666666663 -1.3333333333333333 -8 1 2 4 8 1 -2 4 2 4
space_tangent S 3 0 4 2 -2 2 -1 0 0 1 0 0 -6 12 -8 1 -2 -4 8 1 2 -4 -8 1 6 12 8 1 -2 4 2 4
space_endpoint_pair S 3 0 4 2 -2 2 -3 3 -1 3 3 1 -6 12 -8 1 -2 -4 8 1 2 -4 -8 1 6 12 8 1 -2 4 2 4
space_skew S 3 0 4 2 -2 2 -3 3 0 3 3 0 -6 12 -8 1 -2 -4 8 1 2 -4 -8 1 6 12 8 1 -2 4 2 4
collinear_disconnected_parameters S 2 0 3 2 -2 2 1 0 0 2 0 0 4 0 0 1 -4 0 0 1 4 0 0 1 -2 3 2 3
collinear_whole_line L 2 0 3 2 -2 2 1 0 0 2 0 0 4 0 0 1 -4 0 0 1 4 0 0 1 -2 3 2 3
collinear_connected_parameters S 2 0 3 2 -2 2 0 0 0 1 0 0 4 0 0 1 -4 0 0 1 4 0 0 1 -2 3 2 3
collinear_touch_only S 2 0 3 2 -2 2 -1 0 0 0 0 0 4 0 0 1 -4 0 0 1 4 0 0 1 -2 3 2 3
rational_circle_diagonal S 2 0 3 2 0 1 0 0 0 1 1 0 1 0 0 1 1 1 0 1 0 1 0 2 0 3 1 3
rational_circle_endpoints S 2 0 3 2 0 1 1 0 0 0 1 0 1 0 0 1 1 1 0 1 0 1 0 2 0 3 1 3
rational_circle_tangent S 2 0 3 2 0 1 1 -1 0 1 1 0 1 0 0 1 1 1 0 1 0 1 0 2 0 3 1 3
polyline_partial_overlap S 1 0 4 4 0 3 0.5 0 0 2 0 0 -1 1 0 1 0 0 0 1 1 0 0 1 2 1 0 1 0 2 1 1 2 1 3 2
polyline_knot_hit S 1 0 4 4 0 3 0 -1 0 0 1 0 -1 1 0 1 0 0 0 1 1 0 0 1 2 1 0 1 0 2 1 1 2 1 3 2
periodic_one_turn S 1 1 3 4 0 3 -1 0 0 2 0 0 0 0 0 1 1 0 0 1 0 1 0 1 0 1 1 1 2 1 3 1
periodic_multiple_turns S 1 1 3 4 -3 6 -1 0 0 2 0 0 0 0 0 1 1 0 0 1 0 1 0 1 0 1 1 1 2 1 3 1
chebyshev_3 S 3 0 4 2 -1 1 -1 0 0 1 0 0 0 -1 0 1 0 5 0 1 0 -5 0 1 0 1 0 1 -1 4 1 4
chebyshev_8 S 8 0 9 2 -1 1 -1 0 0 1 0 0 0 1 0 1 0 -15 0 1 0 65 0 1 0 -143 0 1 0 183.85714285714286 0 1 0 -143 0 1 0 65 0 1 0 -15 0 1 0 1 0 1 -1 9 1 9
chebyshev_25 S 25 0 26 2 -1 1 -1 0 0 1 0 0 0 -1 0 1 0 49 0 1 0 -767.66666666666663 0 1 0 6909 0 1 0 -42441 0 1 0 193342.33333333334 0 1 0 -685486.45454545459 0 1 0 1950999.9090909092 0 1 0 -4552333.1212121211 0 1 0 8836881.9411764704 0 1 0 -14418070.535603715 0 1 0 19910668.834881321 0 1 0 -23373393.84964329 0 1 0 23373393.84964329 0 1 0 -19910668.834881321 0 1 0 14418070.535603715 0 1 0 -8836881.9411764704 0 1 0 4552333.1212121211 0 1 0 -1950999.9090909092 0 1 0 685486.45454545459 0 1 0 -193342.33333333334 0 1 0 42441 0 1 0 -6909 0 1 0 767.66666666666663 0 1 0 -49 0 1 0 1 0 1 -1 26 1 26
