body box
DBRep_DrawableShape

CASCADE Topology V1, (c) Matra-Datavision
Locations 0
Curve2ds 24
1 0 -20 0 1
1 40 -20 -1 0
1 40 0 0 -1
1 0 0 1 0
1 0 0 1 0
1 40 0 0 1
1 40 20 -1 0
1 0 20 0 -1
1 0 0 1 0
1 40 0 0 1
1 0 10 1 0
1 0 0 0 1
1 0 0 1 0
1 20 0 0 1
1 0 10 1 0
1 0 0 0 1
1 0 0 1 0
1 40 0 0 1
1 0 10 1 0
1 0 0 0 1
1 0 0 1 0
1 20 0 0 1
1 0 10 1 0
1 0 0 0 1
Curves 12
1 1 2 3 1 0 0
1 41 2 3 0 1 0
1 41 22 3 -1 0 0
1 1 22 3 0 -1 0
1 1 2 13 1 0 0
1 41 2 13 0 1 0
1 41 22 13 -1 0 0
1 1 22 13 0 -1 0
1 1 2 3 0 0 1
1 41 2 3 0 0 1
1 41 22 3 0 0 1
1 1 22 3 0 0 1
Polygon3D 0
PolygonOnTriangulations 0
Surfaces 6
1 1 2 3 -0 -0 -1 1 0 -0 0 -1 0
1 1 2 13 0 0 1 1 0 0 0 1 0
1 1 2 3 0 -1 0 1 0 0 -0 0 1
1 41 2 3 1 0 0 0 1 0 0 0 1
1 41 22 3 0 1 -0 -1 0 0 0 0 1
1 1 22 3 -1 0 0 0 -1 0 0 0 1
Triangulations 0

TShapes 34
Ve
1e-7
1 2 3
0 0

0101101
*
Ve
1e-7
41 2 3
0 0

0101101
*
Ve
1e-7
41 22 3
0 0

0101101
*
Ve
1e-7
1 22 3
0 0

0101101
*
Ve
1e-7
1 2 13
0 0

0101101
*
Ve
1e-7
41 2 13
0 0

0101101
*
Ve
1e-7
41 22 13
0 0

0101101
*
Ve
1e-7
1 22 13
0 0

0101101
*
Ed
 1e-7 1 1 0
1 1 0 0 40
2 4 1 0 0 40
2 9 3 0 0 40
0

0101000
+34 0 -33 0 *
Ed
 1e-7 1 1 0
1 2 0 0 20
2 3 1 0 0 20
2 13 4 0 0 20
0

0101000
+33 0 -32 0 *
Ed
 1e-7 1 1 0
1 3 0 0 40
2 2 1 0 0 40
2 17 5 0 0 40
0

0101000
+32 0 -31 0 *
Ed
 1e-7 1 1 0
1 4 0 0 20
2 1 1 0 0 20
2 21 6 0 0 20
0

0101000
+31 0 -34 0 *
Ed
 1e-7 1 1 0
1 5 0 0 40
2 5 2 0 0 40
2 11 3 0 0 40
0

0101000
+30 0 -29 0 *
Ed
 1e-7 1 1 0
1 6 0 0 20
2 6 2 0 0 20
2 15 4 0 0 20
0

0101000
+29 0 -28 0 *
Ed
 1e-7 1 1 0
1 7 0 0 40
2 7 2 0 0 40
2 19 5 0 0 40
0

0101000
+28 0 -27 0 *
Ed
 1e-7 1 1 0
1 8 0 0 20
2 8 2 0 0 20
2 23 6 0 0 20
0

0101000
+27 0 -30 0 *
Ed
 1e-7 1 1 0
1 9 0 0 10
2 12 3 0 0 10
2 22 6 0 0 10
0

0101000
+34 0 -30 0 *
Ed
 1e-7 1 1 0
1 10 0 0 10
2 10 3 0 0 10
2 16 4 0 0 10
0

0101000
+33 0 -29 0 *
Ed
 1e-7 1 1 0
1 11 0 0 10
2 14 4 0 0 10
2 20 5 0 0 10
0

0101000
+32 0 -28 0 *
Ed
 1e-7 1 1 0
1 12 0 0 10
2 18 5 0 0 10
2 24 6 0 0 10
0

0101000
+31 0 -27 0 *
Wi

0101100
-23 0 -24 0 -25 0 -26 0 *
Fa
0 1e-7 1 0

0101000
+14 0 *
Wi

0101100
+22 0 +21 0 +20 0 +19 0 *
Fa
0 1e-7 2 0

0101000
+12 0 *
Wi

0101100
+26 0 +17 0 -22 0 -18 0 *
Fa
0 1e-7 3 0

0101000
+10 0 *
Wi

0101100
+25 0 +16 0 -21 0 -17 0 *
Fa
0 1e-7 4 0

0101000
+8 0 *
Wi

0101100
+24 0 +15 0 -20 0 -16 0 *
Fa
0 1e-7 5 0

0101000
+6 0 *
Wi

0101100
+23 0 +18 0 -19 0 -15 0 *
Fa
0 1e-7 6 0

0101000
+4 0 *
Sh

0101100
+13 0 +11 0 +9 0 +7 0 +5 0 +3 0 *
So

0100100
+2 0 *

+1 0 
0
endbody
body plate_hole
DBRep_DrawableShape

CASCADE Topology V1, (c) Matra-Datavision
Locations 0
Curve2ds 30
1 0 -20 0 1
1 40 -20 -1 0
1 40 0 0 -1
1 0 0 1 0
2 10 -10 1 0 0 -1 3
1 0 0 1 0
1 40 0 0 1
1 40 20 -1 0
1 0 20 0 -1
2 10 10 1 2.4492935982947064e-16 -2.4492935982947064e-16 1 3
1 0 0 1 0
1 40 0 0 1
1 0 5 1 0
1 0 0 0 1
1 0 0 1 0
1 20 0 0 1
1 0 5 1 0
1 0 0 0 1
1 0 0 1 0
1 40 0 0 1
1 0 5 1 0
1 0 0 0 1
1 0 0 1 0
1 20 0 0 1
1 0 5 1 0
1 0 0 0 1
1 0 0 1 0
1 0 5 1 0
1 6.283185307179586 0 0 1
1 0 0 0 1
Curves 15
1 13 10 0 0 0 1
1 0 0 0 1 0 0
1 40 0 0 0 1 0
1 40 20 0 -1 0 0
1 0 20 0 0 -1 0
1 0 0 5 1 0 0
1 40 0 5 0 1 0
1 40 20 5 -1 0 0
1 0 20 5 0 -1 0
1 0 0 0 0 0 1
1 40 0 0 0 0 1
1 40 20 0 0 0 1
1 0 20 0 0 0 1
2 10 10 0 0 0 1 1 0 0 0 1 0 3
2 10 10 5 0 0 1 1 0 0 0 1 0 3
Polygon3D 0
PolygonOnTriangulations 0
Surfaces 7
1 0 0 0 -0 -0 -1 1 0 -0 0 -1 0
1 0 0 5 0 0 1 1 0 0 0 1 0
1 0 0 0 0 -1 0 1 0 0 -0 0 1
1 40 0 0 1 0 0 0 1 0 0 0 1
1 40 20 0 0 1 -0 -1 0 0 0 0 1
1 0 20 0 -1 0 0 0 -1 0 0 0 1
2 10 10 0 0 0 1 1 0 0 0 1 0 3
Triangulations 0

TShapes 43
Ve
1e-7
0 0 0
0 0

0101101
*
Ve
1e-7
40 0 0
0 0

0101101
*
Ve
1e-7
40 20 0
0 0

0101101
*
Ve
1e-7
0 20 0
0 0

0101101
*
Ve
1e-7
0 0 5
0 0

0101101
*
Ve
1e-7
40 0 5
0 0

0101101
*
Ve
1e-7
40 20 5
0 0

0101101
*
Ve
1e-7
0 20 5
0 0

0101101
*
Ve
1e-7
13 10 0
0 0

0101101
*
Ve
1e-7
13 10 5
0 0

0101101
*
Ed
 1e-7 1 1 0
1 1 0 0 5
3 29 30 CN 7 0 0 5
0

0101000
+35 0 -34 0 *
Ed
 1e-7 1 1 0
1 2 0 0 40
2 4 1 0 0 40
2 11 3 0 0 40
0

0101000
+43 0 -42 0 *
Ed
 1e-7 1 1 0
1 3 0 0 20
2 3 1 0 0 20
2 15 4 0 0 20
0

0101000
+42 0 -41 0 *
Ed
 1e-7 1 1 0
1 4 0 0 40
2 2 1 0 0 40
2 19 5 0 0 40
0

0101000
+41 0 -40 0 *
Ed
 1e-7 1 1 0
1 5 0 0 20
2 1 1 0 0 20
2 23 6 0 0 20
0

0101000
+40 0 -43 0 *
Ed
 1e-7 1 1 0
1 6 0 0 40
2 6 2 0 0 40
2 13 3 0 0 40
0

0101000
+39 0 -38 0 *
Ed
 1e-7 1 1 0
1 7 0 0 20
2 7 2 0 0 20
2 17 4 0 0 20
0

0101000
+38 0 -37 0 *
Ed
 1e-7 1 1 0
1 8 0 0 40
2 8 2 0 0 40
2 21 5 0 0 40
0

0101000
+37 0 -36 0 *
Ed
 1e-7 1 1 0
1 9 0 0 20
2 9 2 0 0 20
2 25 6 0 0 20
0

0101000
+36 0 -39 0 *
Ed
 1e-7 1 1 0
1 10 0 0 5
2 14 3 0 0 5
2 24 6 0 0 5
0

0101000
+43 0 -39 0 *
Ed
 1e-7 1 1 0
1 11 0 0 5
2 12 3 0 0 5
2 18 4 0 0 5
0

0101000
+42 0 -38 0 *
Ed
 1e-7 1 1 0
1 12 0 0 5
2 16 4 0 0 5
2 22 5 0 0 5
0

0101000
+41 0 -37 0 *
Ed
 1e-7 1 1 0
1 13 0 0 5
2 20 5 0 0 5
2 26 6 0 0 5
0

0101000
+40 0 -36 0 *
Ed
 1e-7 1 1 0
1 14 0 0 6.283185307179586
2 5 1 0 0 6.283185307179586
2 27 7 0 0 6.283185307179586
0

0101000
+35 0 -35 0 *
Ed
 1e-7 1 1 0
1 15 0 0 6.283185307179586
2 10 2 0 0 6.283185307179586
2 28 7 0 0 6.283185307179586
0

0101000
+34 0 -34 0 *
Wi

0101100
-29 0 -30 0 -31 0 -32 0 *
Wi

0101100
+20 0 *
Fa
0 1e-7 1 0

0101000
+18 0 +17 0 *
Wi

0101100
+28 0 +27 0 +26 0 +25 0 *
Wi

0101100
-19 0 *
Fa
0 1e-7 2 0

0101000
+15 0 +14 0 *
Wi

0101100
+32 0 +23 0 -28 0 -24 0 *
Fa
0 1e-7 3 0

0101000
+12 0 *
Wi

0101100
+31 0 +22 0 -27 0 -23 0 *
Fa
0 1e-7 4 0

0101000
+10 0 *
Wi

0101100
+30 0 +21 0 -26 0 -22 0 *
Fa
0 1e-7 5 0

0101000
+8 0 *
Wi

0101100
+29 0 +24 0 -25 0 -21 0 *
Fa
0 1e-7 6 0

0101000
+6 0 *
Wi

0101100
+20 0 +33 0 -19 0 -33 0 *
Fa
0 1e-7 7 0

0101000
+4 0 *
Sh

0101100
+16 0 +13 0 +11 0 +9 0 +7 0 +5 0 -3 0 *
So

0100100
+2 0 *

+1 0 
0
endbody
body cylinder
DBRep_DrawableShape

CASCADE Topology V1, (c) Matra-Datavision
Locations 0
Curve2ds 6
2 0 0 1 -2.4492935982947064e-16 -2.4492935982947064e-16 -1 5
2 0 0 1 0 -0 1 5
1 0 0 1 0
1 0 12 1 0
1 6.283185307179586 0 0 1
1 0 0 0 1
Curves 3
1 5 0 0 0 0 1
2 0 0 0 0 0 1 1 0 0 0 1 0 5
2 0 0 12 0 0 1 1 0 0 0 1 0 5
Polygon3D 0
PolygonOnTriangulations 0
Surfaces 3
1 0 0 0 -0 -0 -1 1 0 -0 0 -1 0
1 0 0 12 0 0 1 1 0 0 0 1 0
2 0 0 0 0 0 1 1 0 0 0 1 0 5
Triangulations 0

TShapes 13
Ve
1e-7
5 0 0
0 0

0101101
*
Ve
1e-7
5 0 12
0 0

0101101
*
Ed
 1e-7 1 1 0
1 1 0 0 12
3 5 6 CN 3 0 0 12
0

0101000
+13 0 -12 0 *
Ed
 1e-7 1 1 0
1 2 0 0 6.283185307179586
2 1 1 0 0 6.283185307179586
2 3 3 0 0 6.283185307179586
0

0101000
+13 0 -13 0 *
Ed
 1e-7 1 1 0
1 3 0 0 6.283185307179586
2 2 2 0 0 6.283185307179586
2 4 3 0 0 6.283185307179586
0

0101000
+12 0 -12 0 *
Wi

0101100
-10 0 *
Fa
0 1e-7 1 0

0101000
+8 0 *
Wi

0101100
+9 0 *
Fa
0 1e-7 2 0

0101000
+6 0 *
Wi

0101100
+10 0 +11 0 -9 0 -11 0 *
Fa
0 1e-7 3 0

0101000
+4 0 *
Sh

0101100
+7 0 +5 0 +3 0 *
So

0100100
+2 0 *

+1 0 
0
endbody
body tall_cylinder
DBRep_DrawableShape

CASCADE Topology V1, (c) Matra-Datavision
Locations 0
Curve2ds 6
2 0 0 1 -2.4492935982947064e-16 -2.4492935982947064e-16 -1 1
2 0 0 1 0 -0 1 1
1 0 0 1 0
1 0 40 1 0
1 6.283185307179586 0 0 1
1 0 0 0 1
Curves 3
1 1 0 0 0 0 1
2 0 0 0 0 0 1 1 0 0 0 1 0 1
2 0 0 40 0 0 1 1 0 0 0 1 0 1
Polygon3D 0
PolygonOnTriangulations 0
Surfaces 3
1 0 0 0 -0 -0 -1 1 0 -0 0 -1 0
1 0 0 40 0 0 1 1 0 0 0 1 0
2 0 0 0 0 0 1 1 0 0 0 1 0 1
Triangulations 0

TShapes 13
Ve
1e-7
1 0 0
0 0

0101101
*
Ve
1e-7
1 0 40
0 0

0101101
*
Ed
 1e-7 1 1 0
1 1 0 0 40
3 5 6 CN 3 0 0 40
0

0101000
+13 0 -12 0 *
Ed
 1e-7 1 1 0
1 2 0 0 6.283185307179586
2 1 1 0 0 6.283185307179586
2 3 3 0 0 6.283185307179586
0

0101000
+13 0 -13 0 *
Ed
 1e-7 1 1 0
1 3 0 0 6.283185307179586
2 2 2 0 0 6.283185307179586
2 4 3 0 0 6.283185307179586
0

0101000
+12 0 -12 0 *
Wi

0101100
-10 0 *
Fa
0 1e-7 1 0

0101000
+8 0 *
Wi

0101100
+9 0 *
Fa
0 1e-7 2 0

0101000
+6 0 *
Wi

0101100
+10 0 +11 0 -9 0 -11 0 *
Fa
0 1e-7 3 0

0101000
+4 0 *
Sh

0101100
+7 0 +5 0 +3 0 *
So

0100100
+2 0 *

+1 0 
0
endbody
body thin_disc
DBRep_DrawableShape

CASCADE Topology V1, (c) Matra-Datavision
Locations 0
Curve2ds 6
2 0 0 1 -2.4492935982947064e-16 -2.4492935982947064e-16 -1 10
2 0 0 1 0 -0 1 10
1 0 0 1 0
1 0 0.5 1 0
1 6.283185307179586 0 0 1
1 0 0 0 1
Curves 3
1 10 0 0 0 0 1
2 0 0 0 0 0 1 1 0 0 0 1 0 10
2 0 0 0.5 0 0 1 1 0 0 0 1 0 10
Polygon3D 0
PolygonOnTriangulations 0
Surfaces 3
1 0 0 0 -0 -0 -1 1 0 -0 0 -1 0
1 0 0 0.5 0 0 1 1 0 0 0 1 0
2 0 0 0 0 0 1 1 0 0 0 1 0 10
Triangulations 0

TShapes 13
Ve
1e-7
10 0 0
0 0

0101101
*
Ve
1e-7
10 0 0.5
0 0

0101101
*
Ed
 1e-7 1 1 0
1 1 0 0 0.5
3 5 6 CN 3 0 0 0.5
0

0101000
+13 0 -12 0 *
Ed
 1e-7 1 1 0
1 2 0 0 6.283185307179586
2 1 1 0 0 6.283185307179586
2 3 3 0 0 6.283185307179586
0

0101000
+13 0 -13 0 *
Ed
 1e-7 1 1 0
1 3 0 0 6.283185307179586
2 2 2 0 0 6.283185307179586
2 4 3 0 0 6.283185307179586
0

0101000
+12 0 -12 0 *
Wi

0101100
-10 0 *
Fa
0 1e-7 1 0

0101000
+8 0 *
Wi

0101100
+9 0 *
Fa
0 1e-7 2 0

0101000
+6 0 *
Wi

0101100
+10 0 +11 0 -9 0 -11 0 *
Fa
0 1e-7 3 0

0101000
+4 0 *
Sh

0101100
+7 0 +5 0 +3 0 *
So

0100100
+2 0 *

+1 0 
0
endbody
body stadium_slot
DBRep_DrawableShape

CASCADE Topology V1, (c) Matra-Datavision
Locations 0
Curve2ds 48
2 0 0 1 -2.4492935982947064e-16 -2.4492935982947064e-16 -1 4
1 12 -4 -1 0
2 12 0 1 0 0 -1 4
1 0 4 1 0
1 5 1 1 0
1 7 1 0 -1
1 7 -1 -1 0
1 5 -1 0 1
1 0 -4 1 0
2 12 0 1 0 -0 1 4
1 12 4 -1 0
2 0 0 1 0 -0 1 4
1 5 1 0 -1
1 7 1 -1 0
1 7 -1 0 1
1 5 -1 1 0
1 0 0 1 0
1 12 0 0 1
1 0 2 1 0
1 0 0 0 1
1 0 0 1 0
1 1.5707963267948966 0 0 1
1 0 2 1 0
1 -1.5707963267948966 0 0 1
1 0 0 1 0
1 12 0 0 1
1 0 2 1 0
1 0 0 0 1
1 0 0 1 0
1 4.71238898038469 0 0 1
1 0 2 1 0
1 1.5707963267948966 0 0 1
1 2 0 -1 0
1 2 0 0 1
1 2 2 -1 0
1 0 0 0 1
1 2 0 -1 0
1 2 0 0 1
1 2 2 -1 0
1 0 0 0 1
1 2 0 -1 0
1 2 0 0 1
1 2 2 -1 0
1 0 0 0 1
1 2 0 -1 0
1 2 0 0 1
1 2 2 -1 0
1 0 0 0 1
Curves 24
1 0 -4 0 1 0 0
1 0 -4 2 1 0 0
2 12 0 0 0 0 1 1 0 0 0 1 0 4
2 12 0 2 0 0 1 1 0 0 0 1 0 4
1 12 4 0 -1 0 0
1 12 4 2 -1 0 0
2 0 0 0 0 0 1 1 0 0 0 1 0 4
2 0 0 2 0 0 1 1 0 0 0 1 0 4
1 0 -4 0 0 0 1
1 12 -4 0 0 0 1
1 12 4 0 0 0 1
1 0 4 0 0 0 1
1 5 -1 0 1 0 0
1 7 -1 0 0 1 0
1 7 1 0 -1 0 0
1 5 1 0 0 -1 0
1 5 -1 2 1 0 0
1 7 -1 2 0 1 0
1 7 1 2 -1 0 0
1 5 1 2 0 -1 0
1 5 -1 0 0 0 1
1 7 -1 0 0 0 1
1 7 1 0 0 0 1
1 5 1 0 0 0 1
Polygon3D 0
PolygonOnTriangulations 0
Surfaces 10
1 0 0 0 -0 -0 -1 1 0 -0 0 -1 0
1 0 0 2 0 0 1 1 0 0 0 1 0
1 0 -4 0 0 -1 0 1 0 0 -0 0 1
2 12 0 0 0 0 1 1 0 0 0 1 0 4
1 12 4 0 0 1 -0 -1 0 0 0 0 1
2 0 0 0 0 0 1 1 0 0 0 1 0 4
1 7 -1 0 0 1 -0 -1 0 0 0 0 1
1 7 1 0 -1 0 0 0 -1 0 0 0 1
1 5 1 0 0 -1 0 1 0 0 -0 0 1
1 5 -1 0 1 0 0 0 1 0 0 0 1
Triangulations 0

TShapes 64
Ve
1e-7
0 -4 0
0 0

0101101
*
Ve
1e-7
12 -4 0
0 0

0101101
*
Ve
1e-7
12 4 0
0 0

0101101
*
Ve
1e-7
0 4 0
0 0

0101101
*
Ve
1e-7
0 -4 2
0 0

0101101
*
Ve
1e-7
12 -4 2
0 0

0101101
*
Ve
1e-7
12 4 2
0 0

0101101
*
Ve
1e-7
0 4 2
0 0

0101101
*
Ve
1e-7
5 -1 0
0 0

0101101
*
Ve
1e-7
7 -1 0
0 0

0101101
*
Ve
1e-7
7 1 0
0 0

0101101
*
Ve
1e-7
5 1 0
0 0

0101101
*
Ve
1e-7
5 -1 2
0 0

0101101
*
Ve
1e-7
7 -1 2
0 0

0101101
*
Ve
1e-7
7 1 2
0 0

0101101
*
Ve
1e-7
5 1 2
0 0

0101101
*
Ed
 1e-7 1 1 0
1 1 0 0 12
2 4 1 0 0 12
2 17 3 0 0 12
0

0101000
+64 0 -63 0 *
Ed
 1e-7 1 1 0
1 2 0 0 12
2 9 2 0 0 12
2 19 3 0 0 12
0

0101000
+60 0 -59 0 *
Ed
 1e-7 1 1 0
1 3 0 -1.5707963267948966 1.5707963267948966
2 3 1 0 -1.5707963267948966 1.5707963267948966
2 21 4 0 -1.5707963267948966 1.5707963267948966
0

0101000
+63 0 -62 0 *
Ed
 1e-7 1 1 0
1 4 0 -1.5707963267948966 1.5707963267948966
2 10 2 0 -1.5707963267948966 1.5707963267948966
2 23 4 0 -1.5707963267948966 1.5707963267948966
0

0101000
+59 0 -58 0 *
Ed
 1e-7 1 1 0
1 5 0 0 12
2 2 1 0 0 12
2 25 5 0 0 12
0

0101000
+62 0 -61 0 *
Ed
 1e-7 1 1 0
1 6 0 0 12
2 11 2 0 0 12
2 27 5 0 0 12
0

0101000
+58 0 -57 0 *
Ed
 1e-7 1 1 0
1 7 0 1.5707963267948966 4.71238898038469
2 1 1 0 1.5707963267948966 4.71238898038469
2 29 6 0 1.5707963267948966 4.71238898038469
0

0101000
+61 0 -64 0 *
Ed
 1e-7 1 1 0
1 8 0 1.5707963267948966 4.71238898038469
2 12 2 0 1.5707963267948966 4.71238898038469
2 31 6 0 1.5707963267948966 4.71238898038469
0

0101000
+57 0 -60 0 *
Ed
 1e-7 1 1 0
1 9 0 0 2
2 20 3 0 0 2
2 30 6 0 0 2
0

0101000
+64 0 -60 0 *
Ed
 1e-7 1 1 0
1 10 0 0 2
2 18 3 0 0 2
2 24 4 0 0 2
0

0101000
+63 0 -59 0 *
Ed
 1e-7 1 1 0
1 11 0 0 2
2 22 4 0 0 2
2 28 5 0 0 2
0

0101000
+62 0 -58 0 *
Ed
 1e-7 1 1 0
1 12 0 0 2
2 26 5 0 0 2
2 32 6 0 0 2
0

0101000
+61 0 -57 0 *
Ed
 1e-7 1 1 0
1 13 0 0 2
2 5 1 0 0 2
2 33 7 0 0 2
0

0101000
+56 0 -55 0 *
Ed
 1e-7 1 1 0
1 14 0 0 2
2 6 1 0 0 2
2 37 8 0 0 2
0

0101000
+55 0 -54 0 *
Ed
 1e-7 1 1 0
1 15 0 0 2
2 7 1 0 0 2
2 41 9 0 0 2
0

0101000
+54 0 -53 0 *
Ed
 1e-7 1 1 0
1 16 0 0 2
2 8 1 0 0 2
2 45 10 0 0 2
0

0101000
+53 0 -56 0 *
Ed
 1e-7 1 1 0
1 17 0 0 2
2 16 2 0 0 2
2 35 7 0 0 2
0

0101000
+52 0 -51 0 *
Ed
 1e-7 1 1 0
1 18 0 0 2
2 15 2 0 0 2
2 39 8 0 0 2
0

0101000
+51 0 -50 0 *
Ed
 1e-7 1 1 0
1 19 0 0 2
2 14 2 0 0 2
2 43 9 0 0 2
0

0101000
+50 0 -49 0 *
Ed
 1e-7 1 1 0
1 20 0 0 2
2 13 2 0 0 2
2 47 10 0 0 2
0

0101000
+49 0 -52 0 *
Ed
 1e-7 1 1 0
1 21 0 0 2
2 34 7 0 0 2
2 48 10 0 0 2
0

0101000
+56 0 -52 0 *
Ed
 1e-7 1 1 0
1 22 0 0 2
2 36 7 0 0 2
2 38 8 0 0 2
0

0101000
+55 0 -51 0 *
Ed
 1e-7 1 1 0
1 23 0 0 2
2 40 8 0 0 2
2 42 9 0 0 2
0

0101000
+54 0 -50 0 *
Ed
 1e-7 1 1 0
1 24 0 0 2
2 44 9 0 0 2
2 46 10 0 0 2
0

0101000
+53 0 -49 0 *
Wi

0101100
-42 0 -44 0 -46 0 -48 0 *
Wi

0101100
+36 0 +35 0 +34 0 +33 0 *
Fa
0 1e-7 1 0

0101000
+24 0 +23 0 *
Wi

0101100
+47 0 +45 0 +43 0 +41 0 *
Wi

0101100
-29 0 -30 0 -31 0 -32 0 *
Fa
0 1e-7 2 0

0101000
+21 0 +20 0 *
Wi

0101100
+48 0 +39 0 -47 0 -40 0 *
Fa
0 1e-7 3 0

0101000
+18 0 *
Wi

0101100
+46 0 +38 0 -45 0 -39 0 *
Fa
0 1e-7 4 0

0101000
+16 0 *
Wi

0101100
+44 0 +37 0 -43 0 -38 0 *
Fa
0 1e-7 5 0

0101000
+14 0 *
Wi

0101100
+42 0 +40 0 -41 0 -37 0 *
Fa
0 1e-7 6 0

0101000
+12 0 *
Wi

0101100
-36 0 +28 0 +32 0 -27 0 *
Fa
0 1e-7 7 0

0101000
+10 0 *
Wi

0101100
-35 0 +27 0 +31 0 -26 0 *
Fa
0 1e-7 8 0

0101000
+8 0 *
Wi

0101100
-34 0 +26 0 +30 0 -25 0 *
Fa
0 1e-7 9 0

0101000
+6 0 *
Wi

0101100
-33 0 +25 0 +29 0 -28 0 *
Fa
0 1e-7 10 0

0101000
+4 0 *
Sh

0101100
+22 0 +19 0 +17 0 +15 0 +13 0 +11 0 +9 0 +7 0 +5 0 +3 0 *
So

0100100
+2 0 *

+1 0 
0
endbody
body rounded_rectangle
DBRep_DrawableShape

CASCADE Topology V1, (c) Matra-Datavision
Locations 0
Curve2ds 54
2 1 -1 1 -2.4492935982947064e-16 -2.4492935982947064e-16 -1 1
1 0 -5 0 1
2 1 -5 1 -2.4492935982947064e-16 -2.4492935982947064e-16 -1 1
1 7 -6 -1 0
2 7 -5 1 0 0 -1 1
1 8 -1 0 -1
2 7 -1 1 0 0 -1 1
1 1 0 1 0
2 4 -3 1 0 0 -1 1
1 1 0 1 0
2 7 1 1 0 -0 1 1
1 8 1 0 1
2 7 5 1 0 -0 1 1
1 7 6 -1 0
2 1 5 1 0 -0 1 1
1 0 5 0 -1
2 1 1 1 0 -0 1 1
2 4 3 1 2.4492935982947064e-16 -2.4492935982947064e-16 1 1
1 0 0 1 0
1 6 0 0 1
1 0 3 1 0
1 0 0 0 1
1 0 0 1 0
1 0 0 0 1
1 0 3 1 0
1 -1.5707963267948966 0 0 1
1 0 0 1 0
1 4 0 0 1
1 0 3 1 0
1 0 0 0 1
1 0 0 1 0
1 1.5707963267948966 0 0 1
1 0 3 1 0
1 0 0 0 1
1 0 0 1 0
1 6 0 0 1
1 0 3 1 0
1 0 0 0 1
1 0 0 1 0
1 3.141592653589793 0 0 1
1 0 3 1 0
1 1.5707963267948966 0 0 1
1 0 0 1 0
1 4 0 0 1
1 0 3 1 0
1 0 0 0 1
1 0 0 1 0
1 4.71238898038469 0 0 1
1 0 3 1 0
1 3.141592653589793 0 0 1
1 0 0 1 0
1 0 3 1 0
1 6.283185307179586 0 0 1
1 0 0 0 1
Curves 27
1 5 3 0 0 0 1
1 1 0 0 1 0 0
1 1 0 3 1 0 0
2 7 1 0 0 0 1 1 0 0 0 1 0 1
2 7 1 3 0 0 1 1 0 0 0 1 0 1
1 8 1 0 0 1 0
1 8 1 3 0 1 0
2 7 5 0 0 0 1 1 0 0 0 1 0 1
2 7 5 3 0 0 1 1 0 0 0 1 0 1
1 7 6 0 -1 0 0
1 7 6 3 -1 0 0
2 1 5 0 0 0 1 1 0 0 0 1 0 1
2 1 5 3 0 0 1 1 0 0 0 1 0 1
1 0 5 0 0 -1 0
1 0 5 3 0 -1 0
2 1 1 0 0 0 1 1 0 0 0 1 0 1
2 1 1 3 0 0 1 1 0 0 0 1 0 1
1 1 0 0 0 0 1
1 7 0 0 0 0 1
1 8 1 0 0 0 1
1 8 5 0 0 0 1
1 7 6 0 0 0 1
1 1 6 0 0 0 1
1 0 5 0 0 0 1
1 0 1 0 0 0 1
2 4 3 0 0 0 1 1 0 0 0 1 0 1
2 4 3 3 0 0 1 1 0 0 0 1 0 1
Polygon3D 0
PolygonOnTriangulations 0
Surfaces 11
1 0 0 0 -0 -0 -1 1 0 -0 0 -1 0
1 0 0 3 0 0 1 1 0 0 0 1 0
1 1 0 0 0 -1 0 1 0 0 -0 0 1
2 7 1 0 0 0 1 1 0 0 0 1 0 1
1 8 1 0 1 0 0 0 1 0 0 0 1
2 7 5 0 0 0 1 1 0 0 0 1 0 1
1 7 6 0 0 1 -0 -1 0 0 0 0 1
2 1 5 0 0 0 1 1 0 0 0 1 0 1
1 0 5 0 -1 0 0 0 -1 0 0 0 1
2 1 1 0 0 0 1 1 0 0 0 1 0 1
2 4 3 0 0 0 1 1 0 0 0 1 0 1
Triangulations 0

TShapes 71
Ve
1e-7
1 0 0
0 0

0101101
*
Ve
1e-7
7 0 0
0 0

0101101
*
Ve
1e-7
8 1 0
0 0

0101101
*
Ve
1e-7
8 5 0
0 0

0101101
*
Ve
1e-7
7 6 0
0 0

0101101
*
Ve
1e-7
1 6 0
0 0

0101101
*
Ve
1e-7
0 5 0
0 0

0101101
*
Ve
1e-7
0 1 0
0 0

0101101
*
Ve
1e-7
1 0 3
0 0

0101101
*
Ve
1e-7
7 0 3
0 0

0101101
*
Ve
1e-7
8 1 3
0 0

0101101
*
Ve
1e-7
8 5 3
0 0

0101101
*
Ve
1e-7
7 6 3
0 0

0101101
*
Ve
1e-7
1 6 3
0 0

0101101
*
Ve
1e-7
0 5 3
0 0

0101101
*
Ve
1e-7
0 1 3
0 0

0101101
*
Ve
1e-7
5 3 0
0 0

0101101
*
Ve
1e-7
5 3 3
0 0

0101101
*
Ed
 1e-7 1 1 0
1 1 0 0 3
3 53 54 CN 11 0 0 3
0

0101000
+55 0 -54 0 *
Ed
 1e-7 1 1 0
1 2 0 0 6
2 8 1 0 0 6
2 19 3 0 0 6
0

0101000
+71 0 -70 0 *
Ed
 1e-7 1 1 0
1 3 0 0 6
2 10 2 0 0 6
2 21 3 0 0 6
0

0101000
+63 0 -62 0 *
Ed
 1e-7 1 1 0
1 4 0 -1.5707963267948966 0
2 7 1 0 -1.5707963267948966 0
2 23 4 0 -1.5707963267948966 0
0

0101000
+70 0 -69 0 *
Ed
 1e-7 1 1 0
1 5 0 -1.5707963267948966 0
2 11 2 0 -1.5707963267948966 0
2 25 4 0 -1.5707963267948966 0
0

0101000
+62 0 -61 0 *
Ed
 1e-7 1 1 0
1 6 0 0 4
2 6 1 0 0 4
2 27 5 0 0 4
0

0101000
+69 0 -68 0 *
Ed
 1e-7 1 1 0
1 7 0 0 4
2 12 2 0 0 4
2 29 5 0 0 4
0

0101000
+61 0 -60 0 *
Ed
 1e-7 1 1 0
1 8 0 0 1.5707963267948966
2 5 1 0 0 1.5707963267948966
2 31 6 0 0 1.5707963267948966
0

0101000
+68 0 -67 0 *
Ed
 1e-7 1 1 0
1 9 0 0 1.5707963267948966
2 13 2 0 0 1.5707963267948966
2 33 6 0 0 1.5707963267948966
0

0101000
+60 0 -59 0 *
Ed
 1e-7 1 1 0
1 10 0 0 6
2 4 1 0 0 6
2 35 7 0 0 6
0

0101000
+67 0 -66 0 *
Ed
 1e-7 1 1 0
1 11 0 0 6
2 14 2 0 0 6
2 37 7 0 0 6
0

0101000
+59 0 -58 0 *
Ed
 1e-7 1 1 0
1 12 0 1.5707963267948966 3.141592653589793
2 3 1 0 1.5707963267948966 3.141592653589793
2 39 8 0 1.5707963267948966 3.141592653589793
0

0101000
+66 0 -65 0 *
Ed
 1e-7 1 1 0
1 13 0 1.5707963267948966 3.141592653589793
2 15 2 0 1.5707963267948966 3.141592653589793
2 41 8 0 1.5707963267948966 3.141592653589793
0

0101000
+58 0 -57 0 *
Ed
 1e-7 1 1 0
1 14 0 0 4
2 2 1 0 0 4
2 43 9 0 0 4
0

0101000
+65 0 -64 0 *
Ed
 1e-7 1 1 0
1 15 0 0 4
2 16 2 0 0 4
2 45 9 0 0 4
0

0101000
+57 0 -56 0 *
Ed
 1e-7 1 1 0
1 16 0 3.141592653589793 4.71238898038469
2 1 1 0 3.141592653589793 4.71238898038469
2 47 10 0 3.141592653589793 4.71238898038469
0

0101000
+64 0 -71 0 *
Ed
 1e-7 1 1 0
1 17 0 3.141592653589793 4.71238898038469
2 17 2 0 3.141592653589793 4.71238898038469
2 49 10 0 3.141592653589793 4.71238898038469
0

0101000
+56 0 -63 0 *
Ed
 1e-7 1 1 0
1 18 0 0 3
2 22 3 0 0 3
2 48 10 0 0 3
0

0101000
+71 0 -63 0 *
Ed
 1e-7 1 1 0
1 19 0 0 3
2 20 3 0 0 3
2 26 4 0 0 3
0

0101000
+70 0 -62 0 *
Ed
 1e-7 1 1 0
1 20 0 0 3
2 24 4 0 0 3
2 30 5 0 0 3
0

0101000
+69 0 -61 0 *
Ed
 1e-7 1 1 0
1 21 0 0 3
2 28 5 0 0 3
2 34 6 0 0 3
0

0101000
+68 0 -60 0 *
Ed
 1e-7 1 1 0
1 22 0 0 3
2 32 6 0 0 3
2 38 7 0 0 3
0

0101000
+67 0 -59 0 *
Ed
 1e-7 1 1 0
1 23 0 0 3
2 36 7 0 0 3
2 42 8 0 0 3
0

0101000
+66 0 -58 0 *
Ed
 1e-7 1 1 0
1 24 0 0 3
2 40 8 0 0 3
2 46 9 0 0 3
0

0101000
+65 0 -57 0 *
Ed
 1e-7 1 1 0
1 25 0 0 3
2 44 9 0 0 3
2 50 10 0 0 3
0

0101000
+64 0 -56 0 *
Ed
 1e-7 1 1 0
1 26 0 0 6.283185307179586
2 9 1 0 0 6.283185307179586
2 51 11 0 0 6.283185307179586
0

0101000
+55 0 -55 0 *
Ed
 1e-7 1 1 0
1 27 0 0 6.283185307179586
2 18 2 0 0 6.283185307179586
2 52 11 0 0 6.283185307179586
0

0101000
+54 0 -54 0 *
Wi

0101100
-38 0 -40 0 -42 0 -44 0 -46 0 -48 0 -50 0 -52 0 *
Wi

0101100
+28 0 *
Fa
0 1e-7 1 0

0101000
+26 0 +25 0 *
Wi

0101100
+51 0 +49 0 +47 0 +45 0 +43 0 +41 0 +39 0 +37 0 *
Wi

0101100
-27 0 *
Fa
0 1e-7 2 0

0101000
+23 0 +22 0 *
Wi

0101100
+52 0 +35 0 -51 0 -36 0 *
Fa
0 1e-7 3 0

0101000
+20 0 *
Wi

0101100
+50 0 +34 0 -49 0 -35 0 *
Fa
0 1e-7 4 0

0101000
+18 0 *
Wi

0101100
+48 0 +33 0 -47 0 -34 0 *
Fa
0 1e-7 5 0

0101000
+16 0 *
Wi

0101100
+46 0 +32 0 -45 0 -33 0 *
Fa
0 1e-7 6 0

0101000
+14 0 *
Wi

0101100
+44 0 +31 0 -43 0 -32 0 *
Fa
0 1e-7 7 0

0101000
+12 0 *
Wi

0101100
+42 0 +30 0 -41 0 -31 0 *
Fa
0 1e-7 8 0

0101000
+10 0 *
Wi

0101100
+40 0 +29 0 -39 0 -30 0 *
Fa
0 1e-7 9 0

0101000
+8 0 *
Wi

0101100
+38 0 +36 0 -37 0 -29 0 *
Fa
0 1e-7 10 0

0101000
+6 0 *
Wi

0101100
+28 0 +53 0 -27 0 -53 0 *
Fa
0 1e-7 11 0

0101000
+4 0 *
Sh

0101100
+24 0 +21 0 +19 0 +17 0 +15 0 +13 0 +11 0 +9 0 +7 0 +5 0 -3 0 *
So

0100100
+2 0 *

+1 0 
0
endbody
body notch
DBRep_DrawableShape

CASCADE Topology V1, (c) Matra-Datavision
Locations 0
Curve2ds 36
1 0 -6 0 1
1 4 -6 -1 0
2 5 -6 1 0 -0 1 1
1 10 -6 -1 0
1 10 0 0 -1
1 0 0 1 0
1 0 0 1 0
1 10 0 0 1
1 10 6 -1 0
2 5 6 1 0 0 -1 1
1 4 6 -1 0
1 0 6 0 -1
1 0 0 1 0
1 10 0 0 1
1 0 4 1 0
1 0 0 0 1
1 0 0 1 0
1 6 0 0 1
1 0 4 1 0
1 0 0 0 1
1 0 0 1 0
1 4 0 0 1
1 0 4 1 0
1 0 0 0 1
1 0 0 -1 0
1 -3.141592653589793 0 0 1
1 0 4 -1 0
1 0 0 0 1
1 0 0 1 0
1 4 0 0 1
1 0 4 1 0
1 0 0 0 1
1 0 0 1 0
1 6 0 0 1
1 0 4 1 0
1 0 0 0 1
Curves 18
1 0 0 0 1 0 0
1 0 0 4 1 0 0
1 10 0 0 0 1 0
1 10 0 4 0 1 0
1 10 6 0 -1 0 0
1 10 6 4 -1 0 0
2 5 6 0 -0 -0 -1 1 0 0 -0 -1 -0 1
2 5 6 4 -0 -0 -1 1 0 0 -0 -1 -0 1
1 4 6 0 -1 0 0
1 4 6 4 -1 0 0
1 0 6 0 0 -1 0
1 0 6 4 0 -1 0
1 0 0 0 0 0 1
1 10 0 0 0 0 1
1 10 6 0 0 0 1
1 6 6 0 0 0 1
1 4 6 0 0 0 1
1 0 6 0 0 0 1
Polygon3D 0
PolygonOnTriangulations 0
Surfaces 8
1 0 0 0 -0 -0 -1 1 0 -0 0 -1 0
1 0 0 4 0 0 1 1 0 0 0 1 0
1 0 0 0 0 -1 0 1 0 0 -0 0 1
1 10 0 0 1 0 0 0 1 0 0 0 1
1 10 6 0 0 1 -0 -1 0 0 0 0 1
2 5 6 0 0 0 1 1 0 0 0 1 0 1
1 4 6 0 0 1 -0 -1 0 0 0 0 1
1 0 6 0 -1 0 0 0 -1 0 0 0 1
Triangulations 0

TShapes 48
Ve
1e-7
0 0 0
0 0

0101101
*
Ve
1e-7
10 0 0
0 0

0101101
*
Ve
1e-7
10 6 0
0 0

0101101
*
Ve
1e-7
6 6 0
0 0

0101101
*
Ve
1e-7
4 6 0
0 0

0101101
*
Ve
1e-7
0 6 0
0 0

0101101
*
Ve
1e-7
0 0 4
0 0

0101101
*
Ve
1e-7
10 0 4
0 0

0101101
*
Ve
1e-7
10 6 4
0 0

0101101
*
Ve
1e-7
6 6 4
0 0

0101101
*
Ve
1e-7
4 6 4
0 0

0101101
*
Ve
1e-7
0 6 4
0 0

0101101
*
Ed
 1e-7 1 1 0
1 1 0 0 10
2 6 1 0 0 10
2 13 3 0 0 10
0

0101000
+48 0 -47 0 *
Ed
 1e-7 1 1 0
1 2 0 0 10
2 7 2 0 0 10
2 15 3 0 0 10
0

0101000
+42 0 -41 0 *
Ed
 1e-7 1 1 0
1 3 0 0 6
2 5 1 0 0 6
2 17 4 0 0 6
0

0101000
+47 0 -46 0 *
Ed
 1e-7 1 1 0
1 4 0 0 6
2 8 2 0 0 6
2 19 4 0 0 6
0

0101000
+41 0 -40 0 *
Ed
 1e-7 1 1 0
1 5 0 0 4
2 4 1 0 0 4
2 21 5 0 0 4
0

0101000
+46 0 -45 0 *
Ed
 1e-7 1 1 0
1 6 0 0 4
2 9 2 0 0 4
2 23 5 0 0 4
0

0101000
+40 0 -39 0 *
Ed
 1e-7 1 1 0
1 7 0 -0 3.141592653589793
2 3 1 0 -0 3.141592653589793
2 25 6 0 -0 3.141592653589793
0

0101000
+45 0 -44 0 *
Ed
 1e-7 1 1 0
1 8 0 -0 3.141592653589793
2 10 2 0 -0 3.141592653589793
2 27 6 0 -0 3.141592653589793
0

0101000
+39 0 -38 0 *
Ed
 1e-7 1 1 0
1 9 0 0 4
2 2 1 0 0 4
2 29 7 0 0 4
0

0101000
+44 0 -43 0 *
Ed
 1e-7 1 1 0
1 10 0 0 4
2 11 2 0 0 4
2 31 7 0 0 4
0

0101000
+38 0 -37 0 *
Ed
 1e-7 1 1 0
1 11 0 0 6
2 1 1 0 0 6
2 33 8 0 0 6
0

0101000
+43 0 -48 0 *
Ed
 1e-7 1 1 0
1 12 0 0 6
2 12 2 0 0 6
2 35 8 0 0 6
0

0101000
+37 0 -42 0 *
Ed
 1e-7 1 1 0
1 13 0 0 4
2 16 3 0 0 4
2 34 8 0 0 4
0

0101000
+48 0 -42 0 *
Ed
 1e-7 1 1 0
1 14 0 0 4
2 14 3 0 0 4
2 20 4 0 0 4
0

0101000
+47 0 -41 0 *
Ed
 1e-7 1 1 0
1 15 0 0 4
2 18 4 0 0 4
2 24 5 0 0 4
0

0101000
+46 0 -40 0 *
Ed
 1e-7 1 1 0
1 16 0 0 4
2 22 5 0 0 4
2 28 6 0 0 4
0

0101000
+45 0 -39 0 *
Ed
 1e-7 1 1 0
1 17 0 0 4
2 26 6 0 0 4
2 32 7 0 0 4
0

0101000
+44 0 -38 0 *
Ed
 1e-7 1 1 0
1 18 0 0 4
2 30 7 0 0 4
2 36 8 0 0 4
0

0101000
+43 0 -37 0 *
Wi

0101100
-26 0 -28 0 -30 0 -32 0 -34 0 -36 0 *
Fa
0 1e-7 1 0

0101000
+18 0 *
Wi

0101100
+35 0 +33 0 +31 0 +29 0 +27 0 +25 0 *
Fa
0 1e-7 2 0

0101000
+16 0 *
Wi

0101100
+36 0 +23 0 -35 0 -24 0 *
Fa
0 1e-7 3 0

0101000
+14 0 *
Wi

0101100
+34 0 +22 0 -33 0 -23 0 *
Fa
0 1e-7 4 0

0101000
+12 0 *
Wi

0101100
+32 0 +21 0 -31 0 -22 0 *
Fa
0 1e-7 5 0

0101000
+10 0 *
Wi

0101100
+21 0 +29 0 -20 0 -30 0 *
Fa
0 1e-7 6 0

0101000
+8 0 *
Wi

0101100
+28 0 +19 0 -27 0 -20 0 *
Fa
0 1e-7 7 0

0101000
+6 0 *
Wi

0101100
+26 0 +24 0 -25 0 -19 0 *
Fa
0 1e-7 8 0

0101000
+4 0 *
Sh

0101100
+17 0 +15 0 +13 0 +11 0 +9 0 -7 0 +5 0 +3 0 *
So

0100100
+2 0 *

+1 0 
0
endbody
body lens
DBRep_DrawableShape

CASCADE Topology V1, (c) Matra-Datavision
Locations 0
Curve2ds 12
2 4 0 1 6.432490598706546e-16 6.432490598706546e-16 -1 5
2 -4 0 1 0 0 -1 5
2 -4 0 1 0 -0 1 5
2 4 0 1 0 -0 1 5
1 0 0 1 0
1 0.6435011087932844 0 0 1
1 0 2 1 0
1 -0.6435011087932844 0 0 1
1 0 0 1 0
1 3.7850937623830774 0 0 1
1 0 2 1 0
1 2.498091544796509 0 0 1
Curves 6
2 -4 0 0 0 0 1 1 0 0 0 1 0 5
2 -4 0 2 0 0 1 1 0 0 0 1 0 5
2 4 0 0 0 0 1 1 0 0 0 1 0 5
2 4 0 2 0 0 1 1 0 0 0 1 0 5
1 0 -3 0 0 0 1
1 0 3 0 0 0 1
Polygon3D 0
PolygonOnTriangulations 0
Surfaces 4
1 0 0 0 -0 -0 -1 1 0 -0 0 -1 0
1 0 0 2 0 0 1 1 0 0 0 1 0
2 -4 0 0 0 0 1 1 0 0 0 1 0 5
2 4 0 0 0 0 1 1 0 0 0 1 0 5
Triangulations 0

TShapes 20
Ve
1e-7
0 -3 0
0 0

0101101
*
Ve
1e-7
0 3 0
0 0

0101101
*
Ve
1e-7
0 -3 2
0 0

0101101
*
Ve
1e-7
0 3 2
0 0

0101101
*
Ed
 1e-7 1 1 0
1 1 0 -0.6435011087932844 0.6435011087932844
2 2 1 0 -0.6435011087932844 0.6435011087932844
2 5 3 0 -0.6435011087932844 0.6435011087932844
0

0101000
+20 0 -19 0 *
Ed
 1e-7 1 1 0
1 2 0 -0.6435011087932844 0.6435011087932844
2 3 2 0 -0.6435011087932844 0.6435011087932844
2 7 3 0 -0.6435011087932844 0.6435011087932844
0

0101000
+18 0 -17 0 *
Ed
 1e-7 1 1 0
1 3 0 2.498091544796509 3.7850937623830774
2 1 1 0 2.498091544796509 3.7850937623830774
2 9 4 0 2.498091544796509 3.7850937623830774
0

0101000
+19 0 -20 0 *
Ed
 1e-7 1 1 0
1 4 0 2.498091544796509 3.7850937623830774
2 4 2 0 2.498091544796509 3.7850937623830774
2 11 4 0 2.498091544796509 3.7850937623830774
0

0101000
+17 0 -18 0 *
Ed
 1e-7 1 1 0
1 5 0 0 2
2 8 3 0 0 2
2 10 4 0 0 2
0

0101000
+20 0 -18 0 *
Ed
 1e-7 1 1 0
1 6 0 0 2
2 6 3 0 0 2
2 12 4 0 0 2
0

0101000
+19 0 -17 0 *
Wi

0101100
-14 0 -16 0 *
Fa
0 1e-7 1 0

0101000
+10 0 *
Wi

0101100
+15 0 +13 0 *
Fa
0 1e-7 2 0

0101000
+8 0 *
Wi

0101100
+16 0 +11 0 -15 0 -12 0 *
Fa
0 1e-7 3 0

0101000
+6 0 *
Wi

0101100
+14 0 +12 0 -13 0 -11 0 *
Fa
0 1e-7 4 0

0101000
+4 0 *
Sh

0101100
+9 0 +7 0 +5 0 +3 0 *
So

0100100
+2 0 *

+1 0 
0
endbody
body scallop
DBRep_DrawableShape

CASCADE Topology V1, (c) Matra-Datavision
Locations 0
Curve2ds 24
2 1.5 -2 1 -2.4492935982947064e-16 -2.4492935982947064e-16 -1 2.5
2 2 -2.5 1 -1.1102230246251565e-16 -1.1102230246251565e-16 -1 2.5
2 2.5 -2 1 0 0 -1 2.5
2 2 -1.5 1 0 0 -1 2.5
2 2 1.5 1 0 -0 1 2.5
2 2.5 2 1 0 -0 1 2.5
2 2 2.5 1 0 -0 1 2.5
2 1.5 2 1 0 -0 1 2.5
1 0 0 1 0
1 -0.6435011087932845 0 0 1
1 0 1 1 0
1 -2.498091544796509 0 0 1
1 0 0 1 0
1 0.9272952180016122 0 0 1
1 0 1 1 0
1 -0.9272952180016122 0 0 1
1 0 0 1 0
1 2.498091544796509 0 0 1
1 0 1 1 0
1 0.6435011087932844 0 0 1
1 0 0 1 0
1 4.068887871591405 0 0 1
1 0 1 1 0
1 2.214297435588181 0 0 1
Curves 12
2 2 1.5 0 0 0 1 1 0 0 0 1 0 2.5
2 2 1.5 1 0 0 1 1 0 0 0 1 0 2.5
2 2.5 2 0 0 0 1 1 0 0 0 1 0 2.5
2 2.5 2 1 0 0 1 1 0 0 0 1 0 2.5
2 2 2.5 0 0 0 1 1 0 0 0 1 0 2.5
2 2 2.5 1 0 0 1 1 0 0 0 1 0 2.5
2 1.5 2 0 0 0 1 1 0 0 0 1 0 2.5
2 1.5 2 1 0 0 1 1 0 0 0 1 0 2.5
1 0 0 0 0 0 1
1 4 0 0 0 0 1
1 4 4 0 0 0 1
1 0 4 0 0 0 1
Polygon3D 0
PolygonOnTriangulations 0
Surfaces 6
1 0 0 0 -0 -0 -1 1 0 -0 0 -1 0
1 0 0 1 0 0 1 1 0 0 0 1 0
2 2 1.5 0 0 0 1 1 0 0 0 1 0 2.5
2 2.5 2 0 0 0 1 1 0 0 0 1 0 2.5
2 2 2.5 0 0 0 1 1 0 0 0 1 0 2.5
2 1.5 2 0 0 0 1 1 0 0 0 1 0 2.5
Triangulations 0

TShapes 34
Ve
1e-7
0 0 0
0 0

0101101
*
Ve
1e-7
4 0 0
0 0

0101101
*
Ve
1e-7
4 4 0
0 0

0101101
*
Ve
1e-7
0 4 0
0 0

0101101
*
Ve
1e-7
0 0 1
0 0

0101101
*
Ve
1e-7
4 0 1
0 0

0101101
*
Ve
1e-7
4 4 1
0 0

0101101
*
Ve
1e-7
0 4 1
0 0

0101101
*
Ed
 1e-7 1 1 0
1 1 0 -2.498091544796509 -0.6435011087932845
2 4 1 0 -2.498091544796509 -0.6435011087932845
2 9 3 0 -2.498091544796509 -0.6435011087932845
0

0101000
+34 0 -33 0 *
Ed
 1e-7 1 1 0
1 2 0 -2.498091544796509 -0.6435011087932845
2 5 2 0 -2.498091544796509 -0.6435011087932845
2 11 3 0 -2.498091544796509 -0.6435011087932845
0

0101000
+30 0 -29 0 *
Ed
 1e-7 1 1 0
1 3 0 -0.9272952180016122 0.9272952180016122
2 3 1 0 -0.9272952180016122 0.9272952180016122
2 13 4 0 -0.9272952180016122 0.9272952180016122
0

0101000
+33 0 -32 0 *
Ed
 1e-7 1 1 0
1 4 0 -0.9272952180016122 0.9272952180016122
2 6 2 0 -0.9272952180016122 0.9272952180016122
2 15 4 0 -0.9272952180016122 0.9272952180016122
0

0101000
+29 0 -28 0 *
Ed
 1e-7 1 1 0
1 5 0 0.6435011087932844 2.498091544796509
2 2 1 0 0.6435011087932844 2.498091544796509
2 17 5 0 0.6435011087932844 2.498091544796509
0

0101000
+32 0 -31 0 *
Ed
 1e-7 1 1 0
1 6 0 0.6435011087932844 2.498091544796509
2 7 2 0 0.6435011087932844 2.498091544796509
2 19 5 0 0.6435011087932844 2.498091544796509
0

0101000
+28 0 -27 0 *
Ed
 1e-7 1 1 0
1 7 0 2.214297435588181 4.068887871591405
2 1 1 0 2.214297435588181 4.068887871591405
2 21 6 0 2.214297435588181 4.068887871591405
0

0101000
+31 0 -34 0 *
Ed
 1e-7 1 1 0
1 8 0 2.214297435588181 4.068887871591405
2 8 2 0 2.214297435588181 4.068887871591405
2 23 6 0 2.214297435588181 4.068887871591405
0

0101000
+27 0 -30 0 *
Ed
 1e-7 1 1 0
1 9 0 0 1
2 12 3 0 0 1
2 22 6 0 0 1
0

0101000
+34 0 -30 0 *
Ed
 1e-7 1 1 0
1 10 0 0 1
2 10 3 0 0 1
2 16 4 0 0 1
0

0101000
+33 0 -29 0 *
Ed
 1e-7 1 1 0
1 11 0 0 1
2 14 4 0 0 1
2 20 5 0 0 1
0

0101000
+32 0 -28 0 *
Ed
 1e-7 1 1 0
1 12 0 0 1
2 18 5 0 0 1
2 24 6 0 0 1
0

0101000
+31 0 -27 0 *
Wi

0101100
-20 0 -22 0 -24 0 -26 0 *
Fa
0 1e-7 1 0

0101000
+14 0 *
Wi

0101100
+25 0 +23 0 +21 0 +19 0 *
Fa
0 1e-7 2 0

0101000
+12 0 *
Wi

0101100
+26 0 +17 0 -25 0 -18 0 *
Fa
0 1e-7 3 0

0101000
+10 0 *
Wi

0101100
+24 0 +16 0 -23 0 -17 0 *
Fa
0 1e-7 4 0

0101000
+8 0 *
Wi

0101100
+22 0 +15 0 -21 0 -16 0 *
Fa
0 1e-7 5 0

0101000
+6 0 *
Wi

0101100
+20 0 +18 0 -19 0 -15 0 *
Fa
0 1e-7 6 0

0101000
+4 0 *
Sh

0101100
+13 0 +11 0 +9 0 +7 0 +5 0 +3 0 *
So

0100100
+2 0 *

+1 0 
0
endbody
body holes_mixed
DBRep_DrawableShape

CASCADE Topology V1, (c) Matra-Datavision
Locations 0
Curve2ds 60
1 -10 -10 0 1
1 10 -10 -1 0
1 10 10 0 -1
1 -10 10 1 0
1 -6 6 1 0
2 -2 4 1 0 0 -1 2
1 -2 2 -0.7071067811865475 0.7071067811865475
2 5 -5 1 0 0 -1 1.5
2 5 6 1 -2.4492935982947064e-16 -2.4492935982947064e-16 -1 1
2 5 6 1 0 0 -1 1
1 -10 -10 1 0
1 10 -10 0 1
1 10 10 -1 0
1 -10 10 0 -1
1 -2 -2 -0.7071067811865475 -0.7071067811865475
2 -2 -4 1 0 -0 1 2
1 -6 -6 1 0
2 5 5 1 2.4492935982947064e-16 -2.4492935982947064e-16 1 1.5
2 5 -6 1 0 -0 1 1
2 5 -6 1 2.4492935982947064e-16 -2.4492935982947064e-16 1 1
1 0 0 1 0
1 20 0 0 1
1 0 3 1 0
1 0 0 0 1
1 0 0 1 0
1 20 0 0 1
1 0 3 1 0
1 0 0 0 1
1 0 0 1 0
1 20 0 0 1
1 0 3 1 0
1 0 0 0 1
1 0 0 1 0
1 20 0 0 1
1 0 3 1 0
1 0 0 0 1
1 4 0 -1 0
1 4 0 0 1
1 4 3 -1 0
1 0 0 0 1
1 0 0 1 0
1 -1.5707963267948966 0 0 1
1 0 3 1 0
1 1.5707963267948966 0 0 1
1 5.65685424949238 0 -1 0
1 5.65685424949238 0 0 1
1 5.65685424949238 3 -1 0
1 0 0 0 1
1 0 0 1 0
1 0 3 1 0
1 0 0 1 0
1 3.141592653589793 0 0 1
1 0 3 1 0
1 6.283185307179586 0 0 1
1 0 0 1 0
1 0 0 0 1
1 0 3 1 0
1 3.141592653589793 0 0 1
1 6.283185307179586 0 0 1
1 0 0 0 1
Curves 30
1 6.5 5 0 0 0 1
1 -10 -10 0 1 0 0
1 10 -10 0 0 1 0
1 10 10 0 -1 0 0
1 -10 10 0 0 -1 0
1 -10 -10 3 1 0 0
1 10 -10 3 0 1 0
1 10 10 3 -1 0 0
1 -10 10 3 0 -1 0
1 -10 -10 0 0 0 1
1 10 -10 0 0 0 1
1 10 10 0 0 0 1
1 -10 10 0 0 0 1
1 -6 -6 0 1 0 0
1 -6 -6 3 1 0 0
2 -2 -4 0 0 0 1 1 0 0 0 1 0 2
2 -2 -4 3 0 0 1 1 0 0 0 1 0 2
1 -2 -2 0 -0.7071067811865475 -0.7071067811865475 0
1 -2 -2 3 -0.7071067811865475 -0.7071067811865475 0
1 -6 -6 0 0 0 1
1 -2 -6 0 0 0 1
1 -2 -2 0 0 0 1
2 5 5 0 0 0 1 1 0 0 0 1 0 1.5
2 5 5 3 0 0 1 1 0 0 0 1 0 1.5
2 5 -6 0 0 0 1 1 0 0 0 1 0 1
2 5 -6 3 0 0 1 1 0 0 0 1 0 1
2 5 -6 0 0 0 1 1 0 0 0 1 0 1
2 5 -6 3 0 0 1 1 0 0 0 1 0 1
1 4 -6 0 0 0 1
1 6 -6 0 0 0 1
Polygon3D 0
PolygonOnTriangulations 0
Surfaces 12
1 0 0 0 -0 -0 -1 1 0 -0 0 -1 0
1 0 0 3 0 0 1 1 0 0 0 1 0
1 -10 -10 0 0 -1 0 1 0 0 -0 0 1
1 10 -10 0 1 0 0 0 1 0 0 0 1
1 10 10 0 0 1 -0 -1 0 0 0 0 1
1 -10 10 0 -1 0 0 0 -1 0 0 0 1
1 -2 -6 0 0 1 -0 -1 0 0 0 0 1
2 -2 -4 0 0 0 1 1 0 0 0 1 0 2
1 -6 -6 0 0.7071067811865475 -0.7071067811865475 0 0.7071067811865475 0.7071067811865475 0 -0 0 0.9999999999999998
2 5 5 0 0 0 1 1 0 0 0 1 0 1.5
2 5 -6 0 0 0 1 1 0 0 0 1 0 1
2 5 -6 0 0 0 1 1 0 0 0 1 0 1
Triangulations 0

TShapes 82
Ve
1e-7
-10 -10 0
0 0

0101101
*
Ve
1e-7
10 -10 0
0 0

0101101
*
Ve
1e-7
10 10 0
0 0

0101101
*
Ve
1e-7
-10 10 0
0 0

0101101
*
Ve
1e-7
-10 -10 3
0 0

0101101
*
Ve
1e-7
10 -10 3
0 0

0101101
*
Ve
1e-7
10 10 3
0 0

0101101
*
Ve
1e-7
-10 10 3
0 0

0101101
*
Ve
1e-7
-6 -6 0
0 0

0101101
*
Ve
1e-7
-2 -6 0
0 0

0101101
*
Ve
1e-7
-2 -2 0
0 0

0101101
*
Ve
1e-7
-6 -6 3
0 0

0101101
*
Ve
1e-7
-2 -6 3
0 0

0101101
*
Ve
1e-7
-2 -2 3
0 0

0101101
*
Ve
1e-7
4 -6 0
0 0

0101101
*
Ve
1e-7
6 -6 0
0 0

0101101
*
Ve
1e-7
4 -6 3
0 0

0101101
*
Ve
1e-7
6 -6 3
0 0

0101101
*
Ve
1e-7
6.5 5 0
0 0

0101101
*
Ve
1e-7
6.5 5 3
0 0

0101101
*
Ed
 1e-7 1 1 0
1 1 0 0 3
3 59 60 CN 10 0 0 3
0

0101000
+64 0 -63 0 *
Ed
 1e-7 1 1 0
1 2 0 0 20
2 4 1 0 0 20
2 21 3 0 0 20
0

0101000
+82 0 -81 0 *
Ed
 1e-7 1 1 0
1 3 0 0 20
2 3 1 0 0 20
2 25 4 0 0 20
0

0101000
+81 0 -80 0 *
Ed
 1e-7 1 1 0
1 4 0 0 20
2 2 1 0 0 20
2 29 5 0 0 20
0

0101000
+80 0 -79 0 *
Ed
 1e-7 1 1 0
1 5 0 0 20
2 1 1 0 0 20
2 33 6 0 0 20
0

0101000
+79 0 -82 0 *
Ed
 1e-7 1 1 0
1 6 0 0 20
2 11 2 0 0 20
2 23 3 0 0 20
0

0101000
+78 0 -77 0 *
Ed
 1e-7 1 1 0
1 7 0 0 20
2 12 2 0 0 20
2 27 4 0 0 20
0

0101000
+77 0 -76 0 *
Ed
 1e-7 1 1 0
1 8 0 0 20
2 13 2 0 0 20
2 31 5 0 0 20
0

0101000
+76 0 -75 0 *
Ed
 1e-7 1 1 0
1 9 0 0 20
2 14 2 0 0 20
2 35 6 0 0 20
0

0101000
+75 0 -78 0 *
Ed
 1e-7 1 1 0
1 10 0 0 3
2 24 3 0 0 3
2 34 6 0 0 3
0

0101000
+82 0 -78 0 *
Ed
 1e-7 1 1 0
1 11 0 0 3
2 22 3 0 0 3
2 28 4 0 0 3
0

0101000
+81 0 -77 0 *
Ed
 1e-7 1 1 0
1 12 0 0 3
2 26 4 0 0 3
2 32 5 0 0 3
0

0101000
+80 0 -76 0 *
Ed
 1e-7 1 1 0
1 13 0 0 3
2 30 5 0 0 3
2 36 6 0 0 3
0

0101000
+79 0 -75 0 *
Ed
 1e-7 1 1 0
1 14 0 0 4
2 5 1 0 0 4
2 37 7 0 0 4
0

0101000
+74 0 -73 0 *
Ed
 1e-7 1 1 0
1 15 0 0 4
2 17 2 0 0 4
2 39 7 0 0 4
0

0101000
+71 0 -70 0 *
Ed
 1e-7 1 1 0
1 16 0 -1.5707963267948966 1.5707963267948966
2 6 1 0 -1.5707963267948966 1.5707963267948966
2 41 8 0 -1.5707963267948966 1.5707963267948966
0

0101000
+73 0 -72 0 *
Ed
 1e-7 1 1 0
1 17 0 -1.5707963267948966 1.5707963267948966
2 16 2 0 -1.5707963267948966 1.5707963267948966
2 43 8 0 -1.5707963267948966 1.5707963267948966
0

0101000
+70 0 -69 0 *
Ed
 1e-7 1 1 0
1 18 0 0 5.656854249492381
2 7 1 0 0 5.656854249492381
2 45 9 0 0 5.656854249492381
0

0101000
+72 0 -74 0 *
Ed
 1e-7 1 1 0
1 19 0 0 5.656854249492381
2 15 2 0 0 5.656854249492381
2 47 9 0 0 5.656854249492381
0

0101000
+69 0 -71 0 *
Ed
 1e-7 1 1 0
1 20 0 0 3
2 38 7 0 0 3
2 48 9 0 0 3
0

0101000
+74 0 -71 0 *
Ed
 1e-7 1 1 0
1 21 0 0 3
2 40 7 0 0 3
2 42 8 0 0 3
0

0101000
+73 0 -70 0 *
Ed
 1e-7 1 1 0
1 22 0 0 3
2 44 8 0 0 3
2 46 9 0 0 3
0

0101000
+72 0 -69 0 *
Ed
 1e-7 1 1 0
1 23 0 0 6.283185307179586
2 8 1 0 0 6.283185307179586
2 49 10 0 0 6.283185307179586
0

0101000
+64 0 -64 0 *
Ed
 1e-7 1 1 0
1 24 0 0 6.283185307179586
2 18 2 0 0 6.283185307179586
2 50 10 0 0 6.283185307179586
0

0101000
+63 0 -63 0 *
Ed
 1e-7 1 1 0
1 25 0 3.141592653589793 6.283185307179586
2 9 1 0 3.141592653589793 6.283185307179586
2 51 11 0 3.141592653589793 6.283185307179586
0

0101000
+68 0 -67 0 *
Ed
 1e-7 1 1 0
1 26 0 3.141592653589793 6.283185307179586
2 20 2 0 3.141592653589793 6.283185307179586
2 53 11 0 3.141592653589793 6.283185307179586
0

0101000
+66 0 -65 0 *
Ed
 1e-7 1 1 0
1 27 0 0 3.141592653589793
2 10 1 0 0 3.141592653589793
2 55 12 0 0 3.141592653589793
0

0101000
+67 0 -68 0 *
Ed
 1e-7 1 1 0
1 28 0 0 3.141592653589793
2 19 2 0 0 3.141592653589793
2 57 12 0 0 3.141592653589793
0

0101000
+65 0 -66 0 *
Ed
 1e-7 1 1 0
1 29 0 0 3
2 52 11 0 0 3
2 58 12 0 0 3
0

0101000
+68 0 -66 0 *
Ed
 1e-7 1 1 0
1 30 0 0 3
2 54 11 0 0 3
2 56 12 0 0 3
0

0101000
+67 0 -65 0 *
Wi

0101100
-58 0 -59 0 -60 0 -61 0 *
Wi

0101100
+49 0 +47 0 +45 0 *
Wi

0101100
+40 0 *
Wi

0101100
+38 0 +36 0 *
Fa
0 1e-7 1 0

0101000
+32 0 +31 0 +30 0 +29 0 *
Wi

0101100
+57 0 +56 0 +55 0 +54 0 *
Wi

0101100
-44 0 -46 0 -48 0 *
Wi

0101100
-39 0 *
Wi

0101100
-35 0 -37 0 *
Fa
0 1e-7 2 0

0101000
+27 0 +26 0 +25 0 +24 0 *
Wi

0101100
+61 0 +52 0 -57 0 -53 0 *
Fa
0 1e-7 3 0

0101000
+22 0 *
Wi

0101100
+60 0 +51 0 -56 0 -52 0 *
Fa
0 1e-7 4 0

0101000
+20 0 *
Wi

0101100
+59 0 +50 0 -55 0 -51 0 *
Fa
0 1e-7 5 0

0101000
+18 0 *
Wi

0101100
+58 0 +53 0 -54 0 -50 0 *
Fa
0 1e-7 6 0

0101000
+16 0 *
Wi

0101100
-49 0 +43 0 +48 0 -42 0 *
Fa
0 1e-7 7 0

0101000
+14 0 *
Wi

0101100
+41 0 -46 0 -42 0 +47 0 *
Fa
0 1e-7 8 0

0101000
+12 0 *
Wi

0101100
-45 0 +41 0 +44 0 -43 0 *
Fa
0 1e-7 9 0

0101000
+10 0 *
Wi

0101100
+40 0 +62 0 -39 0 -62 0 *
Fa
0 1e-7 10 0

0101000
+8 0 *
Wi

0101100
+33 0 -37 0 -34 0 +38 0 *
Fa
0 1e-7 11 0

0101000
+6 0 *
Wi

0101100
+34 0 -35 0 -33 0 +36 0 *
Fa
0 1e-7 12 0

0101000
+4 0 *
Sh

0101100
+28 0 +23 0 +21 0 +19 0 +17 0 +15 0 +13 0 -11 0 +9 0 -7 0 -5 0 -3 0 *
So

0100100
+2 0 *

+1 0 
0
endbody
body tilted_prism
DBRep_DrawableShape

CASCADE Topology V1, (c) Matra-Datavision
Locations 0
Curve2ds 42
1 0 -9.999999999999998 0 1
1 4 -9.999999999999998 -1 0
1 4 -4 0 -1
1 12 -4 -1 0
1 12 0 0 -1
1 0 0 1 0
2 2 -7 1 0 0 -1 1
1 0 0 1 0
1 12 0 0 1
1 12 4 -1 0
1 4 4 0 1
1 4 9.999999999999998 -1 0
1 0 9.999999999999998 0 -1
2 2 6.999999999999998 1 2.4492935982947064e-16 -2.4492935982947064e-16 1 1
1 0 0 1 0
1 12 0 0 1
1 0 5 1 0
1 0 0 0 1
1 0 0 1 0
1 4 0 1.7763568394002506e-16 1
1 8.881784197001252e-16 5 1 0
1 0 0 1.7763568394002506e-16 1
1 0 0 1 0
1 8 0 0 1
1 0 5 1 0
1 0 0 0 1
1 0 0 1 7.401486830834379e-17
1 5.999999999999998 4.440892098500626e-16 1.7763568394002506e-16 1
1 8.881784197001252e-16 5 1 0
1 0 0 1.7763568394002506e-16 1
1 0 0 1 0
1 4 0 0 1
1 0 5 1 0
1 0 0 0 1
1 0 0 1 0
1 9.999999999999998 0 -3.552713678800501e-16 1
1 -8.881784197001252e-16 5 1 0
1 0 0 -1.7763568394002506e-16 1
1 0 0 1 0
1 0 5 1 0
1 6.283185307179586 0 0 1
1 0 0 0 1
Curves 21
1 4 3.0000000000000004 -4.499999999999999 0 0.6 0.8
1 1 -2.6 -0.30000000000000004 1 0 0
1 13 -2.6 -0.30000000000000004 0 0.8 -0.5999999999999999
1 13 0.6000000000000002 -2.6999999999999993 -1 0 0
1 5 0.6000000000000002 -2.6999999999999993 0 0.8 -0.5999999999999999
1 5 5.4 -6.299999999999998 -1 0 0
1 1 5.4 -6.299999999999998 0 -0.8 0.5999999999999999
1 1 0.3999999999999999 3.7 1 0 0
1 13 0.3999999999999999 3.7 0 0.8 -0.5999999999999999
1 13 3.6 1.3000000000000007 -1 0 0
1 5 3.6 1.3000000000000007 0 0.8 -0.5999999999999998
1 5 8.4 -2.299999999999998 -1 0 0
1 1 8.4 -2.299999999999998 0 -0.8 0.5999999999999999
1 1 -2.6 -0.30000000000000004 0 0.6000000000000001 0.8
1 13 -2.6 -0.30000000000000004 0 0.6000000000000001 0.8
1 13 0.6000000000000002 -2.6999999999999993 0 0.6000000000000001 0.8
1 5 0.6000000000000002 -2.6999999999999993 0 0.6000000000000001 0.8
1 5 5.4 -6.299999999999998 0 0.6000000000000001 0.8
1 1 5.4 -6.299999999999998 0 0.6000000000000001 0.8
2 3 3.0000000000000004 -4.499999999999999 0 0.5999999999999999 0.8 1 -0 0 0 0.8 -0.5999999999999999 1
2 3 6 -0.4999999999999991 0 0.5999999999999999 0.8 1 -0 0 0 0.8 -0.5999999999999999 1
Polygon3D 0
PolygonOnTriangulations 0
Surfaces 9
1 1 -2.6 -0.30000000000000004 -0 -0.5999999999999999 -0.8 1 -0 0 -0 -0.8 0.5999999999999999
1 1 0.3999999999999999 3.7 0 0.5999999999999999 0.8 1 -0 0 0 0.8 -0.5999999999999999
1 1 -2.6 -0.30000000000000004 0 -0.8 0.5999999999999999 1 0 0 -0 0.5999999999999999 0.8
1 13 -2.6 -0.30000000000000004 1 -0 0 0 0.8 -0.5999999999999999 0 0.5999999999999999 0.8
1 13 0.6000000000000002 -2.6999999999999993 0 0.8 -0.5999999999999999 -1 0 0 0 0.5999999999999999 0.8
1 5 0.6000000000000002 -2.6999999999999993 1 -0 0 0 0.8 -0.5999999999999999 0 0.5999999999999999 0.8
1 5 5.4 -6.299999999999998 0 0.8 -0.5999999999999999 -1 0 0 0 0.5999999999999999 0.8
1 1 5.4 -6.299999999999998 -1 0 0 0 -0.8 0.5999999999999999 0 0.5999999999999999 0.8
2 3 3.0000000000000004 -4.499999999999999 0 0.5999999999999999 0.8 1 -0 0 0 0.8 -0.5999999999999999 1
Triangulations 0

TShapes 57
Ve
1e-7
1 -2.6 -0.30000000000000004
0 0

0101101
*
Ve
1e-7
13 -2.6 -0.30000000000000004
0 0

0101101
*
Ve
1e-7
13 0.6000000000000002 -2.6999999999999993
0 0

0101101
*
Ve
1e-7
5 0.6000000000000002 -2.6999999999999993
0 0

0101101
*
Ve
1e-7
5 5.4 -6.299999999999998
0 0

0101101
*
Ve
1e-7
1 5.4 -6.299999999999998
0 0

0101101
*
Ve
1e-7
1 0.3999999999999999 3.7
0 0

0101101
*
Ve
1e-7
13 0.3999999999999999 3.7
0 0

0101101
*
Ve
1e-7
13 3.6 1.3000000000000007
0 0

0101101
*
Ve
1e-7
5 3.6 1.3000000000000007
0 0

0101101
*
Ve
1e-7
5 8.4 -2.299999999999998
0 0

0101101
*
Ve
1e-7
1 8.4 -2.299999999999998
0 0

0101101
*
Ve
1e-7
4 3.0000000000000004 -4.499999999999999
0 0

0101101
*
Ve
1e-7
4 6 -0.4999999999999991
0 0

0101101
*
Ed
 1e-7 1 1 0
1 1 0 0 5
3 41 42 CN 9 0 0 5
0

0101000
+45 0 -44 0 *
Ed
 1e-7 1 1 0
1 2 0 0 12
2 6 1 0 0 12
2 15 3 0 0 12
0

0101000
+57 0 -56 0 *
Ed
 1e-7 1 1 0
1 3 0 0 4
2 5 1 0 0 4
2 19 4 0 0 4
0

0101000
+56 0 -55 0 *
Ed
 1e-7 1 1 0
1 4 0 0 8
2 4 1 0 0 8
2 23 5 0 0 8
0

0101000
+55 0 -54 0 *
Ed
 1e-7 1 1 0
1 5 0 0 5.999999999999999
2 3 1 0 0 5.999999999999999
2 27 6 0 0 5.999999999999999
0

0101000
+54 0 -53 0 *
Ed
 1e-7 1 1 0
1 6 0 0 4
2 2 1 0 0 4
2 31 7 0 0 4
0

0101000
+53 0 -52 0 *
Ed
 1e-7 1 1 0
1 7 0 0 10
2 1 1 0 0 10
2 35 8 0 0 10
0

0101000
+52 0 -57 0 *
Ed
 1e-7 1 1 0
1 8 0 0 12
2 8 2 0 0 12
2 17 3 0 0 12
0

0101000
+51 0 -50 0 *
Ed
 1e-7 1 1 0
1 9 0 0 4
2 9 2 0 0 4
2 21 4 0 0 4
0

0101000
+50 0 -49 0 *
Ed
 1e-7 1 1 0
1 10 0 0 8
2 10 2 0 0 8
2 25 5 0 0 8
0

0101000
+49 0 -48 0 *
Ed
 1e-7 1 1 0
1 11 0 0 6
2 11 2 0 0 6
2 29 6 0 0 6
0

0101000
+48 0 -47 0 *
Ed
 1e-7 1 1 0
1 12 0 0 4
2 12 2 0 0 4
2 33 7 0 0 4
0

0101000
+47 0 -46 0 *
Ed
 1e-7 1 1 0
1 13 0 0 10
2 13 2 0 0 10
2 37 8 0 0 10
0

0101000
+46 0 -51 0 *
Ed
 1e-7 1 1 0
1 14 0 0 5
2 18 3 0 0 5
2 36 8 0 0 5
0

0101000
+57 0 -51 0 *
Ed
 1e-7 1 1 0
1 15 0 0 5
2 16 3 0 0 5
2 22 4 0 0 5
0

0101000
+56 0 -50 0 *
Ed
 1e-7 1 1 0
1 16 0 0 5
2 20 4 0 0 5
2 26 5 0 0 5
0

0101000
+55 0 -49 0 *
Ed
 1e-7 1 1 0
1 17 0 0 5
2 24 5 0 0 5
2 30 6 0 0 5
0

0101000
+54 0 -48 0 *
Ed
 1e-7 1 1 0
1 18 0 0 5
2 28 6 0 0 5
2 34 7 0 0 5
0

0101000
+53 0 -47 0 *
Ed
 1e-7 1 1 0
1 19 0 0 5
2 32 7 0 0 5
2 38 8 0 0 5
0

0101000
+52 0 -46 0 *
Ed
 1e-7 1 1 0
1 20 0 0 6.283185307179586
2 7 1 0 0 6.283185307179586
2 39 9 0 0 6.283185307179586
0

0101000
+45 0 -45 0 *
Ed
 1e-7 1 1 0
1 21 0 0 6.283185307179586
2 14 2 0 0 6.283185307179586
2 40 9 0 0 6.283185307179586
0

0101000
+44 0 -44 0 *
Wi

0101100
-37 0 -38 0 -39 0 -40 0 -41 0 -42 0 *
Wi

0101100
+24 0 *
Fa
0 1e-7 1 0

0101000
+22 0 +21 0 *
Wi

0101100
+36 0 +35 0 +34 0 +33 0 +32 0 +31 0 *
Wi

0101100
-23 0 *
Fa
0 1e-7 2 0

0101000
+19 0 +18 0 *
Wi

0101100
+42 0 +29 0 -36 0 -30 0 *
Fa
0 1e-7 3 0

0101000
+16 0 *
Wi

0101100
+41 0 +28 0 -35 0 -29 0 *
Fa
0 1e-7 4 0

0101000
+14 0 *
Wi

0101100
+40 0 +27 0 -34 0 -28 0 *
Fa
0 1e-7 5 0

0101000
+12 0 *
Wi

0101100
+39 0 +26 0 -33 0 -27 0 *
Fa
0 1e-7 6 0

0101000
+10 0 *
Wi

0101100
+38 0 +25 0 -32 0 -26 0 *
Fa
0 1e-7 7 0

0101000
+8 0 *
Wi

0101100
+37 0 +30 0 -31 0 -25 0 *
Fa
0 1e-7 8 0

0101000
+6 0 *
Wi

0101100
+24 0 +43 0 -23 0 -43 0 *
Fa
0 1e-7 9 0

0101000
+4 0 *
Sh

0101100
+20 0 +17 0 +15 0 +13 0 +11 0 +9 0 +7 0 +5 0 -3 0 *
So

0100100
+2 0 *

+1 0 
0
endbody
body far_prism
DBRep_DrawableShape

CASCADE Topology V1, (c) Matra-Datavision
Locations 0
Curve2ds 6
2 0 0 1 -2.4492935982947064e-16 -2.4492935982947064e-16 -1 2
2 0 0 1 0 -0 1 2
1 0 0 1 0
1 0 3 1 0
1 6.283185307179586 0 0 1
1 0 0 0 1
Curves 3
1 10002 -20000 5000 0 0 1
2 10000 -20000 5000 0 0 1 1 0 0 0 1 0 2
2 10000 -20000 5003 0 0 1 1 0 0 0 1 0 2
Polygon3D 0
PolygonOnTriangulations 0
Surfaces 3
1 10000 -20000 5000 -0 -0 -1 1 0 -0 0 -1 0
1 10000 -20000 5003 0 0 1 1 0 0 0 1 0
2 10000 -20000 5000 0 0 1 1 0 0 0 1 0 2
Triangulations 0

TShapes 13
Ve
1e-7
10002 -20000 5000
0 0

0101101
*
Ve
1e-7
10002 -20000 5003
0 0

0101101
*
Ed
 1e-7 1 1 0
1 1 0 0 3
3 5 6 CN 3 0 0 3
0

0101000
+13 0 -12 0 *
Ed
 1e-7 1 1 0
1 2 0 0 6.283185307179586
2 1 1 0 0 6.283185307179586
2 3 3 0 0 6.283185307179586
0

0101000
+13 0 -13 0 *
Ed
 1e-7 1 1 0
1 3 0 0 6.283185307179586
2 2 2 0 0 6.283185307179586
2 4 3 0 0 6.283185307179586
0

0101000
+12 0 -12 0 *
Wi

0101100
-10 0 *
Fa
0 1e-7 1 0

0101000
+8 0 *
Wi

0101100
+9 0 *
Fa
0 1e-7 2 0

0101000
+6 0 *
Wi

0101100
+10 0 +11 0 -9 0 -11 0 *
Fa
0 1e-7 3 0

0101000
+4 0 *
Sh

0101100
+7 0 +5 0 +3 0 *
So

0100100
+2 0 *

+1 0 
0
endbody
body cone_apex
DBRep_DrawableShape

CASCADE Topology V1, (c) Matra-Datavision
Locations 0
Curve2ds 5
2 0 0 1 -2.4492935982947064e-16 -2.4492935982947064e-16 -1 2
1 0 0 1 0
1 6.283185307179586 0 0 1
1 0 0 0 1
1 0 3.60555127546399 1 0
Curves 2
1 2 0 0 -0.554700196225229 0 0.8320502943378438
2 0 0 0 0 0 1 1 0 0 0 1 0 2
Polygon3D 0
PolygonOnTriangulations 0
Surfaces 2
1 0 0 0 -0 -0 -1 1 0 -0 0 -1 0
3 0 0 0 0 0 1 1 0 0 0 1 0 2 -0.5880026035475675
Triangulations 0

TShapes 11
Ve
1e-7
0 0 3
0 0

0101101
*
Ve
1e-7
2 0 0
0 0

0101101
*
Ed
 1e-7 1 1 0
1 1 0 0 3.60555127546399
3 3 4 CN 2 0 0 3.60555127546399
0

0101000
+10 0 -11 0 *
Ed
 1e-7 1 1 1
2 5 2 0 0 6.283185307179586
0

0101000
+11 0 -11 0 *
Ed
 1e-7 1 1 0
1 2 0 0 6.283185307179586
2 1 1 0 0 6.283185307179586
2 2 2 0 0 6.283185307179586
0

0101000
+10 0 -10 0 *
Wi

0101100
-7 0 *
Fa
0 1e-7 1 0

0101000
+6 0 *
Wi

0101100
+7 0 +9 0 -8 0 -9 0 *
Fa
0 1e-7 2 0

0101000
+4 0 *
Sh

0101100
+5 0 +3 0 *
So

0100100
+2 0 *

+1 0 
0
endbody
body frustum
DBRep_DrawableShape

CASCADE Topology V1, (c) Matra-Datavision
Locations 0
Curve2ds 6
2 0 0 1 -2.4492935982947064e-16 -2.4492935982947064e-16 -1 2
2 0 0 1 0 -0 1 1
1 0 0 1 0
1 0 3.1622776601683795 1 0
1 6.283185307179586 0 0 1
1 0 0 0 1
Curves 3
1 2 0 0 -0.31622776601683794 0 0.9486832980505138
2 0 0 0 0 0 1 1 0 0 0 1 0 2
2 0 0 3 0 0 1 1 0 0 0 1 0 1
Polygon3D 0
PolygonOnTriangulations 0
Surfaces 3
1 0 0 0 -0 -0 -1 1 0 -0 0 -1 0
1 0 0 3 0 0 1 1 0 0 0 1 0
3 0 0 0 0 0 1 1 0 0 0 1 0 2 -0.3217505543966422
Triangulations 0

TShapes 13
Ve
1e-7
2 0 0
0 0

0101101
*
Ve
1e-7
1 0 3
0 0

0101101
*
Ed
 1e-7 1 1 0
1 1 0 0 3.1622776601683795
3 5 6 CN 3 0 0 3.1622776601683795
0

0101000
+13 0 -12 0 *
Ed
 1e-7 1 1 0
1 2 0 0 6.283185307179586
2 1 1 0 0 6.283185307179586
2 3 3 0 0 6.283185307179586
0

0101000
+13 0 -13 0 *
Ed
 1e-7 1 1 0
1 3 0 0 6.283185307179586
2 2 2 0 0 6.283185307179586
2 4 3 0 0 6.283185307179586
0

0101000
+12 0 -12 0 *
Wi

0101100
-10 0 *
Fa
0 1e-7 1 0

0101000
+8 0 *
Wi

0101100
+9 0 *
Fa
0 1e-7 2 0

0101000
+6 0 *
Wi

0101100
+10 0 +11 0 -9 0 -11 0 *
Fa
0 1e-7 3 0

0101000
+4 0 *
Sh

0101100
+7 0 +5 0 +3 0 *
So

0100100
+2 0 *

+1 0 
0
endbody
body cone_inverted
DBRep_DrawableShape

CASCADE Topology V1, (c) Matra-Datavision
Locations 0
Curve2ds 5
2 0 0 1 0 -0 1 1.5
1 0 2.5 1 0
1 6.283185307179586 -0 0 1
1 0 -0 0 1
1 0 -0 1 0
Curves 2
1 0 0 0 0.6000000000000001 0 0.8
2 0 0 2 0 0 1 1 0 0 0 1 0 1.5
Polygon3D 0
PolygonOnTriangulations 0
Surfaces 2
1 0 0 2 0 0 1 1 0 0 0 1 0
3 0 0 0 0 0 1 1 0 0 0 1 0 0 0.6435011087932844
Triangulations 0

TShapes 11
Ve
1e-7
0 0 0
0 0

0101101
*
Ve
1e-7
1.5 0 2
0 0

0101101
*
Ed
 1e-7 1 1 0
1 1 0 0 2.5
3 3 4 CN 2 0 0 2.5
0

0101000
+11 0 -10 0 *
Ed
 1e-7 1 1 1
2 5 2 0 0 6.283185307179586
0

0101000
+11 0 -11 0 *
Ed
 1e-7 1 1 0
1 2 0 0 6.283185307179586
2 1 1 0 0 6.283185307179586
2 2 2 0 0 6.283185307179586
0

0101000
+10 0 -10 0 *
Wi

0101100
+7 0 *
Fa
0 1e-7 1 0

0101000
+6 0 *
Wi

0101100
+8 0 +9 0 -7 0 -9 0 *
Fa
0 1e-7 2 0

0101000
+4 0 *
Sh

0101100
+5 0 +3 0 *
So

0100100
+2 0 *

+1 0 
0
endbody
body cone_tilted
DBRep_DrawableShape

CASCADE Topology V1, (c) Matra-Datavision
Locations 0
Curve2ds 6
2 0 0 1 -2.4492935982947064e-16 -2.4492935982947064e-16 -1 1
2 0 0 1 0 -0 1 2.5
1 0 0 1 0
1 0 1.5811388300841898 1 0
1 6.283185307179586 0 0 1
1 0 0 0 1
Curves 3
1 2 -2 0.5 0.9486832980505138 0.1897366596101028 0.2529822128134704
2 1 -2 0.5 0 0.5999999999999999 0.8 1 -0 0 0 0.8 -0.5999999999999999 1
2 1 -1.7 0.9 0 0.5999999999999999 0.8 1 -0 0 0 0.8 -0.5999999999999999 2.5
Polygon3D 0
PolygonOnTriangulations 0
Surfaces 3
1 1 -2 0.5 -0 -0.5999999999999999 -0.8 1 -0 0 -0 -0.8 0.5999999999999999
1 1 -1.7 0.9 0 0.5999999999999999 0.8 1 -0 0 0 0.8 -0.5999999999999999
3 1 -2 0.5 0 0.6 0.8 1 -0 0 0 0.8 -0.6 1 1.2490457723982544
Triangulations 0

TShapes 13
Ve
1e-7
2 -2 0.5
0 0

0101101
*
Ve
1e-7
3.5 -1.7 0.9
0 0

0101101
*
Ed
 1e-7 1 1 0
1 1 0 0 1.5811388300841898
3 5 6 CN 3 0 0 1.5811388300841898
0

0101000
+13 0 -12 0 *
Ed
 1e-7 1 1 0
1 2 0 0 6.283185307179586
2 1 1 0 0 6.283185307179586
2 3 3 0 0 6.283185307179586
0

0101000
+13 0 -13 0 *
Ed
 1e-7 1 1 0
1 3 0 0 6.283185307179586
2 2 2 0 0 6.283185307179586
2 4 3 0 0 6.283185307179586
0

0101000
+12 0 -12 0 *
Wi

0101100
-10 0 *
Fa
0 1e-7 1 0

0101000
+8 0 *
Wi

0101100
+9 0 *
Fa
0 1e-7 2 0

0101000
+6 0 *
Wi

0101100
+10 0 +11 0 -9 0 -11 0 *
Fa
0 1e-7 3 0

0101000
+4 0 *
Sh

0101100
+7 0 +5 0 +3 0 *
So

0100100
+2 0 *

+1 0 
0
endbody
body sphere
DBRep_DrawableShape

CASCADE Topology V1, (c) Matra-Datavision
Locations 0
Curve2ds 4
1 6.283185307179586 0 0 1
1 0 0 0 1
1 0 -1.5707963267948966 1 0
1 0 1.5707963267948966 1 0
Curves 1
2 0 0 0 0 -1 0 1 0 0 0 0 1 5
Polygon3D 0
PolygonOnTriangulations 0
Surfaces 1
4 0 0 0 0 0 1 1 0 0 0 1 0 5
Triangulations 0

TShapes 9
Ve
1e-7
3.061616997868383e-16 0 -5
0 0

0101101
*
Ve
1e-7
3.061616997868383e-16 0 5
0 0

0101101
*
Ed
 1e-7 1 1 0
1 1 0 -1.5707963267948966 1.5707963267948966
3 1 2 CN 1 0 -1.5707963267948966 1.5707963267948966
0

0101000
+9 0 -8 0 *
Ed
 1e-7 1 1 1
2 3 1 0 0 6.283185307179586
0

0101000
+9 0 -9 0 *
Ed
 1e-7 1 1 1
2 4 1 0 0 6.283185307179586
0

0101000
+8 0 -8 0 *
Wi

0101100
+6 0 +7 0 -5 0 -7 0 *
Fa
0 1e-7 1 0

0101000
+4 0 *
Sh

0101100
+3 0 *
So

0100100
+2 0 *

+1 0 
0
endbody
body hemisphere
DBRep_DrawableShape

CASCADE Topology V1, (c) Matra-Datavision
Locations 0
Curve2ds 5
2 0 0 1 -2.4492935982947064e-16 -2.4492935982947064e-16 -1 5
1 0 0 1 0
1 6.283185307179586 0 0 1
1 0 0 0 1
1 0 1.5707963267948966 1 0
Curves 2
2 0 0 0 0 -1 0 1 0 0 0 0 1 5
2 0 0 0 0 0 1 1 0 0 0 1 0 5
Polygon3D 0
PolygonOnTriangulations 0
Surfaces 2
1 0 0 0 -0 -0 -1 1 0 -0 0 -1 0
4 0 0 0 0 0 1 1 0 0 0 1 0 5
Triangulations 0

TShapes 11
Ve
1e-7
0 0 5
0 0

0101101
*
Ve
1e-7
5 0 0
0 0

0101101
*
Ed
 1e-7 1 1 0
1 1 0 0 1.5707963267948966
3 3 4 CN 2 0 0 1.5707963267948966
0

0101000
+10 0 -11 0 *
Ed
 1e-7 1 1 1
2 5 2 0 0 6.283185307179586
0

0101000
+11 0 -11 0 *
Ed
 1e-7 1 1 0
1 2 0 0 6.283185307179586
2 1 1 0 0 6.283185307179586
2 2 2 0 0 6.283185307179586
0

0101000
+10 0 -10 0 *
Wi

0101100
-7 0 *
Fa
0 1e-7 1 0

0101000
+6 0 *
Wi

0101100
+7 0 +9 0 -8 0 -9 0 *
Fa
0 1e-7 2 0

0101000
+4 0 *
Sh

0101100
+5 0 +3 0 *
So

0100100
+2 0 *

+1 0 
0
endbody
body sphere_zone
DBRep_DrawableShape

CASCADE Topology V1, (c) Matra-Datavision
Locations 0
Curve2ds 6
2 0 0 1 -2.4492935982947064e-16 -2.4492935982947064e-16 -1 4.387912809451864
2 0 0 1 0 -0 1 3.483533546735827
1 0 -0.5 1 0
1 0 0.8 1 0
1 6.283185307179586 0 0 1
1 0 0 0 1
Curves 3
2 0 0 0 0 -1 0 1 0 0 0 0 1 5
2 0 0 -2.397127693021015 0 0 1 1 0 0 0 1 0 4.387912809451864
2 0 0 3.586780454497614 0 0 1 1 0 0 0 1 0 3.483533546735827
Polygon3D 0
PolygonOnTriangulations 0
Surfaces 3
1 0 0 -2.397127693021015 -0 -0 -1 1 0 -0 0 -1 0
1 0 0 3.586780454497614 0 0 1 1 0 0 0 1 0
4 0 0 0 0 0 1 1 0 0 0 1 0 5
Triangulations 0

TShapes 13
Ve
1e-7
4.387912809451864 0 -2.397127693021015
0 0

0101101
*
Ve
1e-7
3.483533546735827 0 3.586780454497614
0 0

0101101
*
Ed
 1e-7 1 1 0
1 1 0 -0.5 0.8
3 5 6 CN 3 0 -0.5 0.8
0

0101000
+13 0 -12 0 *
Ed
 1e-7 1 1 0
1 2 0 0 6.283185307179586
2 1 1 0 0 6.283185307179586
2 3 3 0 0 6.283185307179586
0

0101000
+13 0 -13 0 *
Ed
 1e-7 1 1 0
1 3 0 0 6.283185307179586
2 2 2 0 0 6.283185307179586
2 4 3 0 0 6.283185307179586
0

0101000
+12 0 -12 0 *
Wi

0101100
-10 0 *
Fa
0 1e-7 1 0

0101000
+8 0 *
Wi

0101100
+9 0 *
Fa
0 1e-7 2 0

0101000
+6 0 *
Wi

0101100
+10 0 +11 0 -9 0 -11 0 *
Fa
0 1e-7 3 0

0101000
+4 0 *
Sh

0101100
+7 0 +5 0 +3 0 *
So

0100100
+2 0 *

+1 0 
0
endbody
body sphere_far
DBRep_DrawableShape

CASCADE Topology V1, (c) Matra-Datavision
Locations 0
Curve2ds 4
1 6.283185307179586 0 0 1
1 0 0 0 1
1 0 -1.5707963267948966 1 0
1 0 1.5707963267948966 1 0
Curves 1
2 10000 -20000 5000 0 -1 0 1 0 0 0 0 1 2
Polygon3D 0
PolygonOnTriangulations 0
Surfaces 1
4 10000 -20000 5000 0 0 1 1 0 0 0 1 0 2
Triangulations 0

TShapes 9
Ve
1e-7
10000 -20000 4998
0 0

0101101
*
Ve
1e-7
10000 -20000 5002
0 0

0101101
*
Ed
 1e-7 1 1 0
1 1 0 -1.5707963267948966 1.5707963267948966
3 1 2 CN 1 0 -1.5707963267948966 1.5707963267948966
0

0101000
+9 0 -8 0 *
Ed
 1e-7 1 1 1
2 3 1 0 0 6.283185307179586
0

0101000
+9 0 -9 0 *
Ed
 1e-7 1 1 1
2 4 1 0 0 6.283185307179586
0

0101000
+8 0 -8 0 *
Wi

0101100
+6 0 +7 0 -5 0 -7 0 *
Fa
0 1e-7 1 0

0101000
+4 0 *
Sh

0101100
+3 0 *
So

0100100
+2 0 *

+1 0 
0
endbody
body torus
DBRep_DrawableShape

CASCADE Topology V1, (c) Matra-Datavision
Locations 0
Curve2ds 4
1 6.283185307179586 0 0 1
1 0 0 0 1
1 0 0 1 0
1 0 6.283185307179586 1 0
Curves 2
2 6 0 0 0 -1 0 1 0 0 0 0 1 2
2 0 0 0 0 0 1 1 0 0 0 1 0 8
Polygon3D 0
PolygonOnTriangulations 0
Surfaces 1
5 0 0 0 0 0 1 1 0 0 0 1 0 6 2
Triangulations 0

TShapes 7
Ve
1e-7
8 0 0
0 0

0101101
*
Ed
 1e-7 1 1 0
1 1 0 0 6.283185307179586
3 1 2 CN 1 0 0 6.283185307179586
0

0101000
+7 0 -7 0 *
Ed
 1e-7 1 1 0
1 2 0 0 6.283185307179586
3 3 4 CN 1 0 0 6.283185307179586
0

0101000
+7 0 -7 0 *
Wi

0101100
+5 0 +6 0 -5 0 -6 0 *
Fa
0 1e-7 1 0

0101000
+4 0 *
Sh

0101100
+3 0 *
So

0100100
+2 0 *

+1 0 
0
endbody
body torus_segment
DBRep_DrawableShape

CASCADE Topology V1, (c) Matra-Datavision
Locations 0
Curve2ds 6
2 0 0 1 -2.4492935982947064e-16 -2.4492935982947064e-16 -1 7.0806046117362795
2 0 0 1 0 -0 1 7.0806046117362795
1 0 -1 1 0
1 0 1 1 0
1 6.283185307179586 0 0 1
1 0 0 0 1
Curves 3
2 6 0 0 0 -1 0 1 0 0 0 0 1 2
2 0 0 -1.682941969615793 0 0 1 1 0 0 0 1 0 7.0806046117362795
2 0 0 1.682941969615793 0 0 1 1 0 0 0 1 0 7.0806046117362795
Polygon3D 0
PolygonOnTriangulations 0
Surfaces 3
1 0 0 -1.682941969615793 -0 -0 -1 1 0 -0 0 -1 0
1 0 0 1.682941969615793 0 0 1 1 0 0 0 1 0
5 0 0 0 0 0 1 1 0 0 0 1 0 6 2
Triangulations 0

TShapes 13
Ve
1e-7
7.0806046117362795 0 -1.682941969615793
0 0

0101101
*
Ve
1e-7
7.0806046117362795 0 1.682941969615793
0 0

0101101
*
Ed
 1e-7 1 1 0
1 1 0 -1 1
3 5 6 CN 3 0 -1 1
0

0101000
+13 0 -12 0 *
Ed
 1e-7 1 1 0
1 2 0 0 6.283185307179586
2 1 1 0 0 6.283185307179586
2 3 3 0 0 6.283185307179586
0

0101000
+13 0 -13 0 *
Ed
 1e-7 1 1 0
1 3 0 0 6.283185307179586
2 2 2 0 0 6.283185307179586
2 4 3 0 0 6.283185307179586
0

0101000
+12 0 -12 0 *
Wi

0101100
-10 0 *
Fa
0 1e-7 1 0

0101000
+8 0 *
Wi

0101100
+9 0 *
Fa
0 1e-7 2 0

0101000
+6 0 *
Wi

0101100
+10 0 +11 0 -9 0 -11 0 *
Fa
0 1e-7 3 0

0101000
+4 0 *
Sh

0101100
+7 0 +5 0 +3 0 *
So

0100100
+2 0 *

+1 0 
0
endbody
body torus_inner_half
DBRep_DrawableShape

CASCADE Topology V1, (c) Matra-Datavision
Locations 0
Curve2ds 6
2 0 0 1 0 -0 1 6
2 0 0 1 -2.4492935982947064e-16 -2.4492935982947064e-16 -1 6
1 0 1.5707963267948966 1 0
1 0 4.71238898038469 1 0
1 6.283185307179586 0 0 1
1 0 0 0 1
Curves 3
2 6 0 0 0 -1 0 1 0 0 0 0 1 2
2 0 0 2 0 0 1 1 0 0 0 1 0 6
2 0 0 -2 0 0 1 1 0 0 0 1 0 6
Polygon3D 0
PolygonOnTriangulations 0
Surfaces 3
1 0 0 2 0 0 1 1 0 0 0 1 0
1 0 0 -2 -0 -0 -1 1 0 -0 0 -1 0
5 0 0 0 0 0 1 1 0 0 0 1 0 6 2
Triangulations 0

TShapes 13
Ve
1e-7
6 0 2
0 0

0101101
*
Ve
1e-7
6 0 -2
0 0

0101101
*
Ed
 1e-7 1 1 0
1 1 0 1.5707963267948966 4.71238898038469
3 5 6 CN 3 0 1.5707963267948966 4.71238898038469
0

0101000
+13 0 -12 0 *
Ed
 1e-7 1 1 0
1 2 0 0 6.283185307179586
2 1 1 0 0 6.283185307179586
2 3 3 0 0 6.283185307179586
0

0101000
+13 0 -13 0 *
Ed
 1e-7 1 1 0
1 3 0 0 6.283185307179586
2 2 2 0 0 6.283185307179586
2 4 3 0 0 6.283185307179586
0

0101000
+12 0 -12 0 *
Wi

0101100
+10 0 *
Fa
0 1e-7 1 0

0101000
+8 0 *
Wi

0101100
-9 0 *
Fa
0 1e-7 2 0

0101000
+6 0 *
Wi

0101100
+10 0 +11 0 -9 0 -11 0 *
Fa
0 1e-7 3 0

0101000
+4 0 *
Sh

0101100
+7 0 +5 0 -3 0 *
So

0100100
+2 0 *

+1 0 
0
endbody
body torus_wedge
DBRep_DrawableShape

CASCADE Topology V1, (c) Matra-Datavision
Locations 0
Curve2ds 6
2 0 0 1 0 -0 1 2
2 0 0 1 -2.4492935982947064e-16 -2.4492935982947064e-16 -1 2
1 0 0 0 1
1 2 0 0 1
1 0 0 1 0
1 0 6.283185307179586 1 0
Curves 3
2 0 0 0 0 0 1 1 0 0 0 1 0 8
2 6 0 0 0 -1 0 1 0 0 -0 0 1 2
2 -2.4968810192828546 5.45578456095409 0 0.9092974268256817 0.4161468365471424 -0 -0.4161468365471424 0.9092974268256817 0 0 0 1 2
Polygon3D 0
PolygonOnTriangulations 0
Surfaces 3
1 6 0 0 -0 -1 -0 1 0 0 0 0 1
1 -2.4968810192828546 5.45578456095409 0 -0.9092974268256817 -0.4161468365471424 0 -0.4161468365471424 0.9092974268256817 0 -0 0 -1
5 0 0 0 0 0 1 1 0 0 0 1 0 6 2
Triangulations 0

TShapes 13
Ve
1e-7
8 0 0
0 0

0101101
*
Ve
1e-7
-3.3291746923771393 7.274379414605454 0
0 0

0101101
*
Ed
 1e-7 1 1 0
1 1 0 0 2
3 5 6 CN 3 0 0 2
0

0101000
+13 0 -12 0 *
Ed
 1e-7 1 1 0
1 2 0 0 6.283185307179586
2 1 1 0 0 6.283185307179586
2 3 3 0 0 6.283185307179586
0

0101000
+13 0 -13 0 *
Ed
 1e-7 1 1 0
1 3 0 0 6.283185307179586
2 2 2 0 0 6.283185307179586
2 4 3 0 0 6.283185307179586
0

0101000
+12 0 -12 0 *
Wi

0101100
+10 0 *
Fa
0 1e-7 1 0

0101000
+8 0 *
Wi

0101100
-9 0 *
Fa
0 1e-7 2 0

0101000
+6 0 *
Wi

0101100
+11 0 +9 0 -11 0 -10 0 *
Fa
0 1e-7 3 0

0101000
+4 0 *
Sh

0101100
+7 0 +5 0 +3 0 *
So

0100100
+2 0 *

+1 0 
0
endbody
body torus_tilted
DBRep_DrawableShape

CASCADE Topology V1, (c) Matra-Datavision
Locations 0
Curve2ds 4
1 6.283185307179586 0 0 1
1 0 0 0 1
1 0 0 1 0
1 0 6.283185307179586 1 0
Curves 2
2 4 -2 0.5 -0 -0.8 0.6 1 -0 0 0 0.6 0.8 1
2 1 -2 0.5 0 0.6 0.8 1 -0 0 0 0.8 -0.6 4
Polygon3D 0
PolygonOnTriangulations 0
Surfaces 1
5 1 -2 0.5 0 0.6 0.8 1 -0 0 0 0.8 -0.6 3 1
Triangulations 0

TShapes 7
Ve
1e-7
5 -2 0.5
0 0

0101101
*
Ed
 1e-7 1 1 0
1 1 0 0 6.283185307179586
3 1 2 CN 1 0 0 6.283185307179586
0

0101000
+7 0 -7 0 *
Ed
 1e-7 1 1 0
1 2 0 0 6.283185307179586
3 3 4 CN 1 0 0 6.283185307179586
0

0101000
+7 0 -7 0 *
Wi

0101100
+5 0 +6 0 -5 0 -6 0 *
Fa
0 1e-7 1 0

0101000
+4 0 *
Sh

0101100
+3 0 *
So

0100100
+2 0 *

+1 0 
0
endbody
body face_holes
DBRep_DrawableShape

CASCADE Topology V1, (c) Matra-Datavision
Locations 0
Curve2ds 13
1 -10 -10 1 0
1 10 -10 0 1
1 10 10 -1 0
1 -10 10 0 -1
1 -7 -3 0 -1
1 -3 -3 -1 0
1 -3 -7 0 1
1 -7 -7 1 0
2 5 5 1 2.4492935982947064e-16 -2.4492935982947064e-16 1 1.5
2 0 0 1 2.4492935982947064e-16 -2.4492935982947064e-16 1 1
1 3 1 -1 0
2 3 0 1 0 -0 1 1
1 0 -1 1 0
Curves 13
1 -10 -10 0 1 0 0
1 10 -10 0 0 1 0
1 10 10 0 -1 0 0
1 -10 10 0 0 -1 0
1 -7 -7 0 1 0 0
1 -3 -7 0 0 1 0
1 -3 -3 0 -1 0 0
1 -7 -3 0 0 -1 0
2 5 5 0 0 0 1 1 0 0 0 1 0 1.5
1 0 -1 0 1 0 0
2 3 0 0 0 0 1 1 0 0 0 1 0 1
1 3 1 0 -1 0 0
2 0 0 0 0 0 1 1 0 0 0 1 0 1
Polygon3D 0
PolygonOnTriangulations 0
Surfaces 1
1 0 0 0 0 0 1 1 0 0 0 1 0
Triangulations 0

TShapes 31
Ve
1e-7
-10 -10 0
0 0

0101101
*
Ve
1e-7
10 -10 0
0 0

0101101
*
Ve
1e-7
10 10 0
0 0

0101101
*
Ve
1e-7
-10 10 0
0 0

0101101
*
Ve
1e-7
-7 -7 0
0 0

0101101
*
Ve
1e-7
-3 -7 0
0 0

0101101
*
Ve
1e-7
-3 -3 0
0 0

0101101
*
Ve
1e-7
-7 -3 0
0 0

0101101
*
Ve
1e-7
0 -1 0
0 0

0101101
*
Ve
1e-7
3 -1 0
0 0

0101101
*
Ve
1e-7
3 1 0
0 0

0101101
*
Ve
1e-7
0 1 0
0 0

0101101
*
Ve
1e-7
6.5 5 0
0 0

0101101
*
Ed
 1e-7 1 1 0
1 1 0 0 20
2 1 1 0 0 20
0

0101000
+31 0 -30 0 *
Ed
 1e-7 1 1 0
1 2 0 0 20
2 2 1 0 0 20
0

0101000
+30 0 -29 0 *
Ed
 1e-7 1 1 0
1 3 0 0 20
2 3 1 0 0 20
0

0101000
+29 0 -28 0 *
Ed
 1e-7 1 1 0
1 4 0 0 20
2 4 1 0 0 20
0

0101000
+28 0 -31 0 *
Ed
 1e-7 1 1 0
1 5 0 0 4
2 8 1 0 0 4
0

0101000
+27 0 -26 0 *
Ed
 1e-7 1 1 0
1 6 0 0 4
2 7 1 0 0 4
0

0101000
+26 0 -25 0 *
Ed
 1e-7 1 1 0
1 7 0 0 4
2 6 1 0 0 4
0

0101000
+25 0 -24 0 *
Ed
 1e-7 1 1 0
1 8 0 0 4
2 5 1 0 0 4
0

0101000
+24 0 -27 0 *
Ed
 1e-7 1 1 0
1 9 0 0 6.283185307179586
2 9 1 0 0 6.283185307179586
0

0101000
+19 0 -19 0 *
Ed
 1e-7 1 1 0
1 10 0 0 3
2 13 1 0 0 3
0

0101000
+23 0 -22 0 *
Ed
 1e-7 1 1 0
1 11 0 -1.5707963267948966 1.5707963267948966
2 12 1 0 -1.5707963267948966 1.5707963267948966
0

0101000
+22 0 -21 0 *
Ed
 1e-7 1 1 0
1 12 0 0 3
2 11 1 0 0 3
0

0101000
+21 0 -20 0 *
Ed
 1e-7 1 1 0
1 13 0 1.5707963267948966 4.71238898038469
2 10 1 0 1.5707963267948966 4.71238898038469
0

0101000
+20 0 -23 0 *
Wi

0101100
+18 0 +17 0 +16 0 +15 0 *
Wi

0101100
-11 0 -12 0 -13 0 -14 0 *
Wi

0101100
-10 0 *
Wi

0101100
-6 0 -7 0 -8 0 -9 0 *
Fa
0 1e-7 1 0

0101000
+5 0 +4 0 +3 0 +2 0 *

+1 0 
0
endbody
body face_lens_tilted
DBRep_DrawableShape

CASCADE Topology V1, (c) Matra-Datavision
Locations 0
Curve2ds 2
2 -4 0 1 0 -0 1 5
2 4 0 1 0 -0 1 5
Curves 2
2 -3 -2 0.5 0 0.5999999999999999 0.8 1 -0 0 0 0.8 -0.5999999999999999 5
2 5 -2 0.5 0 0.5999999999999999 0.8 1 -0 0 0 0.8 -0.5999999999999999 5
Polygon3D 0
PolygonOnTriangulations 0
Surfaces 1
1 1 -2 0.5 0 0.6 0.8 1 -0 0 0 0.8 -0.6
Triangulations 0

TShapes 6
Ve
1e-7
1 -4.4 2.3
0 0

0101101
*
Ve
1e-7
1 0.40000000000000036 -1.2999999999999996
0 0

0101101
*
Ed
 1e-7 1 1 0
1 1 0 -0.6435011087932844 0.6435011087932844
2 1 1 0 -0.6435011087932844 0.6435011087932844
0

0101000
+6 0 -5 0 *
Ed
 1e-7 1 1 0
1 2 0 2.498091544796509 3.7850937623830774
2 2 1 0 2.498091544796509 3.7850937623830774
0

0101000
+5 0 -6 0 *
Wi

0101100
+4 0 +3 0 *
Fa
0 1e-7 1 0

0101000
+2 0 *

+1 0 
0
endbody
mesh box coarse 0.4 0.5
mesh box fine 0.04 0.3
mesh plate_hole coarse 0.4 0.5
mesh plate_hole fine 0.04 0.3
mesh cylinder coarse 0.12 0.5
mesh cylinder fine 0.012 0.3
mesh tall_cylinder coarse 0.4 0.5
mesh tall_cylinder fine 0.04 0.3
mesh thin_disc coarse 0.2 0.5
mesh thin_disc fine 0.02 0.3
mesh stadium_slot coarse 0.2 0.5
mesh stadium_slot fine 0.02 0.3
mesh rounded_rectangle coarse 0.08 0.5
mesh rounded_rectangle fine 0.008 0.3
mesh notch coarse 0.1 0.5
mesh notch fine 0.01 0.3
mesh lens coarse 0.06 0.5
mesh lens fine 0.006 0.3
mesh scallop coarse 0.06 0.5
mesh scallop fine 0.006 0.3
mesh holes_mixed coarse 0.2 0.5
mesh holes_mixed fine 0.02 0.3
mesh tilted_prism coarse 0.12 0.5
mesh tilted_prism fine 0.012 0.3
mesh far_prism coarse 0.04 0.5
mesh far_prism fine 0.004 0.3
mesh cone_apex coarse 0.03 0.5
mesh cone_apex fine 0.003 0.3
mesh frustum coarse 0.03 0.5
mesh frustum fine 0.003 0.3
mesh cone_inverted coarse 0.02 0.5
mesh cone_inverted fine 0.002 0.3
mesh cone_tilted coarse 0.025 0.5
mesh cone_tilted fine 0.0025 0.3
mesh sphere coarse 0.05 0.5
mesh sphere fine 0.005 0.3
mesh hemisphere coarse 0.05 0.5
mesh hemisphere fine 0.005 0.3
mesh sphere_zone coarse 0.05 0.5
mesh sphere_zone fine 0.005 0.3
mesh sphere_far coarse 0.02 0.5
mesh sphere_far fine 0.002 0.3
mesh torus coarse 0.08 0.5
mesh torus fine 0.008 0.3
mesh torus_segment coarse 0.08 0.5
mesh torus_segment fine 0.008 0.3
mesh torus_inner_half coarse 0.08 0.5
mesh torus_inner_half fine 0.008 0.3
mesh torus_wedge coarse 0.08 0.5
mesh torus_wedge fine 0.008 0.3
mesh torus_tilted coarse 0.04 0.5
mesh torus_tilted fine 0.004 0.3
mesh face_holes coarse 0.2 0.5
mesh face_holes fine 0.02 0.3
mesh face_lens_tilted coarse 0.06 0.5
mesh face_lens_tilted fine 0.006 0.3
