S box coarse done 6 0 24 8 12 0 0 0 0 0 3.972054645195637e-15 0.40000000000000002 0 0 2800 8000.0000000000009
S box fine done 6 0 24 8 12 0 0 0 0 0 3.972054645195637e-15 0.040000000000000001 0 0 2800 8000.0000000000009
S plate_hole coarse done 7 0 130 60 120 0 0 0 0 0 0.021873377705840174 0.40000000000000002 0.021873377705839376 0.021873377705838859 2238.018745155855 3860.0003363917781
S plate_hole fine done 7 0 194 92 184 0 0 0 0 0 0.008388608456461227 0.040000000000000001 0.0083886084564618792 0.0083886084564608332 2237.8219413043053 3859.1550584635143
S cylinder coarse done 3 0 106 52 100 0 0 0 0 0 0.036455629509730691 0.12 0.036455629509730664 0.036455629509730691 531.62962418352129 933.3310907214759
S cylinder fine done 3 0 262 130 256 0 0 0 0 0 0.0058388658383683525 0.012 0.005838865838368487 0.0058388658383679015 533.67948178504241 941.01072891652143
S tall_cylinder coarse done 3 0 106 52 100 0 0 0 0 0 0.0072911259019462936 0.40000000000000002 0.0072911259019462884 0.0072911259019462493 256.93850220254836 124.4441454295302
S tall_cylinder fine done 3 0 170 84 164 0 0 0 0 0 0.002796202818819963 0.040000000000000001 0.002796202818819963 0.0027962028188199817 257.35288962978461 125.19550358798676
S thin_disc coarse done 3 0 106 52 100 0 0 0 0 0 0.072911259019462035 0.20000000000000001 0.072911259019461327 0.072911259019461383 653.56026401403528 155.55518178691264
S thin_disc fine done 3 0 286 142 280 0 0 0 0 0 0.0097877348002652752 0.02 0.0097877348002658425 0.0097877348002644027 658.90441881614902 156.87468566028329
S stadium_slot coarse done 10 0 144 64 128 0 0 0 0 0 0.02916450360778489 0.20000000000000001 0.029164503607785774 0.029164503607784997 397.6985753298373 283.55531634362376
S stadium_slot fine done 10 0 224 104 208 0 0 0 0 0 0.0093249232378449804 0.02 0.0093249232378440679 0.0093249232378442848 398.44506997123614 284.21865373483729
S rounded_rectangle coarse done 11 0 250 116 232 0 0 0 0 0 0.0072911259019467376 0.080000000000000002 0.0072911259019466769 0.0072911259019464714 185.62213298448751 132.01256831895057
S rounded_rectangle fine done 11 0 378 180 360 0 0 0 0 0 0.0027962028188204683 0.0080000000000000002 0.0027962028188205073 0.0027962028188203147 185.66760565300115 132.0031165569377
S notch coarse done 8 0 84 36 68 0 0 0 0 0 0.0072911259019465269 0.10000000000000001 0.0072911259019470698 0.0072911259019464714 249.42471111081505 233.77779272852354
S notch fine done 8 0 116 52 100 0 0 0 0 0 0.0027962028188209679 0.01 0.0027962028188205238 0.0027962028188204258 249.42476813281968 233.74022482060067
S lens coarse done 4 0 52 24 44 0 0 0 0 0 0.028728951361789542 0.059999999999999998 0.028728951361789636 0.028728951361789434 41.548508851246169 15.857782374977864
S lens fine done 4 0 156 76 148 0 0 0 0 0 0.0028674106338484654 0.0060000000000000001 0.0028674106338483977 0.002867410633848877 42.036036290957071 16.300912612498013
S scallop coarse done 6 0 136 64 124 0 0 0 0 0 0.016775666177810868 0.059999999999999998 0.016775666177810917 0.016775666177810677 72.454987229082761 26.975292054736126
S scallop fine done 6 0 312 152 300 0 0 0 0 0 0.0029768204795274028 0.0060000000000000001 0.0029768204795275442 0.0029768204795272979 72.82971364767576 27.145585457932253
S holes_mixed coarse done 12 0 304 142 292 0 0 0 0 0 0.014582251803892445 0.20000000000000001 0.01458225180389246 0.014582251803892277 1086.117001992628 1127.0001177371232
S holes_mixed fine done 12 0 464 222 452 0 0 0 0 0 0.0055924056376403892 0.02 0.0055924056376406121 0.0055924056376401854 1086.0186855998597 1126.7042704622313
S tilted_prism coarse done 9 0 142 64 128 0 0 0 0 0 0.0072911259019464931 0.12 0.0072911259019466049 0.0072911259019463603 389.11732959490848 344.44448182130873
S tilted_prism fine done 9 0 206 96 192 0 0 0 0 0 0.0027962028188202735 0.012 0.0027962028188206795 0.0027962028188203147 389.12686412689902 344.3505620515017
S far_prism coarse done 3 0 106 52 100 0 0 0 0 0 0.014582251804172238 0.040000000000000001 0.014582251804546198 0.014582251803928914 62.496273325584191 37.332982295006786
S far_prism fine done 3 0 286 142 280 0 0 0 0 0 0.001957546961872223 0.0040000000000000001 0.0019575469648092027 0.0019575469617509889 62.786761115674778 37.649763120578882
S cone_apex coarse done 2 0 114 83 163 1 0 0 0 0 0.054182758299365294 0.029999999999999999 0.045082779991023079 0.014582251803892499 34.964125748404399 12.382543761375974
S cone_apex fine done 2 0 521 431 859 1 0 0 0 0 0.0080701987553634513 0.0030000000000000001 0.0020918973203046718 0.0014676378983802252 35.194507993661169 12.545437660125552
S frustum coarse done 3 0 166 109 214 0 0 0 0 0 0.030240637170131 0.029999999999999999 0.0226429064207775 0.014582251803892499 45.224687001728725 21.667232582057753
S frustum fine done 3 0 636 488 972 0 0 0 0 0 0.0046704227048181531 0.0030000000000000001 0.0025838907428119714 0.0014676378983802252 45.478896712331718 21.951948802682733
S cone_inverted coarse done 2 0 122 89 175 1 0 0 0 0 0.031520733012215717 0.02 0.011080493464376015 0.0094316851601361495 18.728130330986833 4.6535171899232317
S cone_inverted fine done 2 0 549 454 905 1 0 0 0 0 0.0057326782924432829 0.002 0.0013637932613174955 0.00097785691548479825 18.836647003351182 4.7053046675125101
S cone_tilted coarse done 3 0 166 104 204 0 0 0 0 0 0.03774270193260082 0.025000000000000001 0.0058907249549831975 0.012038183319508011 39.910734387705752 5.0573237805719256
S cone_tilted fine done 3 0 544 376 748 0 0 0 0 0 0.0089173858128141475 0.0025000000000000001 0.00065772012092916532 0.0012430787810778776 40.136114856067735 5.0995780291254249
S sphere coarse done 1 0 506 489 976 2 0 0 0 0 0.076013110245713333 0.050000000000000003 0.036056442576363618 0.024076366639016022 311.70272098613964 516.09359897677916
S sphere fine done 1 0 5106 5055 10108 2 0 0 0 0 0.010316308839920548 0.0050000000000000001 0.010290831661429427 0.0024671981713426661 313.91622395549274 522.83907188470039
S hemisphere coarse done 2 0 301 260 517 1 0 0 0 0 0.07668574210045577 0.050000000000000003 0.04536908559185869 0.024076366639016022 233.8831920882551 258.03136617641229
S hemisphere fine done 2 0 2764 2638 5273 1 0 0 0 0 0.0046990659423159636 0.0050000000000000001 0.0046963548623344927 0.0024671981713426661 235.44830151511897 261.43320270834408
S sphere_zone coarse done 3 0 316 251 498 0 0 0 0 0 0.095280613566194716 0.050000000000000003 0.094478962282902756 0.024037445485071807 284.70061167204102 402.42644059966318
S sphere_zone fine done 3 0 2400 2201 4398 0 0 0 0 0 0.0096562275846349948 0.0050000000000000001 0.0096404361322772296 0.0024950641249978922 286.40123884529112 406.72532963185984
S sphere_far coarse done 1 0 507 490 978 2 0 0 0 0 0.014966629622516828 0.02 0.014422577032014402 0.00963054665674834 49.872470594601111 33.030588782263592
S sphere_far fine done 1 0 5106 5055 10108 2 0 0 0 0 0.004126523536076762 0.002 0.0041163326651328875 0.00098687926967366835 50.226595832881237 33.461754680769829
S torus coarse done 1 0 888 829 1658 0 0 0 0 0 0.069862519631980952 0.080000000000000002 0.065499892088433459 0.038522186622425458 470.65172886605905 466.05034865806982
S torus fine done 1 0 5151 5000 10000 0 0 0 0 0 0.0078901644951993848 0.0080000000000000002 0.0078823682312090266 0.0039475170741489762 473.23471352985223 472.18433098747636
S torus_segment coarse done 3 0 339 270 536 0 0 0 0 0 0.059258605609817376 0.080000000000000002 0.058910303322423266 0.038788292918978229 504.45295586518444 625.73980631617826
S torus_segment fine done 3 0 1778 1573 3142 0 0 0 0 0 0.035053373797489511 0.0080000000000000002 0.035053373797489767 0.0039540664269210879 507.60345872212116 631.31619213384954
S torus_inner_half coarse done 3 0 462 392 780 0 0 0 0 0 0.045992425012548521 0.080000000000000002 0.025061087612152439 0.037726740640544598 409.66982260242145 248.74120624942833
S torus_inner_half fine done 3 0 2417 2217 4430 0 0 0 0 0 0.035425498542622787 0.0080000000000000002 0.035425498542622863 0.0039465431434571041 412.43066145849116 249.3930556481813
S torus_wedge coarse done 3 0 349 286 568 0 0 0 0 0 0.054403281273044765 0.080000000000000002 0.054106969500648937 0.039966677775794324 174.69311473288377 148.33941056308777
S torus_wedge fine done 3 0 1783 1650 3296 0 0 0 0 0 0.00784862056418212 0.0080000000000000002 0.0078409066054560828 0.0039465431434575482 175.70258714084798 150.30198281099791
S torus_tilted coarse done 1 0 888 829 1658 0 0 0 0 0 0.034931259815990393 0.040000000000000001 0.032749946044216494 0.019261093311212729 117.66293221651478 58.256293582258877
S torus_tilted fine done 1 0 5151 5000 10000 0 0 0 0 0 0.0039450822476001504 0.0040000000000000001 0.0039411841156047371 0.0019737585370744881 118.30867838246294 59.023041373435952
S face_holes coarse done 1 0 62 62 66 0 62 0 0 0 1.7763568394002505e-15 0.20000000000000001 0 0.010936688852919429 367.88891318385083 0
S face_holes fine done 1 0 94 94 98 0 94 0 0 0 1.831026719408895e-15 0.02 0 0.0041943042282304166 367.82786533347598 0
S face_lens_tilted coarse done 1 0 12 12 10 0 12 0 0 0 4.9650683064945462e-16 0.059999999999999998 4.6523036752298908e-16 0.028728951361789434 7.9288911874889294 -2.1143709833303803
S face_lens_tilted fine done 1 0 38 38 36 0 38 0 0 0 9.9301366129890925e-16 0.0060000000000000001 7.6938141296219876e-16 0.002867410633848877 8.1504563062490085 -2.1734550149997354
