boss_rod_fuse done 1 1 0
S 902.30514624167165 594.6390109850845 4.9423378200555765 3.3197081053934037 5.0576621799444226 12 24 15 9 18 12 1
boss_rod_cut done 1 1 0
S 852.03966378423524 586.05100814942512 4.90943893081998 3.633540554533996 5.09056106918002 13 26 16 9 18 12 1
boss_rod_common done 1 1 0
S 26.500152555509707 51.708400821903247 4.9479930011432183 -2.0000000000000004 5.0520069988567897 5 9 6 4 6 4 1
boss_slab_fuse done 1 1 0
S 1906.054671692322 1555.2887086607452 5.3208457260219513 3.1160976177539976 4.4046394547457615 19 45 30 18 43 29 1
boss_slab_cut done 2 1 0
S 164.53475080561634 268.25088258925507 4.7755453850441913 0.94227811050964094 2.2682539273137055 7 15 10 7 15 10 1
S 441.51992088467586 383.92411122816168 4.9965575259204051 4.7096740810790543 6.9810599008754499 8 18 12 7 16 11 1
boss_slab_common done 1 1 0
S 272.48514464697195 332.54314441105043 4.8528752407140709 2.967016593140777 3.7277455602665013 11 27 18 10 25 17 1
scoop_rod_fuse done 1 1 0
S 290.97287357211724 416.42884554854902 -1.3894510941762341 -3.0512187597676621 4.9288531853665294 12 24 16 12 24 16 1
scoop_rod_cut done 1 1 0
S 266.2328314129943 364.38013270115817 -1.3172272975649717 -3.0869537771860172 4.8602908810019221 9 21 14 9 21 14 1
scoop_rod_common done 1 1 0
S 3.1897479108328541 12.880392427049792 -2.1807379777644296 -2.6569282643977461 3.5770986645771359 3 3 2 3 3 2 1
slab_scoop_fuse done 1 1 0
S 1054.1532756839122 1470.5313462378947 -1.0344978664163171 -3.0528462963849763 5.3609625495757909 19 45 30 19 45 30 1
slab_scoop_cut done 1 1 0
S 784.73069563326442 1280.8195645871197 -0.93391804957006219 -3.0428840787897324 5.5380746729218053 14 36 24 14 36 24 1
slab_scoop_common done 1 1 0
S 79.269304311076823 185.27015624978546 -1.6541817837306174 -2.5754667802248679 5.1230777486620598 10 24 16 10 24 16 1
slot_rod_fuse done 1 1 0
S 192.27649674140739 227.80521256422435 8.0230771665381244 4.2418849718888403 4.4878020684388247 12 24 16 12 24 16 1
slot_rod_cut done 1 1 0
S 179.90647491970157 223.40495685058261 8.0762324596666417 4.2585165171146331 4.4525843235123954 9 21 14 9 21 14 1
slot_rod_common done 1 1 0
S 5.9007527087276852 19.750407707126332 7.2499997466766795 3.9903431318947797 4.171341200128869 3 3 2 3 3 2 1
dimple_ball_fuse done 1 1 0
S 266.07566160371982 275.38367210717826 0.64125012429122796 7.8852212236097881 -1.0932902230747035 8 22 15 8 21 14 1
dimple_ball_cut done 1 1 0
S 243.62636488732855 262.92912984091674 0.49812886044231158 7.7159482033715046 -1.0378960258554073 8 19 13 8 18 12 1
dimple_ball_common done 1 1 0
S 5.5668220571372089 22.242430555827447 1.2712397948861127 9.5849168013154262 -2.0530918438381507 4 7 5 3 3 2 1
ball_boss_slab_fuse done 1 1 0
S 1077.3636054140457 1433.7314521241537 6.1635863571737648 -1.3280684318183062 4.4099330004551174 17 42 28 17 42 28 1
ball_boss_slab_cut done 2 1 0
S 9.5455741084112553 54.261560725706502 3.8411846170854913 0.43101535141454289 5.0087917390965586 5 12 8 5 12 8 1
S 203.81803132859685 228.60450717753784 5.7882872289830001 -2.4950043901432788 2.6812619119410894 8 18 12 8 18 12 1
ball_boss_slab_common done 1 1 0
S 56.773561473971981 125.33713129186252 4.4954000274650383 -0.88021019927997468 4.5611081047176016 9 21 14 8 18 12 1
sink_rod_fuse done 1 1 0
S 226.21089930477902 350.12778112219598 1.5877789823904085 -4.274732714733811 3.5794551052982113 11 21 14 11 21 14 1
sink_rod_cut done 1 1 0
S 201.66720235561385 284.25172928491384 1.4970421129087186 -4.1053288700198252 3.5282732114848954 8 18 12 8 18 12 1
sink_rod_common done 1 1 0
S 2.2055316172539561 11.925712930984405 2.4040225649927245 -5.765236274188446 2.1819241922831778 3 3 2 3 3 2 1
bite_box_fuse done 1 1 0
S 313.02240511273652 345.24688360452359 5.2120304541026385 5.1277045452172221 1.4227951636357645 13 33 22 13 33 22 1
bite_box_cut done 1 1 0
S 120.52240509653325 201.47807469072393 3.554171589726888 2.8559951907306593 3.0564173001572774 11 27 18 11 27 18 1
bite_box_common done 1 1 0
S 43.6695375583569 82.721084601988196 5.0180887497540887 3.1850937493884319 2.8130719007273921 10 24 16 9 23 16 1
pieces_fuse done 1 1 0
S 926.53981633974479 622.83185307179576 5.226067115483195 3.5043506064826531 5.0588639747347308 13 27 18 13 27 18 1
pieces_cut done 1 1 0
S 740.73257747358036 705.86640734349874 4.5177062741624425 3.3173100210068101 5.2131850970827465 15 33 22 15 33 22 1
pieces_common done 1 1 0
S 137.80723886616454 171.03455427170306 7.0224689253800721 4.25 4.4240264099740179 8 18 12 8 18 12 1
chain_slot_fuse done 1 1 0
S 471.89994680616661 734.46799439757183 5.29532711386579 4.1580418969256421 3.9464176469678942 18 51 34 18 51 34 1
chain_slot_cut done 1 1 0
S 141.89994682643717 261.89264107613519 8.3077168800793704 4.4674417731833591 4.5194821568547514 14 39 26 14 39 26 1
chain_slot_common done 1 1 0
S 40.765699415190483 100.56213412596171 6.9833499427884806 3.4738481205939977 4.1753587456825665 9 21 14 9 21 14 1
notch_box_fuse done 1 1 0
S 110.68598125664958 183.62068809181559 4.9731099970885442 3 1.5 19 42 28 19 42 28 1
notch_box_cut done 1 1 0
S 86.685981256649583 188.28648786136921 5.380957257021513 3 1.5 11 30 20 11 30 20 1
notch_box_common done 1 1 0
S 14.902517919888208 48.37931190818442 3.7273191264458072 2.9999999999999996 1.5000000000000004 8 18 12 8 18 12 1
quarter_ball_fuse done 1 1 0
S 19.790765161653479 44.840457322056189 0.31960338109184 0.59766894531837989 2.2299407569448615 7 18 13 7 18 13 1
quarter_ball_cut done 1 1 0
S 5.6535985580523791 32.822007973364343 1.1187910380021571 0.84189607269790268 1.5546411904156181 7 18 12 7 18 12 1
quarter_ball_common done 1 1 0
S 5.3419767381517769 17.02068250286629 0.40628758611592991 0.69933521291072787 2.0302670167216492 5 12 8 5 12 8 1
