case bar_fuse
torus 0.0 0.0 0.0 0.0 0.0 1.0 1.0 0.0 0.0 2.5 1.5
boolean fuse
plane 0.0 0.0 -2.0 0.0 0.0 1.0 1.0 0.0 0.0
wire P 4 -0.5 -5.0 -2.0 0.5 -5.0 -2.0 0.5 5.0 -2.0 -0.5 5.0 -2.0
prism 0.0 0.0 4.0
end
case bar_cut
torus 0.0 0.0 0.0 0.0 0.0 1.0 1.0 0.0 0.0 2.5 1.5
boolean cut
plane 0.0 0.0 -2.0 0.0 0.0 1.0 1.0 0.0 0.0
wire P 4 -0.5 -5.0 -2.0 0.5 -5.0 -2.0 0.5 5.0 -2.0 -0.5 5.0 -2.0
prism 0.0 0.0 4.0
end
case bar_common
torus 0.0 0.0 0.0 0.0 0.0 1.0 1.0 0.0 0.0 2.5 1.5
boolean common
plane 0.0 0.0 -2.0 0.0 0.0 1.0 1.0 0.0 0.0
wire P 4 -0.5 -5.0 -2.0 0.5 -5.0 -2.0 0.5 5.0 -2.0 -0.5 5.0 -2.0
prism 0.0 0.0 4.0
end
case strip_cut
plane 0.0 0.0 -0.5 0.0 0.0 1.0 1.0 0.0 0.0
wire P 4 -5.0 -0.5 -0.5 5.0 -0.5 -0.5 5.0 0.5 -0.5 -5.0 0.5 -0.5
prism 0.0 0.0 1.0
boolean cut
torus 0.0 0.0 0.0 0.0 0.0 1.0 1.0 0.0 0.0 2.5 1.5
end
case band_cut
torus 0.0 0.0 0.0 0.0 0.0 1.0 1.0 0.0 0.0 2.5 1.5
boolean cut
plane 0.0 0.0 -0.5 0.0 0.0 1.0 1.0 0.0 0.0
wire P 4 -5.0 -5.0 -0.5 5.0 -5.0 -0.5 5.0 5.0 -0.5 -5.0 5.0 -0.5
prism 0.0 0.0 1.0
end
case band_common
torus 0.0 0.0 0.0 0.0 0.0 1.0 1.0 0.0 0.0 2.5 1.5
boolean common
plane 0.0 0.0 -0.5 0.0 0.0 1.0 1.0 0.0 0.0
wire P 4 -5.0 -5.0 -0.5 5.0 -5.0 -0.5 5.0 5.0 -0.5 -5.0 5.0 -0.5
prism 0.0 0.0 1.0
end
case slab_cut
plane 0.0 0.0 -0.5 0.0 0.0 1.0 1.0 0.0 0.0
wire P 4 -5.0 -5.0 -0.5 5.0 -5.0 -0.5 5.0 5.0 -0.5 -5.0 5.0 -0.5
prism 0.0 0.0 1.0
boolean cut
torus 0.0 0.0 0.0 0.0 0.0 1.0 1.0 0.0 0.0 2.5 1.5
end
case up_cut
torus 0.0 0.0 0.0 0.0 0.0 1.0 1.0 0.0 0.0 2.5 1.5
boolean cut
plane 0.0 0.0 0.5 0.0 0.0 1.0 1.0 0.0 0.0
wire P 4 -5.0 -5.0 0.5 5.0 -5.0 0.5 5.0 5.0 0.5 -5.0 5.0 0.5
prism 0.0 0.0 2.5
end
case up_common
torus 0.0 0.0 0.0 0.0 0.0 1.0 1.0 0.0 0.0 2.5 1.5
boolean common
plane 0.0 0.0 0.5 0.0 0.0 1.0 1.0 0.0 0.0
wire P 4 -5.0 -5.0 0.5 5.0 -5.0 0.5 5.0 5.0 0.5 -5.0 5.0 0.5
prism 0.0 0.0 2.5
end
case cap_out_cut
torus 0.0 0.0 0.0 0.0 0.0 1.0 1.0 0.0 0.0 2.5 1.5
boolean cut
plane 0.0 0.0 -2.0 0.0 0.0 1.0 1.0 0.0 0.0
wire P 4 3.25 -5.0 -2.0 6.0 -5.0 -2.0 6.0 5.0 -2.0 3.25 5.0 -2.0
prism 0.0 0.0 4.0
end
case cap_out_common
torus 0.0 0.0 0.0 0.0 0.0 1.0 1.0 0.0 0.0 2.5 1.5
boolean common
plane 0.0 0.0 -2.0 0.0 0.0 1.0 1.0 0.0 0.0
wire P 4 3.25 -5.0 -2.0 6.0 -5.0 -2.0 6.0 5.0 -2.0 3.25 5.0 -2.0
prism 0.0 0.0 4.0
end
case frame_cut
torus 0.0 0.0 0.0 0.0 0.0 1.0 1.0 0.0 0.0 2.5 1.5
boolean cut
plane 0.0 0.0 -2.0 0.0 0.0 1.0 1.0 0.0 0.0
wire P 4 -3.0 -3.0 -2.0 3.0 -3.0 -2.0 3.0 3.0 -2.0 -3.0 3.0 -2.0
prism 0.0 0.0 4.0
end
case frame_common
torus 0.0 0.0 0.0 0.0 0.0 1.0 1.0 0.0 0.0 2.5 1.5
boolean common
plane 0.0 0.0 -2.0 0.0 0.0 1.0 1.0 0.0 0.0
wire P 4 -3.0 -3.0 -2.0 3.0 -3.0 -2.0 3.0 3.0 -2.0 -3.0 3.0 -2.0
prism 0.0 0.0 4.0
end
case corner_caps_cut
torus 0.0 0.0 0.0 0.0 0.0 1.0 1.0 0.0 0.0 2.5 1.5
boolean cut
plane 0.0 0.0 -2.0 0.0 0.0 1.0 1.0 0.0 0.0
wire P 4 -0.875 -0.875 -2.0 0.875 -0.875 -2.0 0.875 0.875 -2.0 -0.875 0.875 -2.0
prism 0.0 0.0 4.0
end
case corner_caps_common
torus 0.0 0.0 0.0 0.0 0.0 1.0 1.0 0.0 0.0 2.5 1.5
boolean common
plane 0.0 0.0 -2.0 0.0 0.0 1.0 1.0 0.0 0.0
wire P 4 -0.875 -0.875 -2.0 0.875 -0.875 -2.0 0.875 0.875 -2.0 -0.875 0.875 -2.0
prism 0.0 0.0 4.0
end
case wedge_cap_common
torus 0.0 0.0 0.0 0.0 0.0 1.0 1.0 0.0 0.0 2.5 1.5
boolean common
plane 0.0 0.0 -2.0 0.0 0.0 1.0 1.0 0.0 0.0
wire P 3 1.5 0.0 -2.0 -0.5 0.75 -2.0 -0.5 -0.75 -2.0
prism 0.0 0.0 4.0
end
case half_fuse
torus 0.0 0.0 0.0 0.0 0.0 1.0 1.0 0.0 0.0 2.5 1.5
boolean fuse
plane 0.0 0.0 -2.0 0.0 0.0 1.0 1.0 0.0 0.0
wire P 4 0.0 -5.0 -2.0 5.0 -5.0 -2.0 5.0 5.0 -2.0 0.0 5.0 -2.0
prism 0.0 0.0 4.0
end
case half_cut
torus 0.0 0.0 0.0 0.0 0.0 1.0 1.0 0.0 0.0 2.5 1.5
boolean cut
plane 0.0 0.0 -2.0 0.0 0.0 1.0 1.0 0.0 0.0
wire P 4 0.0 -5.0 -2.0 5.0 -5.0 -2.0 5.0 5.0 -2.0 0.0 5.0 -2.0
prism 0.0 0.0 4.0
end
case half_common
torus 0.0 0.0 0.0 0.0 0.0 1.0 1.0 0.0 0.0 2.5 1.5
boolean common
plane 0.0 0.0 -2.0 0.0 0.0 1.0 1.0 0.0 0.0
wire P 4 0.0 -5.0 -2.0 5.0 -5.0 -2.0 5.0 5.0 -2.0 0.0 5.0 -2.0
prism 0.0 0.0 4.0
end
case in_tube_cut
torus 0.0 0.0 0.0 0.0 0.0 1.0 1.0 0.0 0.0 2.5 1.5
boolean cut
plane 0.0 0.0 -0.25 0.0 0.0 1.0 1.0 0.0 0.0
wire P 4 2.25 -0.25 -0.25 2.75 -0.25 -0.25 2.75 0.25 -0.25 2.25 0.25 -0.25
prism 0.0 0.0 0.5
end
case in_tube_common
torus 0.0 0.0 0.0 0.0 0.0 1.0 1.0 0.0 0.0 2.5 1.5
boolean common
plane 0.0 0.0 -0.25 0.0 0.0 1.0 1.0 0.0 0.0
wire P 4 2.25 -0.25 -0.25 2.75 -0.25 -0.25 2.75 0.25 -0.25 2.25 0.25 -0.25
prism 0.0 0.0 0.5
end
case in_box_cut
plane 0.0 0.0 -2.0 0.0 0.0 1.0 1.0 0.0 0.0
wire P 4 -5.0 -5.0 -2.0 5.0 -5.0 -2.0 5.0 5.0 -2.0 -5.0 5.0 -2.0
prism 0.0 0.0 4.0
boolean cut
torus 0.0 0.0 0.0 0.0 0.0 1.0 1.0 0.0 0.0 2.5 1.5
end
case in_box_common
plane 0.0 0.0 -2.0 0.0 0.0 1.0 1.0 0.0 0.0
wire P 4 -5.0 -5.0 -2.0 5.0 -5.0 -2.0 5.0 5.0 -2.0 -5.0 5.0 -2.0
prism 0.0 0.0 4.0
boolean common
torus 0.0 0.0 0.0 0.0 0.0 1.0 1.0 0.0 0.0 2.5 1.5
end
case hole_fuse
torus 0.0 0.0 0.0 0.0 0.0 1.0 1.0 0.0 0.0 2.5 1.5
boolean fuse
plane 0.0 0.0 -2.0 0.0 0.0 1.0 1.0 0.0 0.0
wire P 4 -0.625 -0.625 -2.0 0.625 -0.625 -2.0 0.625 0.625 -2.0 -0.625 0.625 -2.0
prism 0.0 0.0 4.0
end
case hole_common
torus 0.0 0.0 0.0 0.0 0.0 1.0 1.0 0.0 0.0 2.5 1.5
boolean common
plane 0.0 0.0 -2.0 0.0 0.0 1.0 1.0 0.0 0.0
wire P 4 -0.625 -0.625 -2.0 0.625 -0.625 -2.0 0.625 0.625 -2.0 -0.625 0.625 -2.0
prism 0.0 0.0 4.0
end
case tilt_up_cut
torus 0.0 0.0 0.0 0.0 0.6 0.8 1.0 -0.0 0.0 2.5 1.5
boolean cut
plane 0.0 0.0 0.75 0.0 0.0 1.0 1.0 0.0 0.0
wire P 4 -6.0 -6.0 0.75 6.0 -6.0 0.75 6.0 6.0 0.75 -6.0 6.0 0.75
prism 0.0 0.0 4.25
end
case tilt_up_common
torus 0.0 0.0 0.0 0.0 0.6 0.8 1.0 -0.0 0.0 2.5 1.5
boolean common
plane 0.0 0.0 0.75 0.0 0.0 1.0 1.0 0.0 0.0
wire P 4 -6.0 -6.0 0.75 6.0 -6.0 0.75 6.0 6.0 0.75 -6.0 6.0 0.75
prism 0.0 0.0 4.25
end
case tiltx_band_cut
torus 0.25 0.5 0.0 0.0 -0.8 0.6 1.0 0.0 0.0 2.5 1.5
boolean cut
plane 0.0 0.0 -0.25 0.0 0.0 1.0 1.0 0.0 0.0
wire P 4 -6.0 -6.0 -0.25 6.0 -6.0 -0.25 6.0 6.0 -0.25 -6.0 6.0 -0.25
prism 0.0 0.0 0.5
end
case tiltx_band_common
torus 0.25 0.5 0.0 0.0 -0.8 0.6 1.0 0.0 0.0 2.5 1.5
boolean common
plane 0.0 0.0 -0.25 0.0 0.0 1.0 1.0 0.0 0.0
wire P 4 -6.0 -6.0 -0.25 6.0 -6.0 -0.25 6.0 6.0 -0.25 -6.0 6.0 -0.25
prism 0.0 0.0 0.5
end
case lean_bar_cut
plane -3.5999999999999996 0.0 -4.800000000000001 0.6 0.0 0.8 0.0 1.0 -0.0
wire P 4 1.200000000000001 -0.5 -8.4 1.200000000000001 0.5 -8.4 -8.4 0.5 -1.200000000000001 -8.4 -0.5 -1.200000000000001
prism 7.199999999999999 0.0 9.600000000000001
boolean cut
torus 0.0 0.0 0.0 0.0 0.0 1.0 1.0 0.0 0.0 2.5 1.5
end
case lean_bar_common
plane -3.5999999999999996 0.0 -4.800000000000001 0.6 0.0 0.8 0.0 1.0 -0.0
wire P 4 1.200000000000001 -0.5 -8.4 1.200000000000001 0.5 -8.4 -8.4 0.5 -1.200000000000001 -8.4 -0.5 -1.200000000000001
prism 7.199999999999999 0.0 9.600000000000001
boolean common
torus 0.0 0.0 0.0 0.0 0.0 1.0 1.0 0.0 0.0 2.5 1.5
end
case top_tangent_fuse
torus 0.0 0.0 0.0 0.0 0.0 1.0 1.0 0.0 0.0 2.5 1.5
boolean fuse
plane 0.0 0.0 1.5 0.0 0.0 1.0 1.0 0.0 0.0
wire P 4 -5.0 -5.0 1.5 5.0 -5.0 1.5 5.0 5.0 1.5 -5.0 5.0 1.5
prism 0.0 0.0 1.5
end
case inner_tangent_common
torus 0.0 0.0 0.0 0.0 0.0 1.0 1.0 0.0 0.0 2.5 1.5
boolean common
plane 0.0 0.0 -2.0 0.0 0.0 1.0 1.0 0.0 0.0
wire P 4 1.0 -5.0 -2.0 5.0 -5.0 -2.0 5.0 5.0 -2.0 1.0 5.0 -2.0
prism 0.0 0.0 4.0
end
case villarceau_common
torus 0.0 0.0 0.0 0.0 0.0 1.0 1.0 0.0 0.0 2.5 1.5
boolean common
plane -6.0 0.0 0.0 1.0 0.0 0.0 0.0 1.0 0.0
wire P 4 -6.0 -8.0 -10.0 -6.0 8.0 -10.0 -6.0 8.0 6.0 -6.0 -8.0 -6.0
prism 12.0 0.0 0.0
end
case vertex_on_cut
torus 0.0 0.0 0.0 0.0 0.0 1.0 1.0 0.0 0.0 2.5 1.5
boolean cut
plane 0.0 0.0 0.0 0.0 0.0 1.0 1.0 0.0 0.0
wire P 4 0.0 0.0 0.0 3.4 0.0 0.0 3.4 2.0 0.0 0.0 2.0 0.0
prism 0.0 0.0 1.2
end
