bar_fuse done 1 1 0
S 136.7594644111191 207.81245553474491 -4.0280389927697532e-07 3.3562356846770307e-07 5.7293646375726118e-10 9 20 13 9 20 13 1
bar_cut done 2 1 0
S 48.379684068315491 79.023935138345408 1.9536425675049001 1.8190957869414725e-06 1.5794220474185422e-08 4 5 3 4 5 3 1
S 48.379748615321432 79.02393866315326 -1.9536416752357297 -3.7059753832977862e-16 1.1728540754981885e-09 3 3 2 3 3 2 1
bar_common done 2 1 0
S 7.1368129349096314 24.115713424027781 -5.4921535018409007e-07 -2.476093050865412 1.1196064460699111e-07 3 3 2 3 3 2 1
S 7.1368129349101723 24.115713424029082 5.492153488306516e-07 2.4760930508653973 1.1196066269835064e-07 3 3 2 3 3 2 1
strip_cut done 3 1 0
S 1.0387764738414698 6.3348582610840527 -4.4802552462695981 2.4684263742244239e-09 -3.5715602538771788e-13 7 15 10 6 14 10 1
S 1.0387764743194785 6.3348582661004125 4.4802552461339831 -2.5079440012198258e-09 -4.307143903015589e-13 9 20 13 9 20 13 1
S 1.9722659280832944 9.907443661122695 -6.5927376321047951e-09 1.2399013480026277e-09 4.0386187815511632e-09 7 15 10 6 12 8 1
band_cut done 2 1 0
S 32.398489606434765 102.4364253173579 4.2823008919873169e-16 6.7086573349069043e-18 -0.91421606215370199 2 3 2 2 3 2 1
S 32.398489606434779 102.4364253173579 -1.585912065133094e-17 -4.9352217561529768e-17 0.91421606215370199 2 3 2 2 3 2 1
band_common done 1 1 0
S 46.236070299385723 120.88653290795915 -7.8759537676775561e-16 2.7453777625929133e-16 1.0565303834689405e-16 5 8 5 5 8 5 1
slab_cut done 2 1 0
S 3.3237030180212219 13.99710851427448 -2.9227796264582184e-16 1.4862090625791673e-17 6.6806391461902131e-17 3 3 2 3 3 2 1
S 50.44022668259305 169.17410686735005 -1.0565120081111405e-16 -3.9280131124531678e-16 -1.0565120081111405e-16 8 17 11 8 17 11 1
up_cut done 1 1 0
S 78.634559905820524 134.46529946214974 2.2590027101668367e-16 2.3754033103423722e-16 -0.37666923580671091 3 5 3 3 5 3 1
up_common done 1 1 0
S 32.398489606434779 102.4364253173579 -1.585912065133094e-17 -4.9352217561529768e-17 0.91421606215370199 2 3 2 2 3 2 1
cap_out_cut done 1 1 0
S 107.14441743161584 146.03564058171938 -0.12728710287105427 9.4760545980263867e-10 4.3664150859345108e-09 2 6 4 2 6 4 1
cap_out_common done 1 1 0
S 3.888735315521942 21.574515817460181 3.5070727060961833 6.8138406478132093e-07 -1.2308529623228592e-08 5 8 5 5 8 5 1
frame_cut done 4 1 0
S 6.6523158902734796 28.109226861429182 7.38368926333843e-16 3.3464078460375606 2.395380163628851e-08 3 3 2 2 2 2 1
S 6.6523158902735409 28.10922686142947 -3.3464078460375619 -2.4825476585778558e-16 2.3953785280802739e-08 3 3 2 2 2 2 1
S 6.6523158902735604 28.109226861429487 -2.3344061961615424e-15 -3.3464078460375593 2.395379152259001e-08 3 3 2 2 2 2 1
S 6.6523214470824836 28.109245058058082 3.3464077966713877 -4.579616230960193e-07 3.8420182926519797e-08 5 8 5 5 8 5 1
frame_common done 1 1 0
S 84.423701418344649 133.68891070356071 -5.2585337918455376e-08 -2.4238182748919611e-10 -1.0861306103311539e-07 5 15 10 5 15 10 1
corner_caps_cut done 1 1 0
S 110.81740983114616 148.91835141943011 5.7922291345879605e-11 -4.9529074215169056e-11 6.2822111533009628e-10 9 14 9 9 14 9 1
corner_caps_common done 4 1 0
S 0.053909928921293856 1.4345159717455553 0.7741289440986181 0.77412894409861721 1.3277757162576457e-07 3 3 2 3 3 2 1
S 0.053909928921294162 1.4345159717455633 -0.77412894409861732 -0.77412894409861721 1.3277757052962202e-07 3 3 2 3 3 2 1
S 0.053909928921294516 1.4345159717455696 -0.77412894409861677 0.77412894409861788 1.3277756908383365e-07 3 3 2 3 3 2 1
S 0.05390992892129455 1.4345159717455722 0.77412894409861721 -0.77412894409861688 1.3277756826156112e-07 3 3 2 3 3 2 1
wedge_cap_common done 1 1 0
S 0.12039354825180869 2.3449145084586807 1.2084987271325904 -4.3587816777395749e-08 -4.7027205588892611e-09 4 4 2 3 3 2 1
half_fuse done 1 1 0
S 255.51652475612758 279.88486606701611 1.5798999716307267 -2.4265791285261297e-17 -6.1795762867066735e-18 7 15 10 7 15 10 1
half_cut done 1 1 0
S 55.51652475612763 88.159199949324261 -1.7347888797016595 1.0977324500660499e-16 -1.3999075137148497e-17 3 3 2 3 3 2 1
half_common done 1 1 0
S 55.516524756127644 88.159199949324261 1.7347888797016593 -7.0393185881996451e-16 -5.8713354686736108e-17 4 5 3 4 5 3 1
in_tube_cut done 1 1 0
S 110.90804951225527 149.54406601634037 -0.0028176494075442884 1.5406479794312353e-18 7.500701666140121e-17 7 14 9 7 14 9 1
in_tube_common done 1 1 0
S 0.12499999999999997 1.5 2.5 -2.6301778908932114e-18 6.9388939039072299e-18 6 12 8 6 12 8 1
in_box_cut done 1 1 0
S 288.96695048774461 508.04406601634031 2.6396095088365145e-16 -1.1051144445377465e-16 -3.0152224531483312e-17 7 14 9 7 14 9 1
in_box_common done 1 1 0
S 111.03304951225527 148.04406601634037 0 1.9731410919811786e-17 1.0065795782425237e-16 1 2 1 1 2 1 1
hole_fuse done 2 1 0
S 6.2499999999999982 23.124999999999996 -8.2456171317900761e-18 9.4177172424628162e-19 0 6 12 8 6 12 8 1
S 111.03304951225527 148.04406601634037 0 1.9731410919811786e-17 1.0065795782425237e-16 1 2 1 1 2 1 1
hole_common done 0 1 0
tilt_up_cut done 1 1 0
S 76.05913257490711 126.02334609132407 1.067853809931156e-07 0.67538943164296661 -0.71760972646661247 3 8 5 3 8 5 1
tilt_up_common done 1 1 0
S 34.97392060763994 74.199735302941875 1.2301253115642722e-07 -1.4687959509374915 1.5606136192258397 4 6 4 4 6 4 1
tiltx_band_cut done 2 1 0
S 50.91832796500163 86.151041049057469 0.24999992179488598 1.501602837139745 1.5373440094272879 4 6 4 4 6 4 1
S 50.918353022801107 86.15083969584839 0.24999998983959706 -0.50160216570861638 -1.5373436485196066 4 6 4 4 6 4 1
tiltx_band_common done 2 1 0
S 4.5981822554140663 25.07054733222698 2.6519643105917536 0.50000168794964805 -2.4979855826967727e-07 6 11 7 6 11 7 1
S 4.5982317662820629 25.070750082596547 -2.1519644197044681 0.49999033532512532 7.9883041033175573e-06 3 3 2 3 3 2 1
lean_bar_cut done 1 1 0
S 129.72630404093871 325.99603847676059 1.9445998650810974e-07 -5.7065327920574158e-08 2.0290633402979123e-08 9 20 13 9 20 13 1
lean_bar_common done 2 1 0
S 7.1368158951640783 24.115731185553923 -2.4760934148879756 4.4574783054438611e-07 -4.1647573011830684e-07 3 3 2 3 3 2 1
S 7.1368222483988406 24.115732559220312 2.4760922482155809 -4.0894322743774214e-07 5.4112470024306841e-07 4 5 3 4 5 3 1
top_tangent_fuse done 2 1 0
S 111.03304951225526 148.04406601634037 -2.7197367272589544e-16 2.7549996651344424e-16 -3.1996902673634757e-16 2 4 2 1 0 0 1
S 150 259.99999999999994 6.0692192012841887e-17 -1.2584252151670187e-16 2.25 7 13 9 6 12 8 1
inner_tangent_common done 1 1 0
S 40.722873156973989 70.150069520825056 2.1789749753708021 -3.2876913794387819e-07 2.0851143112208066e-16 6 8 4 6 8 4 1
villarceau_common done 1 1 0
S 55.516525959006934 102.10955439300156 1.8777545367347404e-08 1.5896207701081106 -0.20803497088015782 5 9 5 4 9 5 1
vertex_on_cut done 1 1 0
S 104.28287974294261 164.70900656320487 -0.12415920116267085 -0.070412762233278831 -0.037285397166197887 7 21 12 7 21 12 1
