case spline_stadium_parallel 1e-06
v 0.0 -0.25 0.0
v 3.0 -0.25 0.0
v 3.0 0.25 0.0
v 0.0 0.25 0.0
v 0.0 -0.25 1.0
v 3.0 -0.25 1.0
v 3.0 0.25 1.0
v 0.0 0.25 1.0
e 0 4 line 0.0 -0.25 0.0 0.0 0.0 1.0 0.0 1.0
e 1 5 line 3.0 -0.25 0.0 0.0 0.0 1.0 0.0 1.0
e 2 6 line 3.0 0.25 0.0 0.0 0.0 1.0 0.0 1.0
e 3 7 line 0.0 0.25 0.0 0.0 0.0 1.0 0.0 1.0
e 0 1 line 0.0 -0.25 0.0 1.0 0.0 0.0 0.0 3.0
e 4 5 line 0.0 -0.25 1.0 1.0 0.0 0.0 0.0 3.0
e 1 2 circle 3.0 0.0 0.0 0.0 0.0 1.0 1.0 0.0 0.0 0.25 -1.5707963267948966 1.5707963267948966
e 5 6 circle 3.0 0.0 1.0 0.0 0.0 1.0 1.0 0.0 0.0 0.25 -1.5707963267948966 1.5707963267948966
e 2 3 line 3.0 0.25 0.0 -1.0 0.0 0.0 0.0 3.0
e 6 7 line 3.0 0.25 1.0 -1.0 0.0 0.0 0.0 3.0
e 3 0 circle 0.0 0.0 0.0 0.0 0.0 1.0 1.0 0.0 0.0 0.25 1.5707963267948966 4.71238898038469
e 7 4 circle 0.0 0.0 1.0 0.0 0.0 1.0 1.0 0.0 0.0 0.25 1.5707963267948966 4.71238898038469
f plane 0.0 0.0 0.0 0.0 0.0 -1.0 1.0 0.0 0.0 F
w
u 10 R circle 0.0 -0.0 1.0 0.0 0.25 -1.0
u 8 R line 3.0 -0.25 -1.0 0.0
u 6 R circle 3.0 -0.0 1.0 0.0 0.25 -1.0
u 4 R line 0.0 0.25 1.0 0.0
f plane 0.0 0.0 1.0 0.0 0.0 1.0 1.0 0.0 0.0 F
w
u 5 F line 0.0 -0.25 1.0 0.0
u 7 F circle 3.0 0.0 1.0 0.0 0.25 1.0
u 9 F line 3.0 0.25 -1.0 0.0
u 11 F circle 0.0 0.0 1.0 0.0 0.25 1.0
f plane 0.0 -0.25 0.0 0.0 -1.0 0.0 1.0 0.0 0.0 F
w
u 4 F line 0.0 0.0 1.0 0.0
u 1 F line 3.0 0.0 0.0 1.0
u 5 R line 0.0 1.0 1.0 0.0
u 0 R line 0.0 0.0 0.0 1.0
f cylinder 3.0 0.0 0.0 0.0 0.0 1.0 1.0 0.0 0.0 0.25 F
w
u 6 F line 0.0 0.0 1.0 0.0
u 2 F line 1.5707963267948966 0.0 0.0 1.0
u 7 R bspline 1 0 2 -1.5707963267948966 1.5707963267948966 2 2 2 -1.5707963267948966 1.0 1.5707963267948966 1.0 1.0 1.0
u 1 R line -1.5707963267948966 0.0 0.0 1.0
f plane 3.0 0.25 0.0 0.0 1.0 0.0 -1.0 0.0 0.0 F
w
u 8 F line 0.0 0.0 1.0 0.0
u 3 F line 3.0 0.0 0.0 1.0
u 9 R line 0.0 1.0 1.0 0.0
u 2 R line 0.0 0.0 0.0 1.0
f cylinder 0.0 0.0 0.0 0.0 0.0 1.0 1.0 0.0 0.0 0.25 F
w
u 10 F line 0.0 0.0 1.0 0.0
u 0 F line 4.71238898038469 0.0 0.0 1.0
u 11 R line 0.0 1.0 1.0 0.0
u 3 R line 1.5707963267948966 0.0 0.0 1.0
s 0 1 2 3 4 5
end
case spline_bulge_split_wall 1e-07
v 0.0 0.0 0.0
v 3.0 0.0 0.0
v 3.0 2.0 0.0
v 0.0 2.0 0.0
v 0.0 0.0 1.0
v 3.0 0.0 1.0
v 3.0 2.0 1.0
v 0.0 2.0 1.0
e 0 4 line 0.0 0.0 0.0 0.0 0.0 1.0 0.0 1.0
e 1 5 line 3.0 0.0 0.0 0.0 0.0 1.0 0.0 1.0
e 2 6 line 3.0 2.0 0.0 0.0 0.0 1.0 0.0 1.0
e 3 7 line 0.0 2.0 0.0 0.0 0.0 1.0 0.0 1.0
e 0 1 line 0.0 0.0 0.0 1.0 0.0 0.0 0.0 3.0
e 4 5 line 0.0 0.0 1.0 1.0 0.0 0.0 0.0 3.0
e 1 2 bspline 2 0 2 0.0 1.0 3 3 3 3.0 0.0 0.0 4.0 1.0 0.0 3.0 2.0 0.0 1.0 1.0 1.0 0.0 1.0
e 5 6 bspline 2 0 2 0.0 1.0 3 3 3 3.0 0.0 1.0 4.0 1.0 1.0 3.0 2.0 1.0 1.0 1.0 1.0 0.0 1.0
e 2 3 line 3.0 2.0 0.0 -1.0 0.0 0.0 0.0 3.0
e 6 7 line 3.0 2.0 1.0 -1.0 0.0 0.0 0.0 3.0
e 3 0 line 0.0 2.0 0.0 0.0 -1.0 0.0 0.0 2.0
e 7 4 line 0.0 2.0 1.0 0.0 -1.0 0.0 0.0 2.0
f plane 0.0 0.0 0.0 0.0 0.0 -1.0 1.0 0.0 0.0 F
w
u 10 R line 0.0 -2.0 0.0 1.0
u 8 R line 3.0 -2.0 -1.0 0.0
u 6 R bspline 2 0 2 0.0 1.0 3 3 3 3.0 -0.0 4.0 -1.0 3.0 -2.0 1.0 1.0 1.0
u 4 R line 0.0 -0.0 1.0 0.0
f plane 0.0 0.0 1.0 0.0 0.0 1.0 1.0 0.0 0.0 F
w
u 5 F line 0.0 0.0 1.0 0.0
u 7 F bspline 2 0 2 0.0 1.0 3 3 3 3.0 0.0 4.0 1.0 3.0 2.0 1.0 1.0 1.0
u 9 F line 3.0 2.0 -1.0 0.0
u 11 F line 0.0 2.0 0.0 -1.0
f plane 0.0 0.0 0.0 0.0 -1.0 0.0 1.0 0.0 0.0 F
w
u 4 F line 0.0 0.0 1.0 0.0
u 1 F line 3.0 0.0 0.0 1.0
u 5 R line 0.0 1.0 1.0 0.0
u 0 R line 0.0 0.0 0.0 1.0
f bspline 2 0 2 0.0 1.0 3 3 1 0 3 0.0 0.5 1.0 2 1 2 9 3.0 0.0 0.0 3.0 0.0 0.5 3.0 0.0 1.0 4.0 1.0 0.0 4.0 1.0 0.5 4.0 1.0 1.0 3.0 2.0 0.0 3.0 2.0 0.5 3.0 2.0 1.0 1.0 1.0 1.0 1.0 1.0 1.0 1.0 1.0 1.0 F
w
u 6 F line 0.0 0.0 1.0 0.0
u 2 F line 1.0 0.0 0.0 1.0
u 7 R line 0.0 1.0 1.0 0.0
u 1 R line 0.0 0.0 0.0 1.0
f plane 3.0 2.0 0.0 0.0 1.0 0.0 -1.0 0.0 0.0 F
w
u 8 F line 0.0 0.0 1.0 0.0
u 3 F line 3.0 0.0 0.0 1.0
u 9 R line 0.0 1.0 1.0 0.0
u 2 R line 0.0 0.0 0.0 1.0
f plane 0.0 2.0 0.0 -1.0 -0.0 0.0 0.0 -1.0 0.0 F
w
u 10 F line 0.0 0.0 1.0 0.0
u 0 F line 2.0 0.0 0.0 1.0
u 11 R line 0.0 1.0 1.0 0.0
u 3 R line 0.0 0.0 0.0 1.0
s 0 1 2 3 4 5
end
case spline_rounded_corner_split_wall 1e-07
v 0.0 0.0 -0.5
v 3.0 0.0 -0.5
v 3.0 1.5 -0.5
v 2.5 2.0 -0.5
v 0.0 2.0 -0.5
v 0.0 0.0 0.5
v 3.0 0.0 0.5
v 3.0 1.5 0.5
v 2.5 2.0 0.5
v 0.0 2.0 0.5
e 0 5 line 0.0 0.0 -0.5 0.0 0.0 1.0 0.0 1.0
e 1 6 line 3.0 0.0 -0.5 0.0 0.0 1.0 0.0 1.0
e 2 7 line 3.0 1.5 -0.5 0.0 0.0 1.0 0.0 1.0
e 3 8 line 2.5 2.0 -0.5 0.0 0.0 1.0 0.0 1.0
e 4 9 line 0.0 2.0 -0.5 0.0 0.0 1.0 0.0 1.0
e 0 1 line 0.0 0.0 -0.5 1.0 0.0 0.0 0.0 3.0
e 5 6 line 0.0 0.0 0.5 1.0 0.0 0.0 0.0 3.0
e 1 2 line 3.0 0.0 -0.5 0.0 1.0 0.0 0.0 1.5
e 6 7 line 3.0 0.0 0.5 0.0 1.0 0.0 0.0 1.5
e 2 3 bspline 2 0 2 0.0 1.0 3 3 3 3.0 1.5 -0.5 3.0 2.0 -0.5 2.5 2.0 -0.5 1.0 0.7071067811865476 1.0 0.0 1.0
e 7 8 bspline 2 0 2 0.0 1.0 3 3 3 3.0 1.5 0.5 3.0 2.0 0.5 2.5 2.0 0.5 1.0 0.7071067811865476 1.0 0.0 1.0
e 3 4 line 2.5 2.0 -0.5 -1.0 0.0 0.0 0.0 2.5
e 8 9 line 2.5 2.0 0.5 -1.0 0.0 0.0 0.0 2.5
e 4 0 line 0.0 2.0 -0.5 0.0 -1.0 0.0 0.0 2.0
e 9 5 line 0.0 2.0 0.5 0.0 -1.0 0.0 0.0 2.0
f plane 0.0 0.0 -0.5 0.0 0.0 -1.0 1.0 0.0 0.0 F
w
u 13 R line 0.0 -2.0 0.0 1.0
u 11 R line 2.5 -2.0 -1.0 0.0
u 9 R bspline 2 0 2 0.0 1.0 3 3 3 3.0 -1.5 3.0 -2.0 2.5 -2.0 1.0 0.7071067811865476 1.0
u 7 R line 3.0 0.0 0.0 -1.0
u 5 R line 0.0 -0.0 1.0 0.0
f plane 0.0 0.0 0.5 0.0 0.0 1.0 1.0 0.0 0.0 F
w
u 6 F line 0.0 0.0 1.0 0.0
u 8 F line 3.0 0.0 0.0 1.0
u 10 F bspline 2 0 2 0.0 1.0 3 3 3 3.0 1.5 3.0 2.0 2.5 2.0 1.0 0.7071067811865476 1.0
u 12 F line 2.5 2.0 -1.0 0.0
u 14 F line 0.0 2.0 0.0 -1.0
f plane 0.0 0.0 -0.5 0.0 -1.0 0.0 1.0 0.0 0.0 F
w
u 5 F line 0.0 0.0 1.0 0.0
u 1 F line 3.0 0.0 0.0 1.0
u 6 R line 0.0 1.0 1.0 0.0
u 0 R line 0.0 0.0 0.0 1.0
f plane 3.0 0.0 -0.5 1.0 -0.0 0.0 0.0 1.0 0.0 F
w
u 7 F line 0.0 0.0 1.0 0.0
u 2 F line 1.5 0.0 0.0 1.0
u 8 R line 0.0 1.0 1.0 0.0
u 1 R line 0.0 0.0 0.0 1.0
f bspline 2 0 2 0.0 1.0 3 3 1 0 3 0.0 0.5 1.0 2 1 2 9 3.0 1.5 -0.5 3.0 1.5 0.0 3.0 1.5 0.5 3.0 2.0 -0.5 3.0 2.0 0.0 3.0 2.0 0.5 2.5 2.0 -0.5 2.5 2.0 0.0 2.5 2.0 0.5 1.0 1.0 1.0 0.7071067811865476 0.7071067811865476 0.7071067811865476 1.0 1.0 1.0 F
w
u 9 F line 0.0 0.0 1.0 0.0
u 3 F line 1.0 0.0 0.0 1.0
u 10 R line 0.0 1.0 1.0 0.0
u 2 R line 0.0 0.0 0.0 1.0
f plane 2.5 2.0 -0.5 0.0 1.0 0.0 -1.0 0.0 0.0 F
w
u 11 F line 0.0 0.0 1.0 0.0
u 4 F line 2.5 0.0 0.0 1.0
u 12 R line 0.0 1.0 1.0 0.0
u 3 R line 0.0 0.0 0.0 1.0
f plane 0.0 2.0 -0.5 -1.0 -0.0 0.0 0.0 -1.0 0.0 F
w
u 13 F line 0.0 0.0 1.0 0.0
u 0 F line 2.0 0.0 0.0 1.0
u 14 R line 0.0 1.0 1.0 0.0
u 4 R line 0.0 0.0 0.0 1.0
s 0 1 2 3 4 5 6
end
