case spheres_cross_fuse
sphere 0.0 0.0 0.0 0.0 0.0 1.0 1.0 0.0 0.0 2.0 -1.5707963267948966 1.5707963267948966
boolean fuse
sphere 2.25 0.5 0.25 0.0 0.0 1.0 1.0 0.0 0.0 1.5 -1.5707963267948966 1.5707963267948966
end
case spheres_cross_cut
sphere 0.0 0.0 0.0 0.0 0.0 1.0 1.0 0.0 0.0 2.0 -1.5707963267948966 1.5707963267948966
boolean cut
sphere 2.25 0.5 0.25 0.0 0.0 1.0 1.0 0.0 0.0 1.5 -1.5707963267948966 1.5707963267948966
end
case spheres_cross_common
sphere 0.0 0.0 0.0 0.0 0.0 1.0 1.0 0.0 0.0 2.0 -1.5707963267948966 1.5707963267948966
boolean common
sphere 2.25 0.5 0.25 0.0 0.0 1.0 1.0 0.0 0.0 1.5 -1.5707963267948966 1.5707963267948966
end
case spheres_nested_cut
sphere 0.0 0.0 0.0 0.0 0.0 1.0 1.0 0.0 0.0 2.0 -1.5707963267948966 1.5707963267948966
boolean cut
sphere 0.5 -0.25 0.5 0.0 0.0 1.0 1.0 0.0 0.0 0.75 -1.5707963267948966 1.5707963267948966
end
case spheres_apart_fuse
sphere 0.0 0.0 0.0 0.0 0.0 1.0 1.0 0.0 0.0 1.0 -1.5707963267948966 1.5707963267948966
boolean fuse
sphere 1.5 2.0 0.5 0.0 0.0 1.0 1.0 0.0 0.0 1.25 -1.5707963267948966 1.5707963267948966
end
case spheres_apart_common
sphere 0.0 0.0 0.0 0.0 0.0 1.0 1.0 0.0 0.0 1.0 -1.5707963267948966 1.5707963267948966
boolean common
sphere 1.5 2.0 0.5 0.0 0.0 1.0 1.0 0.0 0.0 1.25 -1.5707963267948966 1.5707963267948966
end
case spheres_turned_common
sphere 1.0 2.0 -1.0 0.0 -0.8 0.6 1.0 0.0 0.0 2.0 -1.5707963267948966 1.5707963267948966
boolean common
sphere 2.5 1.25 0.0 0.6 0.0 0.8 0.0 1.0 -0.0 1.25 -1.5707963267948966 1.5707963267948966
end
case pipe_ring_cut
sphere 0.0 0.0 0.0 0.0 0.0 1.0 1.0 0.0 0.0 2.5 -1.5707963267948966 1.5707963267948966
boolean cut
plane 0.0 0.0 -3.0 0.0 0.0 1.0 1.0 0.0 0.0
wire C 0.0 0.0 -3.0 1.5
prism 0.0 0.0 6.0
end
case pipe_ring_common
sphere 0.0 0.0 0.0 0.0 0.0 1.0 1.0 0.0 0.0 2.5 -1.5707963267948966 1.5707963267948966
boolean common
plane 0.0 0.0 -3.0 0.0 0.0 1.0 1.0 0.0 0.0
wire C 0.0 0.0 -3.0 1.5
prism 0.0 0.0 6.0
end
case pipe_ends_cut
plane 0.0 0.0 -3.0 0.0 0.0 1.0 1.0 0.0 0.0
wire C 0.0 0.0 -3.0 1.5
prism 0.0 0.0 6.0
boolean cut
sphere 0.0 0.0 0.0 0.0 0.0 1.0 1.0 0.0 0.0 2.5 -1.5707963267948966 1.5707963267948966
end
case pipe_side_common
sphere 0.5 0.25 -0.25 0.0 0.0 1.0 1.0 0.0 0.0 2.5 -1.5707963267948966 1.5707963267948966
boolean common
plane -3.0 0.0 0.0 1.0 0.0 0.0 0.0 1.0 0.0
wire C -3.0 0.25 -0.25 2.0
prism 6.5 0.0 0.0
end
case hole_box_cut
sphere 0.0 0.0 0.0 0.0 0.0 1.0 1.0 0.0 0.0 2.5 -1.5707963267948966 1.5707963267948966
boolean cut
plane 0.0 0.0 -3.0 0.0 0.0 1.0 1.0 0.0 0.0
wire P 4 -2.25 -2.25 -3.0 2.25 -2.25 -3.0 2.25 2.25 -3.0 -2.25 2.25 -3.0
wire C 0.0 0.0 -3.0 1.5
prism 0.0 0.0 6.5
end
case hole_box_common
sphere 0.0 0.0 0.0 0.0 0.0 1.0 1.0 0.0 0.0 2.5 -1.5707963267948966 1.5707963267948966
boolean common
plane 0.0 0.0 -3.0 0.0 0.0 1.0 1.0 0.0 0.0
wire P 4 -2.25 -2.25 -3.0 2.25 -2.25 -3.0 2.25 2.25 -3.0 -2.25 2.25 -3.0
wire C 0.0 0.0 -3.0 1.5
prism 0.0 0.0 6.5
end
case holed_box_cut
plane 0.0 0.0 -3.0 0.0 0.0 1.0 1.0 0.0 0.0
wire P 4 -2.25 -2.25 -3.0 2.25 -2.25 -3.0 2.25 2.25 -3.0 -2.25 2.25 -3.0
wire C 0.0 0.0 -3.0 1.5
prism 0.0 0.0 6.5
boolean cut
sphere 0.0 0.0 0.0 0.0 0.0 1.0 1.0 0.0 0.0 2.5 -1.5707963267948966 1.5707963267948966
end
case dome_pipe_cut
sphere 0.0 0.0 0.0 0.0 0.0 1.0 1.0 0.0 0.0 2.5 0.0 1.5707963267948966
boolean cut
plane 0.0 0.0 -1.0 0.0 0.0 1.0 1.0 0.0 0.0
wire C 0.0 0.0 -1.0 1.5
prism 0.0 0.0 5.0
end
case dome_pipe_common
sphere 0.0 0.0 0.0 0.0 0.0 1.0 1.0 0.0 0.0 2.5 0.0 1.5707963267948966
boolean common
plane 0.0 0.0 -1.0 0.0 0.0 1.0 1.0 0.0 0.0
wire C 0.0 0.0 -1.0 1.5
prism 0.0 0.0 5.0
end
case rings_cut
sphere 0.0 0.0 0.0 0.0 0.0 1.0 1.0 0.0 0.0 2.0 -1.5707963267948966 1.5707963267948966
boolean cut
plane 0.0 0.0 -3.0 0.0 0.0 1.0 1.0 0.0 0.0
wire C 0.5 0.25 -3.0 0.75
prism 0.0 0.0 6.0
end
case rings_common
sphere 0.0 0.0 0.0 0.0 0.0 1.0 1.0 0.0 0.0 2.0 -1.5707963267948966 1.5707963267948966
boolean common
plane 0.0 0.0 -3.0 0.0 0.0 1.0 1.0 0.0 0.0
wire C 0.5 0.25 -3.0 0.75
prism 0.0 0.0 6.0
end
case rod_ends_cut
plane 0.0 0.0 -3.0 0.0 0.0 1.0 1.0 0.0 0.0
wire C 0.5 0.25 -3.0 0.75
prism 0.0 0.0 6.0
boolean cut
sphere 0.0 0.0 0.0 0.0 0.0 1.0 1.0 0.0 0.0 2.0 -1.5707963267948966 1.5707963267948966
end
case rings_tilt_common
sphere 0.0 0.0 0.0 0.0 0.0 1.0 1.0 0.0 0.0 2.0 -1.5707963267948966 1.5707963267948966
boolean common
plane 0.0 -1.7999999999999998 -2.4000000000000004 0.0 0.6 0.8 1.0 -0.0 0.0
wire C 0.5 -1.5999999999999999 -2.5500000000000003 0.75
prism 0.0 3.5999999999999996 4.800000000000001
end
case bite_fuse
sphere 0.0 0.0 0.0 0.0 0.0 1.0 1.0 0.0 0.0 2.0 -1.5707963267948966 1.5707963267948966
boolean fuse
plane 0.0 0.0 -3.0 0.0 0.0 1.0 1.0 0.0 0.0
wire C 2.0 0.5 -3.0 1.0
prism 0.0 0.0 6.0
end
case bite_cut
sphere 0.0 0.0 0.0 0.0 0.0 1.0 1.0 0.0 0.0 2.0 -1.5707963267948966 1.5707963267948966
boolean cut
plane 0.0 0.0 -3.0 0.0 0.0 1.0 1.0 0.0 0.0
wire C 2.0 0.5 -3.0 1.0
prism 0.0 0.0 6.0
end
case bite_common
sphere 0.0 0.0 0.0 0.0 0.0 1.0 1.0 0.0 0.0 2.0 -1.5707963267948966 1.5707963267948966
boolean common
plane 0.0 0.0 -3.0 0.0 0.0 1.0 1.0 0.0 0.0
wire C 2.0 0.5 -3.0 1.0
prism 0.0 0.0 6.0
end
case bite_tilt_cut
sphere 0.0 0.0 0.0 0.0 0.0 1.0 1.0 0.0 0.0 2.0 -1.5707963267948966 1.5707963267948966
boolean cut
plane 0.0 -1.7999999999999998 -2.4000000000000004 0.0 0.6 0.8 1.0 -0.0 0.0
wire C 2.0 -1.4 -2.7 1.0
prism 0.0 3.5999999999999996 4.800000000000001
end
case cap_cross_cut
sphere 0.0 0.0 0.0 0.0 0.0 1.0 1.0 0.0 0.0 2.0 -1.5707963267948966 1.5707963267948966
boolean cut
plane 0.0 0.0 -3.0 0.0 0.0 1.0 1.0 0.0 0.0
wire C 1.5 0.0 -3.0 1.0
prism 0.0 0.0 4.0
end
case cap_cross_common
sphere 0.0 0.0 0.0 0.0 0.0 1.0 1.0 0.0 0.0 2.0 -1.5707963267948966 1.5707963267948966
boolean common
plane 0.0 0.0 -3.0 0.0 0.0 1.0 1.0 0.0 0.0
wire C 1.5 0.0 -3.0 1.0
prism 0.0 0.0 4.0
end
case stadium_cut
sphere 0.25 0.25 0.0 0.0 0.0 1.0 1.0 0.0 0.0 2.0 -1.5707963267948966 1.5707963267948966
boolean cut
plane 0.0 0.0 -3.0 0.0 0.0 1.0 1.0 0.0 0.0
wire S 4 -2.0 -1.0 -3.0 L 2.0 -1.0 -3.0 A 2.0 0.0 -3.0 1.0 1 2.0 1.0 -3.0 L -2.0 1.0 -3.0 A -2.0 0.0 -3.0 1.0 1
prism 0.0 0.0 6.0
end
case stadium_common
sphere 0.25 0.25 0.0 0.0 0.0 1.0 1.0 0.0 0.0 2.0 -1.5707963267948966 1.5707963267948966
boolean common
plane 0.0 0.0 -3.0 0.0 0.0 1.0 1.0 0.0 0.0
wire S 4 -2.0 -1.0 -3.0 L 2.0 -1.0 -3.0 A 2.0 0.0 -3.0 1.0 1 2.0 1.0 -3.0 L -2.0 1.0 -3.0 A -2.0 0.0 -3.0 1.0 1
prism 0.0 0.0 6.0
end
case stadium_ends_cut
plane 0.0 0.0 -3.0 0.0 0.0 1.0 1.0 0.0 0.0
wire S 4 -2.0 -1.0 -3.0 L 2.0 -1.0 -3.0 A 2.0 0.0 -3.0 1.0 1 2.0 1.0 -3.0 L -2.0 1.0 -3.0 A -2.0 0.0 -3.0 1.0 1
prism 0.0 0.0 6.0
boolean cut
sphere 0.25 0.25 0.0 0.0 0.0 1.0 1.0 0.0 0.0 2.0 -1.5707963267948966 1.5707963267948966
end
case spheres_tangent_fuse
sphere 0.0 0.0 0.0 0.0 0.0 1.0 1.0 0.0 0.0 2.0 -1.5707963267948966 1.5707963267948966
boolean fuse
sphere 3.0 0.0 0.0 0.0 0.0 1.0 1.0 0.0 0.0 1.0 -1.5707963267948966 1.5707963267948966
end
case spheres_tangent_common
sphere 0.0 0.0 0.0 0.0 0.0 1.0 1.0 0.0 0.0 2.0 -1.5707963267948966 1.5707963267948966
boolean common
sphere 3.0 0.0 0.0 0.0 0.0 1.0 1.0 0.0 0.0 1.0 -1.5707963267948966 1.5707963267948966
end
case rod_tangent_common
sphere 0.0 0.0 0.0 0.0 0.0 1.0 1.0 0.0 0.0 2.0 -1.5707963267948966 1.5707963267948966
boolean common
plane 0.0 0.0 -3.0 0.0 0.0 1.0 1.0 0.0 0.0
wire C 3.0 0.0 -3.0 1.0
prism 0.0 0.0 6.0
end
case rod_inside_tangent_cut
sphere 0.0 0.0 0.0 0.0 0.0 1.0 1.0 0.0 0.0 2.0 -1.5707963267948966 1.5707963267948966
boolean cut
plane 0.0 0.0 -3.0 0.0 0.0 1.0 1.0 0.0 0.0
wire C 1.25 0.0 -3.0 0.75
prism 0.0 0.0 6.0
end
