spheres_cross_fuse done 1 1 0
S 44.359707901934755 65.947781693699369 0.61344555040267468 0.13632123361000487 0.068160614760600854 2 9 6 2 9 6 1
spheres_cross_cut done 1 1 0
S 30.222540935281181 51.211432453855153 -0.15208384561968755 -0.033796410194553719 -0.016898205569025153 2 6 4 2 6 4 1
spheres_cross_common done 1 1 0
S 3.2877806559165594 12.592034624848031 1.3980130487718523 0.31066956625455266 0.15533478621143904 3 3 2 2 4 2 1
spheres_nested_cut done 1 1 0
S 31.743175770646872 57.334065928013736 -0.027835051546391744 0.013917525773195901 -0.027835051546391803 2 6 4 2 6 4 1
spheres_apart_fuse done 2 1 0
S 4.1887902047863914 12.566370614359176 -4.3713514523233751e-17 4.1291765350629547e-17 2.6020852139652103e-18 1 3 2 1 3 2 1
S 8.1812308687234214 19.634954084936211 1.5 2 0.49999999999999989 1 3 2 1 3 2 1
spheres_apart_common done 0 1 0
spheres_turned_common done 1 1 0
S 3.3441583857478649 12.072834145487731 2.0800716695268795 1.4599641654606634 -0.2799522198463591 3 6 4 2 3 2 1
pipe_ring_cut done 1 1 0
S 33.510321638290982 100.53096491487268 -2.3721636999248831e-15 6.3403925762418325e-17 2.2306020255241949e-16 2 4 2 2 4 2 1
pipe_ring_common done 1 1 0
S 31.939525311496361 53.407075111026501 1.6545836375700851e-15 9.6994567867016528e-17 -2.2246502690017951e-16 3 7 4 3 7 4 1
pipe_ends_cut done 2 1 0
S 5.2359877559830368 24.347343065321233 3.3925916602277199e-16 1.1887521806376589e-17 -2.6156249999999948 3 5 3 3 5 3 1
S 5.2359877559830403 24.34734306532124 1.5902773407317426e-16 4.2505413914990566e-17 2.6156249999999952 3 5 3 3 5 3 1
pipe_side_common done 1 1 0
S 51.312680032381337 69.115038433011733 0.50000000193180205 0.25000000059918315 -0.25000000914031723 4 6 4 3 4 2 1
hole_box_cut done 5 1 0
S 0.47451138437411144 7.6576320049020081 -9.8936104170022746e-09 2.3340517273121972 -2.310930113935683e-09 2 1 1 2 1 1 1
S 0.47451139116028895 7.6576321003423171 2.3340517242611565 1.920375131553606e-09 -2.1313313620525116e-09 3 3 2 2 2 1 1
S 0.47451140636144362 7.6576321841140995 -9.7567191914663308e-09 -2.3340517208827198 -1.0491717050697957e-08 2 1 1 2 1 1 1
S 0.47451140636184097 7.6576321841143349 -2.3340517208826497 9.7568628638836006e-09 -1.0492558155661413e-08 2 1 1 2 1 1 1
S 31.939525311496361 53.407075111026501 1.6545836375700851e-15 9.6994567867016528e-17 -2.2246502690017951e-16 3 7 4 3 7 4 1
hole_box_common done 1 1 0
S 31.612275089105772 99.745565700902546 1.7882046941159962e-08 -1.7309640268011874e-08 -5.9014748136299109e-09 6 10 7 6 10 7 1
holed_box_cut done 1 1 0
S 54.066932299101062 199.12610160949208 -1.0256203280746469e-08 1.0054569728739704e-08 0.39617195114652448 9 25 17 9 25 17 1
dome_pipe_cut done 1 1 0
S 16.755160819145431 62.831853071794413 -8.826039241061329e-15 2.0453429016985968e-16 0.74999999999999156 3 5 3 3 5 3 1
dome_pipe_common done 1 1 0
S 15.969762655748116 33.77212102609036 2.8364290929772999e-15 -9.0994732269213122e-19 1.1342213114754098 3 5 3 3 5 3 1
rings_cut done 1 1 0
S 27.002331929507129 62.992668375925788 -0.11542681515880972 -0.057713386895732022 1.847430023242534e-14 2 6 4 2 6 4 1
rings_common done 1 1 0
S 6.5079897246845224 20.441871225814001 0.47891789948677865 0.23945888901692072 -7.536836304749562e-14 3 9 6 3 9 6 1
rod_ends_cut done 2 1 0
S 2.0474454401057134 9.5407198495534278 0.53350517835229783 0.26675261891205421 2.4139772202294894 3 6 4 3 6 4 1
S 2.0474454401057791 9.5407198495541419 0.53350517835228617 0.26675261891205748 -2.4139772202294756 3 6 4 3 6 4 1
rings_tilt_common done 1 1 0
S 6.5079915184081205 20.441879472769475 0.47891816192207243 0.1915674300443429 -0.14367553944099123 3 3 2 3 3 2 1
bite_fuse done 1 1 0
S 49.599094321416977 81.244381786628139 0.67993074709595913 0.16998278546179701 4.6501746449734519e-08 4 9 6 4 9 6 1
bite_cut done 1 1 0
S 30.749516562368118 50.470656250857964 -0.12927704511225735 -0.03231932504202753 -5.1925468874924909e-08 2 6 4 2 6 4 1
bite_common done 1 1 0
S 2.7607910437648133 13.003414477627512 1.4398783979611292 0.35997001590438404 3.6454201919126102e-07 3 3 2 2 2 2 1
bite_tilt_cut done 1 1 0
S 30.74954612015701 50.470699297462595 -0.12927700470923326 -0.025855417866473735 0.019390953487659301 2 6 4 2 6 4 1
cap_cross_cut done 1 1 0
S 28.146389263487613 54.00074506310451 -0.23034615721217627 -1.0890289984945857e-08 0.043992850219083467 3 9 6 3 9 6 1
cap_cross_common done 1 1 0
S 5.3639308638943106 17.414375163824332 1.2087055787283614 2.6411004251086726e-08 -0.23084514557627389 4 6 4 3 4 3 1
stadium_cut done 2 1 0
S 3.0925048782217823 17.082409565312553 0.25000003560550621 -1.2589285955500067 7.1626145459191548e-08 2 1 1 2 1 1 1
S 7.7722788740719766 26.512839416634154 0.25002564635029484 1.4440726543613713 4.1647675145632567e-08 3 3 2 3 3 2 1
stadium_common done 1 1 0
S 22.645539250661301 43.587189357295138 0.24999119687096122 0.046238204004077937 -1.0030270038440365e-07 4 7 5 4 7 5 1
stadium_ends_cut done 1 1 0
S 44.204017147774742 114.6525329133316 -0.12806946354968238 -0.023687644037517629 4.9865584693897091e-08 7 19 13 7 19 13 1
spheres_tangent_fuse done 2 1 0
S 4.1887902047863914 12.566370614359176 3 5.5787555013839541e-18 -5.6645337736963876e-17 1 3 3 1 3 3 1
S 33.510321638291131 50.26548245743669 1.1102230246251565e-16 7.0958602731707581e-17 1.6100847666455864e-16 1 4 3 1 3 2 1
spheres_tangent_common done 0 1 0
rod_tangent_common done 0 1 0
rod_inside_tangent_cut done 1 1 0
S 28.487389802510503 56.286538281549277 -0.2039314331311598 -3.7396338369569373e-09 -3.1116319035234473e-15 2 8 5 2 8 5 1
