tt_side done 4 0
L open 0 1
p 2.28125 1.0226917607470982 0
p 2.2812641851681752 1.0162012733898189 -0.051265832717297767
p 2.2814673458116763 0.99751936898042226 -0.09946091593986503
p 2.2822828666074964 0.96860623284588665 -0.14232053107350257
p 2.2842808237335741 0.93178690850852219 -0.1785958467228248
p 2.2880898264063601 0.88920912871198787 -0.20774035102358454
p 2.2943518076698979 0.84268855916633767 -0.22951111566450191
p 2.3036805618396938 0.79380211031261116 -0.24366397468574102
p 2.316571159119384 0.74407371239028608 -0.2497874411418789
p 2.3332118199079517 0.69516156312393074 -0.24728454324643706
p 2.3532047222598509 0.6489359560067568 -0.23554442989979929
p 2.3753431641445846 0.60732522130428856 -0.21428495104951534
p 2.3976816033770283 0.57197098164020721 -0.1838808958476752
p 2.4179499241253075 0.5439527369077175 -0.14543992369208086
p 2.4340477754500451 0.52379761909788503 -0.10062684652868324
p 2.4443663709320176 0.51168386104285823 -0.051428723079358876
p 2.447916666666667 0.5076455387921337 0
L open 0 1
p 2.28125 -1.0226917607470984 0
p 2.2812641850512847 -1.0162013055425503 0.051265706563788434
p 2.2814673436660895 -0.9975194925264288 0.099460682056321109
p 2.2822828570702951 -0.96860647642812836 0.14232024047253655
p 2.2842807970802195 -0.93178729005544114 0.17859553446526649
p 2.2880897685151496 -0.88920965522990936 0.20774005161005815
p 2.2943517005160166 -0.84268922645926136 0.2295108650305922
p 2.3036803885742851 -0.79380288988492387 0.24366381419792393
p 2.3165709294549472 -0.74407449279086768 0.24978740883515999
p 2.3332115721253617 -0.69516220674680729 0.24728463760286887
p 2.3532044768962828 -0.64893646460275844 0.23554461963678813
p 2.3753429480540338 -0.60732559102979544 0.21428519889499287
p 2.3976814387361598 -0.57197122312294524 0.18388115901516305
p 2.417949819895028 -0.54395287282769922 0.14544015994077772
p 2.4340477246479182 -0.5237976801300428 0.10062702562099306
p 2.4443663576384904 -0.51168387630468892 0.051428818783505297
p 2.447916666666667 -0.50764553879213326 0
L open 0 1
p 2.4479166666666665 0.50764553879213348 0
p 2.4443663450261286 0.51168389075480136 0.051428909485137654
p 2.4340476766816952 0.52379773784048678 0.10062719482540905
p 2.4179497204608347 0.54395300260421608 0.14544038538274279
p 2.397681284104328 0.57197145006590855 0.1838814062292658
p 2.3753427471656758 0.60732593518521449 0.21428542967829012
p 2.353204249637197 0.64893693566731214 0.23554479536470466
p 2.3332113431299422 0.69516280130486208 0.2472847249320182
p 2.3165707200437642 0.74407519611131967 0.24978738160967401
p 2.3036802245802876 0.79380362404453764 0.24366366244747301
p 2.2943515850805833 0.84268994476006509 0.22951059498219159
p 2.2880897075273436 0.88921020988030386 0.2077397361610625
p 2.2842807702692642 0.93178767380352456 0.17859522034957009
p 2.2822828477797232 0.96860671293857981 0.14231995794347174
p 2.281467341696449 0.99751960481416413 0.099460469209815383
p 2.2812641849086983 1.0162013356444746 0.051265589107087423
p 2.28125 1.0226917607470982 0
L open 0 1
p 2.447916666666667 -0.50764553879213326 0
p 2.4443663793124699 -0.51168385146861006 -0.051428662911867873
p 2.4340478073158081 -0.52379758067952875 -0.10062673401325618
p 2.4179499912746256 -0.54395264916593544 -0.14543977138790001
p 2.3976817055067072 -0.57197083161989093 -0.18388073252638831
p 2.3753432948491335 -0.60732499697054187 -0.21428480053918914
p 2.3532048692928211 -0.64893565124170494 -0.23554431621332225
p 2.3332119674973626 -0.69516118017614426 -0.24728448684053506
p 2.3165712914869467 -0.74407327696504688 -0.24978745587184031
p 2.3036806585698528 -0.79380167632547427 -0.24366406422900119
p 2.2943518685733699 -0.84268818003494794 -0.22951125811978085
p 2.2880898602346216 -0.88920882091824027 -0.20774052614939159
p 2.2842808398499903 -0.93178667763400969 -0.17859603550672556
p 2.282282873252802 -0.96860606098563562 -0.14232073509693374
p 2.2814673476594329 -0.99751925968388888 -0.099461122128707308
p 2.2812641851649191 -1.0162012476338176 -0.051265935680004225
p 2.28125 -1.0226917607470984 0
tt_link_cut done 4 0
L open 0 1
p 2.451171875 0.49168733887398808 0
p 2.3296251411034303 0.51349588242004418 -0.31836147317745717
p 2.0394952427796356 0.59069442376588244 -0.48455521427269416
p 1.7296937998792083 0.7460208422881397 -0.48629017180692746
p 1.4616247761823733 0.96289445054697886 -0.43317960820876933
p 1.1985200905700464 1.1882557448674387 -0.39048920292525047
p 0.91095703500132674 1.3838094698253682 -0.36355088378123945
p 0.59414521408247811 1.528368802941739 -0.3467717145416413
p 0.25535401024209603 1.6095850368208973 -0.33598918537708533
p -0.092910195817760471 1.6206675160647355 -0.32881392971359402
p -0.43592232355202543 1.5593090283025919 -0.32390180473612123
p -0.75838296157546292 1.427232612813677 -0.32047763943872265
p -1.0455512320928506 1.2298510534010647 -0.31808007661824039
p -1.2841331858934792 0.97587678763863595 -0.316427717390388
p -1.4630084829249461 0.67683137513316494 -0.31534757594528412
p -1.5738079125973827 0.34644447581305576 -0.31473607848391794
p -1.6113281250000002 0 -0.31453803201518432
L open 0 1
p 2.451171875 -0.49168733887398797 0
p 2.3296251411041515 -0.51349588241990141 0.3183614731766416
p 2.0394952427820519 -0.59069442376503078 0.48455521427216353
p 1.7296937998817032 -0.74602084228644883 0.48629017180731593
p 1.4616247761853911 -0.96289445054429623 0.43317960820937063
p 1.1985200905742273 -1.1882557448641418 0.39048920292577072
p 0.91095703500548386 -1.3838094698229966 0.36355088378152717
p 0.59414521408610377 -1.5283688029404805 0.3467717145417874
p 0.25535401024547111 -1.609585036820439 0.33598918537717021
p -0.092910195814867161 -1.6206675160649446 0.32881392971364215
p -0.43592232354968169 -1.5593090283032727 0.3239018047361496
p -0.75838296157366802 -1.4272326128146466 0.32047763943873953
p -1.0455512320915705 -1.2298510534021629 0.31808007661825011
p -1.284133185892683 -0.97587678763969143 0.31642771739039227
p -1.4630084829245493 -0.67683137513402003 0.31534757594528645
p -1.573807912597283 -0.34644447581351678 0.31473607848391805
p -1.6113281250000002 0 0.3145380320151846
L open 0 1
p -1.611328125 0 0.31453803201518343
p -1.5738089207390531 0.34643987579021351 0.3147360731030327
p -1.4630124164064107 0.67682282922789816 0.31534755349718657
p -1.2841416709378388 0.97586554905465417 0.31642766318368221
p -1.0455654160329428 1.2298388797123341 0.31807997019343337
p -0.75840346070483633 1.4272215400171973 0.32047744924480104
p -0.43594912785895468 1.5593012468147887 0.32390147855769158
p -0.092942631074935445 1.62066517791596 0.32881338216346029
p 0.25531722462058232 1.609590023176475 0.33598826129173343
p 0.59410578997012253 1.5283824893617175 0.34677012836782384
p 0.91091681012586179 1.3838324141945506 0.36354809600928878
p 1.1984802142703619 1.1882871579597765 0.39048424442748264
p 1.4615837481895695 0.96293093832325527 0.43317142730346886
p 1.7296488724870969 0.74605124364602804 0.48628319850502755
p 2.0394532025066154 0.59070923237526629 0.48456445520701497
p 2.3296125439748065 0.51349838419677096 0.31837571311477253
p 2.451171875 0.49168733887398819 0
L open 0 1
p -1.611328125 0 -0.31453803201518271
p -1.5738089207388222 -0.34643987579126556 -0.31473607310303453
p -1.4630124164055132 -0.67682282922985171 -0.31534755349719185
p -1.2841416709357878 -0.97586554905737188 -0.3164276631836952
p -1.0455654160293593 -1.2298388797154103 -0.31807997019346018
p -0.7584034606995167 -1.4272215400200703 -0.32047744924485022
p -0.43594912785187401 -1.5593012468168426 -0.3239014785577774
p -0.092942631066312259 -1.6206651779165806 -0.32881338216360584
p 0.25531722463042111 -1.6095900231751417 -0.33598826129198089
p 0.59410578998100316 -1.5283824893579399 -0.34677012836826215
p 0.9109168101371411 -1.3838324141881175 -0.36354809601007054
p 1.1984802142811135 -1.1882871579513035 -0.39048424442881979
p 1.4615837481991569 -0.9629309383147292 -0.43317142730538027
p 1.7296488724955528 -0.74605124364028952 -0.4862831985063451
p 2.0394532025133802 -0.59070923237288309 -0.48456445520552716
p 2.3296125439768711 -0.51349838419636018 -0.31837571311243779
p 2.451171875 -0.49168733887398808 0
tt_ring_round_tube done 8 0
L open 0 1
p 1.7443270598132252 0 0.42968750000000006
p 1.7207390319552589 0.13876226102768455 0.41845186302620774
p 1.6656419361979458 0.26618056872819107 0.3897320493487289
p 1.5984466680249843 0.38489931790036386 0.35122636353117798
p 1.5283195937559952 0.50134839582362045 0.31094774193186459
p 1.4607650638007135 0.62263382835222703 0.28318656187028513
p 1.4055992565387245 0.75211577955533637 0.2920691919757008
p 1.3774045112346578 0.8812235800877215 0.34191068790519796
p 1.3809414706548222 1.0069614229675605 0.40665502899619388
p 1.4160720811071903 1.1315545317919391 0.46357036313528699
p 1.4805969170635322 1.2528982579052785 0.49633444762853712
p 1.567289218633092 1.3643416664623464 0.49388841137874595
p 1.6640806313669914 1.4584765695739583 0.452473301747712
p 1.7575245169399381 1.5307811630569499 0.37501271904352274
p 1.8354417249962496 1.5803749238608857 0.26805875092618447
p 1.8875091440546206 1.6087314797868488 0.13978709438836101
p 1.9059055542101684 1.6178763915796621 0
L open 0 1
p 1.7443270598132252 0 -0.4296875
p 1.7207390173212886 -0.13876230595585884 -0.41845185583933803
p 1.6656417962468466 -0.26618083833924666 -0.38973197250918834
p 1.5984464751055398 -0.3848996405040862 -0.35122625002255614
p 1.5283193600456983 -0.50134878970866958 -0.31094761689716705
p 1.4607648370511475 -0.62263427547160888 -0.2831865133623917
p 1.4055990902513229 -0.75211628013506648 -0.29206931650925916
p 1.3774044617222381 -0.88122408757421555 -0.34191093516550208
p 1.3809415483857812 -1.0069619233994611 -0.40665528484779562
p 1.4160722954048539 -1.131555057892025 -0.4635705640030493
p 1.4805972230753257 -1.2528987233172511 -0.4963345140057917
p 1.5672895497447281 -1.3643420323746931 -0.49388833409848104
p 1.664080951674813 -1.4584768448927887 -0.45247310307096344
p 1.7575247352587413 -1.5307813147898544 -0.37501248596661696
p 1.835441836746289 -1.5803749886808596 -0.26805855102225312
p 1.8875091756752425 -1.6087314959825338 -0.13978697585542096
p 1.9059055542101684 -1.6178763915796621 0
L open 0 1
p 1.9059055542101684 1.6178763915796621 0
p 1.8875039833866434 1.6087288511614442 -0.13980643734120163
p 1.8354227665486129 1.5803639212856693 -0.26809267277131571
p 1.7574871037644204 1.530755164276504 -0.37505265134255988
p 1.6640251961842161 1.4584289092021157 -0.45250766911896817
p 1.5672222237486824 1.3642676336166975 -0.49390404580379799
p 1.4805307868876203 1.2527975360175938 -0.4963203668231887
p 1.4160216351995834 1.1314309341586788 -0.46352323558567488
p 1.3809193039748036 1.0068186140204873 -0.40658200588985277
p 1.3774204506005245 0.88106040619130832 -0.34183117324899026
p 1.4056614313693783 0.7519286922016255 -0.29202273083779379
p 1.4608651057033835 0.62243660260960465 -0.28320797377458673
p 1.5284417061354909 0.50114257713490928 -0.31101307376298204
p 1.5985771005131875 0.38468122067905269 -0.35130311580220192
p 1.6657645973783515 0.26594414935815958 -0.3897994176058639
p 1.7207634733720736 0.13868730538548163 -0.41846385516673518
p 1.7443270598132252 0 -0.4296875
L open 0 1
p 1.9059055542101688 -1.6178763915796626 0
p 1.8875036905816631 -1.6087287017096994 0.13980753475395347
p 1.8354216937347203 -1.5803632984709246 0.26809459258089358
p 1.7574850290030672 -1.5307537223049617 0.37505486589301118
p 1.6640221628538203 -1.4584263009397018 0.45250954905043927
p 1.5672186077038113 -1.3642636370693988 0.49390488892710971
p 1.4805272552493813 -1.2527921525719035 0.49631961206582753
p 1.4160190089537552 -1.1314244960296578 0.46352077968529126
p 1.3809183995875984 -1.0068127816752297 0.4065790233932764
p 1.3774209328956566 -0.88105547860481903 0.34182877297687242
p 1.4056626425252279 -0.75192504957035422 0.29202182660937265
p 1.4608660840430896 -0.6224346742883089 0.28320818320798946
p 1.5284421598956472 -0.50114181256751589 0.31101331669535193
p 1.5985769346234648 -0.38468149808999391 0.3513030181756443
p 1.6657640232254154 -0.26594525285046655 0.38979910320340022
p 1.7207631947904201 -0.13868815545499788 0.41846371918952219
p 1.7443270598132257 0 0.4296875
L open 0 1
p 2.2556729401867739 0 -0.4296875
p 2.2581136252658074 0.049852082001801204 -0.42789371067718213
p 2.2651132811745285 0.099020792965842416 -0.4225673763879455
p 2.2758605746377785 0.14701071051076919 -0.41383757071668048
p 2.2893729949274029 0.19357021439540145 -0.40183192986499655
p 2.3047323648275224 0.23860091967338515 -0.38662535146415977
p 2.3211663210637785 0.28203580775463999 -0.36823226777188167
p 2.3380476690116048 0.32377464256006844 -0.34661367622601047
p 2.354865382044145 0.36365327318644736 -0.32168371142641999
p 2.371178327959897 0.40139617517269199 -0.29333535689620804
p 2.3865881579864729 0.43660928370890867 -0.26145042415979747
p 2.4007098339878405 0.4687519440953396 -0.2259288992587131
p 2.4131459017916588 0.49710660423924791 -0.18674832215050968
p 2.423481863392646 0.52079091237532704 -0.14402501161602008
p 2.4312924713197455 0.53879879402688813 -0.098116863718140782
p 2.4361787530246524 0.55012535537438545 -0.049740578494612497
p 2.4378444457898314 0.55399860842033732 0
L open 0 1
p 2.2556729401867739 0 0.42968750000000006
p 2.2581136234379717 -0.049852063012675751 0.42789371204245136
p 2.2651132747539742 -0.099020758420419755 0.42256738147956657
p 2.2758605509715664 -0.14701061945926527 0.41383759070720144
p 2.2893729627190269 -0.19357011301527699 0.40183195998007454
p 2.3047323227177459 -0.23860080355951588 0.38662539557279019
p 2.3211662752993303 -0.28203569125091749 0.36823232241233966
p 2.3380476690398941 -0.32377464282096663 0.3466136761087738
p 2.3548654191062703 -0.36365335975228674 0.32168365207208027
p 2.3711783822882113 -0.40139629968946744 0.29333525451462122
p 2.3865882802656069 -0.43660956224217862 0.26145014623255419
p 2.4007099524707676 -0.46875221383023202 0.22592856784397375
p 2.4131460090427947 -0.49710684931297633 0.18674793842438353
p 2.4234819442406237 -0.5207910982122097 0.14402461895029589
p 2.4312925105224723 -0.53879888451906599 0.098116576425915855
p 2.4361787625551932 -0.55012537758193525 0.049740435439975389
p 2.4378444457898314 -0.55399860842033721 0
L open 0 1
p 2.4378444457898314 0.55399860842033732 0
p 2.4361787607862331 0.55012537346003898 0.049740461996144958
p 2.4312925030151136 0.53879886715234049 0.098116631963817036
p 2.4234819298095029 0.52079106505776451 0.14402468912275396
p 2.413145978914784 0.49710678049586587 0.18674804632118755
p 2.4007099237384972 0.46875214841417201 0.22592864807361931
p 2.3865882574397621 0.43660951025270484 0.26145019820962034
p 2.3711784388194843 0.4013964297003525 0.29333514731428345
p 2.3548655158671554 0.36365358612320342 0.32168349701312771
p 2.3380478056911649 0.32377497223896767 0.34661348853652879
p 2.3211664738170641 0.2820361968513882 0.36823208511545474
p 2.3047324833886367 0.23860124780027614 0.38662522694881679
p 2.2893730767043028 0.19357047068730965 0.40183185364057006
p 2.2758606102429346 0.14701084861582975 0.4138375404601804
p 2.2651132900659126 0.099020840812545391 0.42256736938387679
p 2.2581136277189082 0.049852107386906257 0.42789370884970102
p 2.2556729401867739 0 0.42968750000000006
L open 0 1
p 2.4378444457898314 -0.55399860842033721 0
p 2.4361787643840738 -0.55012538174294534 -0.04974041000378128
p 2.4312925128199407 -0.53879888980536106 -0.098116560595214425
p 2.4234819640163416 -0.52079114367743562 -0.14402452294797455
p 2.4131460071060107 -0.49710684488572426 -0.18674794534353936
p 2.4007099384574939 -0.46875218191819468 -0.22592860686034494
p 2.3865882539480179 -0.43660950230012707 -0.26145020617172049
p 2.3711784342455182 -0.40139641902770512 -0.29333515616768524
p 2.35486550508453 -0.36365356060250587 -0.32168351457315819
p 2.3380478054068483 -0.32377497178850145 -0.34661348875092135
p 2.3211664670650394 -0.28203617937312392 -0.36823209334499218
p 2.3047324820285056 -0.23860124358293278 -0.38662522850012326
p 2.2893730794125489 -0.1935704797128969 -0.40183185100093155
p 2.275860623910007 -0.14701090049954812 -0.41383752902677151
p 2.2651132992894176 -0.099020890474285236 -0.42256736218057833
p 2.258113630190338 -0.049852132809322013 -0.42789370701658536
p 2.2556729401867739 0 -0.4296875
tt_parallel_offset done 8 0
L open 0 1
p -1.3972754037844393 -0.70927472703470396 0.25
p -1.4046391004703436 -0.53785418039796085 0.06385164007609602
p -1.2459505786501137 -0.84021791484915953 -0.052687754085678259
p -1.0297059144373426 -1.1168707713646868 -0.1369110030706043
p -0.75723446955712892 -1.3442891147077396 -0.20261474162671611
p -0.43547098124384032 -1.501695529254566 -0.24397004629761118
p -0.080584161045243338 -1.5588617673106169 -0.23922617291746504
p 0.25267844896537112 -1.4951962592106576 -0.12699457307819081
p 0.49989348566635899 -1.4310427591991457 0.12486393083894032
p 0.74704397251679477 -1.4951007101865803 0.37681190251513369
p 1.0802409616476143 -1.5588564374601259 0.48918395128810632
p 1.4351434951665605 -1.501803934712604 0.49399320483063347
p 1.7569490273656316 -1.3444767626474563 0.4526676137573763
p 2.0294716475183936 -1.1171145095640416 0.38698278612788545
p 2.2457720308809614 -0.84049968952571508 0.30277776461925959
p 2.4045150805000626 -0.53812192182296215 0.18630426515659648
p 2.3972754037844388 -0.70927472703470507 -2.7755575615628914e-17
L open 0 1
p 2.3972754037844388 0.70927472703470595 -2.7755575615628914e-17
p 2.4046152463994619 0.53790566906777926 0.1861783712453898
p 2.245918914752425 0.84026789330137786 0.30270372027892395
p 2.0296650809588335 1.1169132627884644 0.38692351658728519
p 1.7571856079691499 1.3443212423964372 0.45262379392919638
p 1.4354159303048384 1.5017137585184765 0.4939739434630136
p 1.0805275328510153 1.558860895287483 0.48921921242620625
p 0.7472767144859791 1.4951808280584851 0.37696508114245292
p 0.50007284608599889 1.4310427495678708 0.12509305888779376
p 0.2529128962530619 1.4951155594638483 -0.12684030049841621
p -0.080293430574214522 1.558857261942787 -0.23919041351589385
p -0.43519264195937946 1.5017876730822506 -0.24398973118965306
p -0.75699092410081426 1.3444492257489382 -0.20265985495360453
p -1.0295051877379797 1.1170796189044085 -0.13697250840755865
p -1.2457969286778749 0.84046040356969642 -0.052765216319958924
p -1.404531404897031 0.53808667712026015 0.063716242130512274
p -1.3972754037844393 0.70927472703470429 0.25
L open 0 1
p 2.3972754037844375 -0.70927472703470928 -2.7755575615628914e-17
p 2.34691848896815 -0.85567420707379405 -0.044226431259793107
p 2.2842284629448066 -0.99886459103905589 -0.082919308184040724
p 2.210355926616697 -1.137692933789034 -0.11763802630175416
p 2.1261951967449493 -1.2714032341240753 -0.1488437690468393
p 2.0325880255707238 -1.3994719760692789 -0.17658509641244141
p 1.9303732488577205 -1.5215815542137645 -0.20068787819757478
p 1.8204470580265002 -1.6375785782998555 -0.22079185592929723
p 1.7037607203827372 -1.7475190801158988 -0.23633548082228201
p 1.5813265976313404 -1.8516885854579996 -0.24648258138331361
p 1.4542397545284524 -1.9505791733442557 -0.24999232107108718
p 1.323694812408684 -2.0447835684428859 -0.24504091844612252
p 1.1910187703150568 -2.1346650450398701 -0.22905668308715427
p 1.0576602479081345 -2.2196788548718636 -0.19878909220257304
p 0.92502643044588306 -2.2974141485186279 -0.15101849436255732
p 0.79413285896006314 -2.3629944451299378 -0.084150809661132975
p 0.66522459621556129 -2.4098705850293789 8.3266726846886741e-17
L open 0 1
p 0.33477540378443982 -2.4098705850293789 0.25
p 0.20586701019371895 -2.3629943831874307 0.33415089858374614
p 0.074972070388031484 -2.2974133348036174 0.40101913996621019
p -0.057659678045635564 -2.2196792144807009 0.44878892432486134
p -0.19101747671852731 -2.1346658959883529 0.47905646419658254
p -0.32369284996564962 -2.0447849372750597 0.49504077039513089
p -0.45423713824005518 -1.9505811289877553 0.49999231387512411
p -0.58132341535983323 -1.8516911690790487 0.49648276145445075
p -0.7037567740769719 -1.7475226073413261 0.48633591006503352
p -0.82044254346176859 -1.637583072323944 0.47079256972765288
p -0.93036817287695628 -1.5215872349470303 0.45068893526968357
p -1.0325861771093601 -1.3994743294835654 0.42658556082647731
p -1.1261945749493492 -1.2714041544341137 0.39884399625903921
p -1.2103546353315346 -1.1376951536928659 0.36763854885630981
p -1.2842272074593721 -0.99886718273551534 0.33291998470619444
p -1.3469179666793722 -0.85567554193547057 0.29422680934826778
p -1.3972754037844377 -0.70927472703470773 0.25
L open 0 1
p -1.397275403784439 0.70927472703470584 0.25
p -1.3469177254137039 0.85567615795970031 0.29422698272818004
p -1.2842266999050573 0.99886823016233872 0.33292025748341036
p -1.2103538244086645 1.1376965508322252 0.36763888644833043
p -1.126193199512644 1.2714061774680283 0.39884445058522372
p -1.0325842903300111 1.3994767375717561 0.42658606210914818
p -0.93036635495530451 1.5215892733254954 0.45068931506311527
p -0.82044075390955107 1.6375848531308677 0.4707928524964593
p -0.70375505512788428 1.747524144470312 0.48633609721725102
p -0.58132180810184597 1.8516924737535227 0.49648285254043917
p -0.45423578314593915 1.9505821420656484 0.49999231006231104
p -0.32369176527352184 2.0447856950391503 0.49504068808895618
p -0.19101668067010413 2.1346664196488332 0.47905632958249988
p -0.05765918194732475 2.2196795193651697 0.44878878087440999
p 0.074972232163586089 2.2974134147590735 0.40101907270898784
p 0.20586689280799372 2.3629943314842885 0.33415096723998294
p 0.33477540378443804 2.4098705850293789 0.25
L open 0 1
p 0.66522459621556163 2.4098705850293789 8.3266726846886741e-17
p 0.79413473744526764 2.3629936109165577 -0.084151923759564554
p 0.92503263650426915 2.2974107622751685 -0.15102117766132783
p 1.057662671166157 2.2196773769073275 -0.19878978937707567
p 1.1910192577314591 2.1346647244799946 -0.22905676565477215
p 1.3236934278405064 2.044784534367162 -0.24504081392550292
p 1.4542365651924944 1.9505815574773311 -0.24999231222338231
p 1.5813217451773045 1.8516925249009801 -0.2464828560709279
p 1.7037541515249746 1.7475249540054416 -0.23633619607437209
p 1.820439164535026 1.6375864303850265 -0.22079310228010537
p 1.9303641277666022 1.5215917729576485 -0.20068978107519189
p 2.0325836129847854 1.3994776042312627 -0.17658625175261008
p 2.1261943213502623 1.2714045308182089 -0.14884409295817988
p 2.2103537607457264 1.1376966560399144 -0.11763889901271651
p 2.2842261690249561 0.99886932896058456 -0.082920550887714661
p 2.3469175324402278 0.85567665120664382 -0.044227122523066133
p 2.3972754037844379 0.70927472703470695 -2.7755575615628914e-17
L open 0 1
p 0.66522459621556129 -2.4098705850293793 8.3266726846886741e-17
p 0.64448427361100291 -2.4152693027476353 0.014926701827414042
p 0.62377797862158102 -2.41999159170435 0.030127864015748657
p 0.60310159961920906 -2.4240192008958439 0.045567645643136777
p 0.58245055172434035 -2.4273364443545025 0.061208753926123197
p 0.5618199310734393 -2.4299302955784006 0.077012625990442923
p 0.54120466908645171 -2.4317904819609337 0.092939610641799397
p 0.5205996867342767 -2.4329095792204418 0.10894915013664278
p 0.50000004847844548 -2.4332831058298234 0.12499996220902646
p 0.47940038761289683 -2.432909582102905 0.14105079197682768
p 0.45879539150479554 -2.4317904864179924 0.15706034236512528
p 0.43818012015463642 -2.4299303010553506 0.17298733457988852
p 0.41754949111342599 -2.4273364503887951 0.18879121345598421
p 0.39689843377658163 -2.4240192067713267 0.20443232925570495
p 0.37622204367782908 -2.4199915964207541 0.21987211946729585
p 0.35551573678310189 -2.4152693053053316 0.23507329060348295
p 0.33477540378443893 -2.4098705850293793 0.24999999999999994
L open 0 1
p 0.33477540378443893 2.4098705850293793 0.24999999999999994
p 0.3555157362013785 2.4152693051435472 0.23507329103939628
p 0.37622204032106382 2.4199915956993205 0.21987212196025593
p 0.39689842784864843 2.4240192057526837 0.20443233369985747
p 0.41754948390426272 2.4273364494264116 0.18879121892798723
p 0.43818011274785645 2.4299303002977402 0.17298734027963619
p 0.45879538350403914 2.4317904857860362 0.15706034858769757
p 0.47940037588692214 2.4329095815404798 0.14105080111566445
p 0.50000002599647597 2.4332831058277029 0.12499997973446041
p 0.52059967918307415 2.432909579504809 0.10894915603799926
p 0.54120466194147065 2.4317904822438625 0.092939616182733858
p 0.56181991986800639 2.429930296442647 0.077012634549267545
p 0.58245053852145401 2.4273364460215578 0.061208763903319918
p 0.60310158924356494 2.4240192027663099 0.045567653431652255
p 0.62377797497961673 2.4199915926706423 0.030127866777992875
p 0.64448427609895897 2.4152693022790275 0.014926700078962591
p 0.66522459621556129 2.4098705850293793 8.3266726846886741e-17
tt_through_hole done 6 0
L open 0 1
p 0 -1.59765625 -0.2968492998744271
p 0.062663659514595196 -1.5931288861397026 -0.29233000688887245
p 0.12269479843443735 -1.5799994593958755 -0.27851860349902335
p 0.17738592942898238 -1.5597220178476081 -0.25477014118354746
p 0.22403953919984712 -1.5349660209907845 -0.22046645552682698
p 0.26043516729637078 -1.5096136216007607 -0.17577050939033562
p 0.28559369209271424 -1.4880129047210093 -0.12223666246985117
p 0.29996516537665535 -1.4737171567189069 -0.062608324179970254
p 0.30458732307850611 -1.4687500002156806 1.3085450471282119e-05
p 0.29996144067486274 -1.4737210622475412 0.062632769272583558
p 0.28558634522448428 -1.4880198093574633 0.12225806300629301
p 0.26042557423398555 -1.5096211491736757 0.17578591988777464
p 0.2240291452969618 -1.53497242869495 0.22047630640913832
p 0.17737644159428007 -1.5597263010073652 0.25477551666725662
p 0.12268761544304209 -1.5800015762712627 0.27852092060739575
p 0.062659827082234332 -1.5931294430990843 0.29233057034043286
p 0 -1.59765625 0.29684929987442688
L open 0 1
p 0 -1.59765625 0.29684929987442688
p -0.062663623009530295 -1.5931288914526709 0.29233001223148031
p -0.12269473209601911 -1.5799994789374985 0.27851862494789115
p -0.17738583375787698 -1.559722061029764 0.25477019446495847
p -0.22403947453133435 -1.5349660605995692 0.22046651676189699
p -0.26043513053010375 -1.509613650471324 0.17577056843882802
p -0.28559366954992937 -1.4880129259144526 0.12223672817349496
p -0.29996515379464073 -1.4737171689768147 0.062608400980232584
p -0.30458732307556363 -1.4687500002135758 -1.2997547879846195e-05
p -0.29996145532289303 -1.4737210468354498 -0.062632672818312696
p -0.28558637884755222 -1.4880197779350128 -0.12225796573930868
p -0.26042563904354227 -1.5096210983765945 -0.17578581575687793
p -0.22402925092240142 -1.5349723636342325 -0.22047620632290094
p -0.17737659042973905 -1.5597262338270932 -0.25477543257484969
p -0.12268770936276736 -1.5800015486283541 -0.27852089012868686
p -0.062659881136310033 -1.5931294352149517 -0.29233056248792744
p 0 -1.59765625 -0.2968492998744271
L open 0 1
p -0.30458732327528026 1.46875 0
p -0.30344014232973793 1.4700012103078581 0.031493604263964359
p -0.29996347511541932 1.4737189387878258 0.062619487025962817
p -0.29405961713654066 1.4797905188420772 0.092999185435565013
p -0.28559066186918636 1.4880157527649436 0.12224549043671454
p -0.27441531904966865 1.4980930217313415 0.1499633278065442
p -0.26043119491414152 1.5096167388005872 0.17577689100741503
p -0.24361294943276759 1.5220920487101472 0.19936096117084318
p -0.22403520924144871 1.5349686902285546 0.22047055939152121
p -0.20187245014162461 1.5476875020255907 0.23895864622559848
p -0.17738193100110708 1.5597238229100787 0.25477240590478206
p -0.15087395050461536 1.5706204286769405 0.26793580221170921
p -0.12269178803306768 1.5800003465672698 0.27851957478236133
p -0.093174551875786119 1.5875745740612124 0.28662027365446952
p -0.062662049819732682 1.5931291201023843 0.29233024347306741
p -0.031492651857046625 1.5965177154368397 0.29572383878443326
p 0 1.59765625 0.2968492998744271
L open 0 1
p 0.3045873232752801 1.46875 0
p 0.30344014246718398 1.4700012104310038 -0.031493606075532143
p 0.299963475277846 1.4737189382634854 -0.062619483538423282
p 0.29405961782620088 1.4797905186818499 -0.092999184980118138
p 0.28559066339965167 1.4880157512667733 -0.12224548574084566
p 0.27441532430167093 1.4980930172489608 -0.14996331650470351
p 0.26043120948534038 1.509616727311168 -0.17577686760633421
p 0.24361296854020553 1.522092035358618 -0.19936093780717909
p 0.22403523859293278 1.5349686722639584 -0.22047053157352345
p 0.20187249075156258 1.5476874801766991 -0.23895861640255273
p 0.17738199078770167 1.5597237959312176 -0.25477237289772237
p 0.15087400319476732 1.5706204090304274 -0.26793577963178539
p 0.12269181816989136 1.580000337711766 -0.27851956492585167
p 0.093174572595690536 1.5875745695173351 -0.28662026892552772
p 0.062662068772436713 1.5931291173268463 -0.29233024075522229
p 0.031492667565533539 1.5965177143283453 -0.29572383756015019
p 0 1.59765625 -0.2968492998744271
L open 0 1
p 0 1.59765625 0.29684929987442699
p 0.031492708170890761 1.5965177114402258 0.29572383447037937
p 0.06266212703657717 1.5931291088208768 0.29233023231450783
p 0.09317464503407516 1.5875745536324199 0.28662025235923388
p 0.12269191740812785 1.5800003085124563 0.27851953266833057
p 0.15087415138637472 1.5706203538209542 0.26793571590391679
p 0.1773821531310131 1.5597237226463747 0.25477228044589378
p 0.20187262861767474 1.54768740679883 0.23895851524506484
p 0.22403533412525473 1.5349686133301308 0.220470441057869
p 0.24361303293024578 1.5220919899978911 0.19936085851789059
p 0.26043124340843593 1.5096167007839891 0.17577681309282259
p 0.27441534442553678 1.4980929997414023 0.14996327369141504
p 0.28559066863295035 1.488015746129727 0.12224546972126733
p 0.29405962155335486 1.4797905158857478 0.092999173654953388
p 0.29996347687012248 1.4737189359586682 0.062619468812621995
p 0.30344014329303565 1.4700012100174087 0.031493601204109142
p 0.3045873232752801 1.46875 0
L open 0 1
p 0 1.59765625 -0.29684929987442715
p -0.031492698046607794 1.5965177121604095 -0.29572383524058782
p -0.062662112494479047 1.5931291109438241 -0.29233023442130956
p -0.093174626940168009 1.5875745576001759 -0.28662025649740897
p -0.12269189262161162 1.5800003158056217 -0.27851954072479973
p -0.15087411439758511 1.5706203676011803 -0.26793573181077218
p -0.17738211265896109 1.5597237409164191 -0.2547723034952647
p -0.20187259412175987 1.5476874251555037 -0.23895854055434562
p -0.22403530577241448 1.5349686308434585 -0.22047046793445757
p -0.24361301058618942 1.5220920056434952 -0.1993608859697191
p -0.26043122683749437 1.5096167137822976 -0.17577683971343719
p -0.27441533226326981 1.4980930102727537 -0.14996329964086713
p -0.28559066045904247 1.488015753790378 -0.12224549345161112
p -0.29405961712255368 1.4797905204567385 -0.092999192689932786
p -0.2999634749404772 1.4737189379106428 -0.062619480999495908
p -0.30344014287293414 1.4700012105357607 -0.031493607761459291
p -0.30458732327528004 1.46875 0
tt_over done 4 0
L open 0 1
p 0 2.4000000000000004 0.30000000000000066
p 0.16626924407429605 2.3767241121085223 0.3219761069925216
p 0.31153230212293381 2.3083088308920505 0.37630230350511956
p 0.42249082369648555 2.1971651514080373 0.44003789770302298
p 0.48740260561676624 2.0486802479817645 0.48866488689795207
p 0.49711897327011512 1.8802724318730606 0.49695231393823469
p 0.46139419441034191 1.7216868440329556 0.45018594378003096
p 0.41350823421660032 1.5920995006581034 0.35202263231546582
p 0.39318694075438193 1.4970964728567129 0.21348584695975831
p 0.41802478538407606 1.4436928325703409 0.054643777661194562
p 0.46490142613919327 1.4386005693472412 -0.10823244893851282
p 0.49818058057440695 1.494537507140504 -0.26400561279557511
p 0.48428742168407851 1.610358095664524 -0.38551666651193739
p 0.4170787497373965 1.7481767259054408 -0.4570437074915531
p 0.30802186148309191 1.8738614075560511 -0.48969456882691259
p 0.16555131517184624 1.9652237935917203 -0.49922569976053616
p 0 1.9999999999999998 -0.50000000000000011
L open 0 1
p 0 -2.3999999999999999 0.29999999999999988
p -0.16626924407425625 -2.3767241121085334 0.32197610699251139
p -0.31153230212278976 -2.3083088308921504 0.37630230350504962
p -0.42249082369633845 -2.1971651514082526 0.44003789770292379
p -0.48740260561666904 -2.0486802479821802 0.48866488689786935
p -0.49711897327018228 -1.8802724318737254 0.49695231393830813
p -0.46139419441058294 -1.721686844033679 0.45018594378039833
p -0.41350823421683441 -1.5920995006587606 0.35202263231616782
p -0.39318694075435939 -1.4970964728572456 0.21348584696083697
p -0.41802478538374044 -1.4436928325705876 0.054643777662505638
p -0.46490142613879626 -1.4386005693470472 -0.10823244893712401
p -0.49818058057430292 -1.4945375071398281 -0.2640056127944912
p -0.48428742168434524 -1.610358095663676 -0.38551666651132988
p -0.41707874973781739 -1.7481767259048042 -0.45704370749132123
p -0.30802186148346816 -1.8738614075557183 -0.48969456882685752
p -0.1655513151720848 -1.9652237935916181 -0.49922569976053116
p 0 -2 -0.50000000000000011
L open 0 1
p 0 2 -0.50000000000000011
p -0.16553723405300508 1.9652298036264924 -0.49922596755525406
p -0.30799883007456702 1.8738817399461478 -0.48969793566818731
p -0.41705420619900652 1.7482138124602367 -0.45705718282328456
p -0.48427202865900798 1.6104070160512931 -0.38555169290127905
p -0.49818690720260328 1.4945786525630864 -0.2640715999790163
p -0.46492342801308451 1.4386113888215419 -0.10830945087291149
p -0.41803966152792305 1.4436818771258091 0.054585666914802086
p -0.39318799341966398 1.4970727316632177 0.21343777505350325
p -0.4134971844897104 1.5920684844033488 0.35198954650003017
p -0.46138286612986235 1.7216528444746311 0.45016865396382749
p -0.49711566914804339 1.8802397553556338 0.49694871505093469
p -0.48740850198002605 2.0486549433682177 0.48866992369711759
p -0.42250130901235938 2.1971498474769033 0.44004493740375533
p -0.3115424155757418 2.3083018118111269 0.37630720651964439
p -0.16627538835434685 2.3767223194761864 0.32197772062591629
p 0 2.3999999999999999 0.29999999999999927
L open 0 1
p 0 -2 -0.50000000000000022
p 0.16553723405275103 -1.9652298036266025 -0.49922596755525889
p 0.30799883007412598 -1.8738817399465379 -0.48969793566825204
p 0.41705420619858635 -1.7482138124608713 -0.45705718282351493
p 0.48427202865876084 -1.6104070160520789 -0.3855516929018416
p 0.49818690720269182 -1.4945786525636624 -0.26407159997993801
p 0.46492342801341169 -1.4386113888217036 -0.10830945087405594
p 0.4180396615282298 -1.4436818771255826 0.054585666913606723
p 0.39318799341968891 -1.4970727316626475 0.21343777505234796
p 0.4134971844893941 -1.5920684844024597 0.35198954649908265
p 0.46138286612950158 -1.7216528444735486 0.45016865396327727
p 0.49711566914793304 -1.8802397553545427 0.49694871505081489
p 0.48740850198022723 -2.048654943367354 0.48866992369728979
p 0.42250130901273003 -2.1971498474763633 0.44004493740400424
p 0.31154241557612883 -2.3083018118108583 0.3763072065198319
p 0.16627538835458919 -2.3767223194761162 0.32197772062598046
p 0 -2.4000000000000004 0.29999999999999982
tt_tilted done 10 0
L open 0 1
p 3 2.9043742242284343 1.9642721097936897
p 2.9109653704147123 2.8138205372334451 1.905035065703701
p 2.8112431692717763 2.717226495015352 1.8870564648621326
p 2.7176925071799527 2.6176243148527916 1.9168852638224136
p 2.6503915917480456 2.5191951077261918 1.9899896315004568
p 2.6250402317554622 2.4218057524872147 2.0872599984216431
p 2.6452889414125664 2.321172272973568 2.1825030248491761
p 2.7015888697288362 2.2175629334267359 2.2583558360476865
p 2.7817961611134066 2.1174064300366755 2.3149670441088546
p 2.8839723521613041 2.0320741134480049 2.357398597055345
p 3.0163995576059364 2.0049253789314703 2.3746606311693412
p 3.1311195022850367 2.0796763450051556 2.3562418051208796
p 3.2114372474118076 2.1925798517819963 2.3371157755798899
p 3.2708837616752611 2.3194642864345147 2.3317567185739616
p 3.313141499861513 2.4520632624605985 2.3476436125754327
p 3.3388790875260028 2.5813138321673583 2.3944424772160096
p 3.3476441182037537 2.6875194108739926 2.4843604418445051
L open 0 1
p 2.9999999999999996 1.0956257757715662 4.035727890206311
p 2.9109847237176938 1.1861607079489844 4.0949568877867293
p 2.8112831169772114 1.2827339595526217 4.1129457303954293
p 2.7177426529719044 1.3823160871315612 4.0831467587716448
p 2.6504299899228743 1.4807272367973863 4.0100816809238111
p 2.6250421885533277 1.5780962484154952 3.9128401208728651
p 2.6452404091867168 1.6787048159215665 3.8176007906602472
p 2.7014917029391983 1.782293169747313 3.7417350577243704
p 2.7816546934033233 1.8824438641695735 3.6851100277483289
p 2.8837739551777277 1.9678073861001575 3.642660172555336
p 3.0161470299791211 1.995133256202277 3.6253288587368293
p 3.1309374902980469 1.9205196518572496 3.64371403312161
p 3.2113053428334899 1.8076532827741614 3.6628581871618024
p 3.2708089454488087 1.6807291999690102 3.668249162403157
p 3.3131091765678713 1.5480630579480978 3.6523842476063546
p 3.338870808645499 1.4187444388564654 3.6055892425233158
p 3.3476441182037537 1.3124805891260074 3.5156395581554949
L open 0 1
p 3.3476441182037542 1.3124805891260074 3.5156395581554949
p 3.3388836783629467 1.2559047522545943 3.3885411375691636
p 3.3131284607925409 1.2471635979146423 3.2512688637685785
p 3.2708356518410815 1.2690676437375723 3.1194570830342059
p 3.2113813113190703 1.309747062487687 2.9991772490107516
p 3.130897318797377 1.3598014875134248 2.896022440600345
p 3.0158919638057355 1.3983480944589166 2.829526508397052
p 2.8834903872852644 1.3739039790606564 2.8510994453027738
p 2.7813471641491407 1.30912642998316 2.921288799351502
p 2.7012304941875893 1.2266330647379271 3.0016159182440774
p 2.6451099919325958 1.1247794413443264 3.0797545273241509
p 2.6250476858216549 1.0052078993692208 3.1496100972678955
p 2.6505333622364162 0.88468276743414154 3.2158257585927421
p 2.7178774295985737 0.7871002607734181 3.2898251187678422
p 2.8113902421186858 0.73070230245524581 3.3770507547174375
p 2.9110366159907146 0.72097302614730341 3.4747521124169589
p 2.9999999999999978 0.75247644261797741 3.5781954460015259
L open 0 1
p 2.7026261129638316 2.7715404383506774 2.9999999999999982
p 2.6742441696659451 2.8134785234701312 2.9648792625797769
p 2.6512272968089854 2.8594507734824357 2.93091848751641
p 2.6347803040926348 2.9092813315549995 2.8986309548219635
p 2.6261159353103056 2.9620944855899198 2.8681184593762148
p 2.6261251469163676 3.0163432113682536 2.8389286188502076
p 2.6351745498196477 3.0700481089042411 2.8101434698474215
p 2.6530641744817318 3.121082557837846 2.780652266667754
p 2.6790652369645009 3.1673906237540734 2.7494549472940411
p 2.7119853156636538 3.2071646257886641 2.7158728069713312
p 2.7502748582434351 3.2390053824908498 2.679631113532178
p 2.7921901063619456 3.2620369560074174 2.6408196352919755
p 2.8359713438268095 3.2759267191211769 2.5997784656738885
p 2.8799863118981119 3.2808160004182301 2.5569582507806681
p 2.9227948334389371 3.2772003994244718 2.5128076593808508
p 2.9631620636396008 3.2658107096609079 2.467680862289523
p 3 3.2475235573820198 2.4218045539984683
L open 0 1
p 3.211881708862955 2.6905955051242563 3
p 3.1894714182356863 2.6755113104404935 3.0344005369105571
p 3.1648873343655435 2.65981126347054 3.06691474506452
p 3.1376992957200445 2.643894131449541 3.0972480153840145
p 3.1073955090611305 2.628452542571738 3.1247129716014479
p 3.0732411745037012 2.6146181390035372 3.1481522044090999
p 3.034485776458355 2.6043323961048515 3.1655179891981433
p 2.9918198455405429 2.6004580448957353 3.1737431501436295
p 2.9484883891296363 2.6048116700706538 3.1711255379368173
p 2.9078956069524069 2.6161521266855772 3.1595998669946663
p 2.870996204102068 2.6320395480153236 3.1424239459773053
p 2.8372877318724061 2.6508315819091464 3.1218481302803904
p 2.8062273680073297 2.6716567232223705 3.0992055765446467
p 2.7773528105390572 2.6941850128228269 3.0752317084141834
p 2.7504663586119094 2.7183055949778585 3.0504498729342018
p 2.7255310946989035 2.7440485698895136 3.0252639675829536
p 2.7026261129638307 2.7715404383506761 2.9999999999999996
L open 0 1
p 3.3476441182037542 2.6875194108739926 2.4843604418445051
p 3.347093473140013 2.7068735855045136 2.5136136879309325
p 3.3454463611520779 2.7227086319595344 2.5448630089586795
p 3.342712671897762 2.7350431400999673 2.5775891423679491
p 3.3389052510569979 2.744058305059327 2.6112897708187015
p 3.3340414152170732 2.7500307286237069 2.645507594344314
p 3.3281412189034474 2.7532817952866644 2.6798731009432442
p 3.321209519172259 2.7541332810613413 2.7141761029763956
p 3.313247741533957 2.75286803467292 2.7482542523664075
p 3.3042580168719544 2.7497319108157194 2.781966784329303
p 3.294242203672936 2.7449397661353223 2.8151945151130868
p 3.2831994913029297 2.7386800554695889 2.8478393623750482
p 3.2711225886960942 2.7311183679988611 2.8798233729469604
p 3.2579925028232211 2.7224002429557044 2.9110872427374539
p 3.2437719113068506 2.7126536045444478 2.9415883135206915
p 3.22841704499288 2.7020054086903729 2.9712602702606503
p 3.2118817088629545 2.6905955051242567 3
L open 0 1
p 2.9999999999999996 0.75247644261797941 3.5781954460015304
p 3.0105927157326473 0.75942937129617549 3.5926196364363951
p 3.0207157460747385 0.76692657992598101 3.6071083486195428
p 3.0303392113085894 0.77493644046105692 3.6216632384402212
p 3.0394340182815101 0.78342767581967332 3.6362887313329666
p 3.0479694460377873 0.79236744597901976 3.650988491612071
p 3.0559136115351602 0.80172137905509866 3.6657652066721851
p 3.0632341349119692 0.8114539045320901 3.6806210207946739
p 3.0698985130151653 0.82152841601180571 3.6955573018608394
p 3.0758745979170863 0.83190757572756557 3.71057427754765
p 3.0811311679754487 0.84255372926688565 3.7256705654109137
p 3.0856385789909915 0.85342939894737069 3.7408426212608896
p 3.0893694830171832 0.86449782429019884 3.7560841302352115
p 3.092299602376483 0.87572351803559845 3.7713853649741602
p 3.0944085464375619 0.88707280614470374 3.7867325353031864
p 3.0956806587078933 0.89851432023217526 3.8021071538276048
p 3.0961058817962455 0.91001941087399274 3.8174854418445054
L open 0 1
p 3 3.2475235573820203 2.4218045539984701
p 3.0105927157326402 3.2405706287038303 2.4073803635636146
p 3.0207157460747243 3.2330734200740308 2.3928916513804794
p 3.0303392113085694 3.225063559538961 2.378336761559809
p 3.0394340182814914 3.2165723241803441 2.3637112686670609
p 3.0479694460377731 3.2076325540209956 2.3490115083879513
p 3.0559136115351486 3.1982786209449152 2.3342347933278353
p 3.0632341349119603 3.1885460954679239 2.3193789792053474
p 3.0698985130151573 3.1784715839882063 2.3044426981391801
p 3.0758745979170796 3.1680924242724453 2.2894257224523678
p 3.0811311679754469 3.1574462707331241 2.2743294345890988
p 3.0856385789909888 3.1465706010526375 2.259157378739121
p 3.0893694830171801 3.1355021757098087 2.2439158697647992
p 3.092299602376483 3.124276481964408 2.2286146350258482
p 3.0944085464375588 3.1129271938553003 2.2132674646968198
p 3.0956806587078929 3.1014856797678227 2.1978928461723939
p 3.096105881796245 3.0899805891260077 2.1825145581554946
L open 0 1
p 3.0961058817962455 0.91001941087399274 3.8174854418445054
p 3.0956806591802706 0.92156113495536551 3.8328362403049656
p 3.0944085475526704 0.93311714383097111 3.8481249858117215
p 3.0922996034074024 0.9446726299677114 3.8633175143182221
p 3.0893694827821898 0.95621862680286696 3.8783785334151717
p 3.0856385763190692 0.96775132290990107 3.893271852730515
p 3.0811311621072646 0.9792713151722594 3.907960679064435
p 3.0758745887815451 0.99078283327299299 3.9224079527732472
p 3.0698985013492628 1.0022929678080343 3.9365767019161302
p 3.0632341222192121 1.0138109343309367 3.9504303906785152
p 3.0559135999055638 1.0253474056369292 3.9639332385861614
p 3.0479694378799271 1.0369139445940789 3.9770504870236572
p 3.0394340160448556 1.0485225698294229 3.9897485895714158
p 3.030339217301842 1.0601854865778555 4.0019953026749189
p 3.0207157530658879 1.0719154193781941 4.0137601375289016
p 3.0105927193164996 1.0837253688821105 4.0250143015347071
p 3 1.0956257757715642 4.0357278902063101
L open 0 1
p 3.0961058817962455 3.0899805891260073 2.1825145581554946
p 3.0956806590177157 3.0784388626247789 2.1671637565301736
p 3.0944085471676002 3.0668828534081944 2.1518750105965294
p 3.0922996030471155 3.0553273683872231 2.1366824835237717
p 3.0893694828497447 3.0437813735042432 2.1216214669375781
p 3.0856385772138877 3.0322486796414001 2.1067281505095536
p 3.0811311640878261 3.0207286894755705 2.0920393268335977
p 3.0758745918706847 3.0092171729869781 2.0775920550663391
p 3.069898505293144 2.9977070393285841 2.0634233068087817
p 3.0632341265015568 2.9861890727632749 2.0495696177063181
p 3.0559136038092616 2.9746526003760092 2.0360667682442872
p 3.0479694405787234 2.9630860592679058 2.0229495172161869
p 3.0394340166982743 2.951477430939438 2.0102514113417476
p 3.0303392151171384 2.9398145105697693 1.9980046945119789
p 3.0207157505629181 2.9280845776396864 1.986239859558053
p 3.0105927180043475 2.9162746296169404 1.9749856970694153
p 3 2.9043742242284343 1.9642721097936895
tt_miss done 0 0
tt_side_touch done 0 0
tt_saddle_touch done 4 0
L open 0 1
p 2.4479166666666674 0.5076455387921337 0
p 2.4407608738188702 0.51197653019566114 0.077995542420301656
p 2.4198869235994147 0.52499632718728284 0.15248397885157616
p 2.387018415672185 0.54691718699277769 0.22025827469599785
p 2.3449693151772948 0.57843801122503757 0.27849725709129181
p 2.2978722612919311 0.6208988806397121 0.32463395154291985
p 2.2515482568457323 0.67557911762266731 0.35636589133169672
p 2.2125628105583268 0.74161266862598141 0.37249024300286482
p 2.1848356591706426 0.8149396360148905 0.37397868688275127
p 2.1679311391559626 0.89077955594144831 0.36304182208112368
p 2.1592912621165476 0.96570711848625768 0.34129319496359095
p 2.1563468004562858 1.0373224218487582 0.30926717770156387
p 2.1570498979011208 1.1033454082028855 0.26681845229155554
p 2.1597572877064719 1.1610213094592496 0.21367211416248286
p 2.1630489790204139 1.2068376222694202 0.15009013355566825
p 2.1656698347840551 1.2367565830539125 0.077665941770003202
p 2.166666666666667 1.2472191289246473 0
L open 0 1
p 2.166666666666667 1.247219128924647 0
p 2.1656698447699427 1.2367567320173936 -0.07766552543399767
p 2.1630490129318289 1.2068380372198089 -0.15008939726234166
p 2.1597573090823303 1.1610216593402654 -0.21367172616601121
p 2.1570499055728893 1.1033456945002971 -0.26681823512592162
p 2.1563467986091407 1.0373225831576836 -0.30926709096837351
p 2.1592912552826506 0.96570721196556542 -0.34129316103827784
p 2.1679311283172309 0.89077962347180195 -0.36304180773909472
p 2.1848356527345278 0.81493965873670504 -0.37397868526866734
p 2.2125628098172996 0.74161267031456746 -0.3724902432301781
p 2.2515482383918828 0.67557914336673908 -0.3563659014457643
p 2.2978722458097591 0.62089889541947563 -0.32463396417385404
p 2.3449693046044287 0.57843801979041398 -0.27849726933663782
p 2.3870184098357585 0.5469171909476277 -0.22025828417371546
p 2.4198869218289567 0.524996328322068 -0.15248398351911235
p 2.4407608733879411 0.51197653044522951 -0.077995544662770852
p 2.4479166666666665 0.50764553879213326 0
L open 0 1
p 2.4479166666666674 -0.50764553879213326 0
p 2.4407608828401948 -0.51197652472155153 -0.077995493832000468
p 2.4198869584401246 -0.52499630492418037 -0.15248388723210818
p 2.3870184927208542 -0.54691713341934356 -0.22025814661906534
p 2.3449694403218824 -0.57843790996082922 -0.27849711208725836
p 2.2978724276695992 -0.62089871216265002 -0.3246338148954368
p 2.2515484411423232 -0.67557886103692044 -0.35636579017944059
p 2.212562991518658 -0.7416122884480687 -0.37249019718413456
p 2.1848357925652264 -0.81493917753385781 -0.37397871800473476
p 2.1679312139048013 -0.89077909677831502 -0.36304192243583749
p 2.1592912994246802 -0.96570661307937722 -0.34129337995188835
p 2.1563468064040641 -1.0373219680966239 -0.30926742047157141
p 2.1570498870805657 -1.1033450765356225 -0.26681870707567457
p 2.1597572749575757 -1.1610211025078385 -0.21367234546041652
p 2.1630489717434802 -1.2068375331412897 -0.15009029177231795
p 2.1656698324387054 -1.2367565579330639 -0.07766603396216934
p 2.1666666666666661 -1.2472191289246477 0
L open 0 1
p 2.166666666666667 -1.2472191289246466 0
p 2.1656698514899246 -1.2367568040225092 0.077665261273297925
p 2.1630490348527198 -1.2068383056215426 0.15008892086906409
p 2.1597573428207486 -1.1610222077035695 0.21367111397287081
p 2.1570499328768906 -1.103346565314927 0.26681756813069696
p 2.156346784297912 -1.0373237930009513 0.30926644107438772
p 2.1592911439144413 -0.96570873152160785 0.34129260625490077
p 2.1679308427158666 -0.89078138522415218 0.36304142453091415
p 2.1848351651587752 -0.81494132988455703 0.37397857238792909
p 2.2125621440747216 -0.74161406660145957 0.37249041070774991
p 2.2515475082495122 -0.67558016000380605 0.35636630215338999
p 2.2978715622433628 -0.62089958800873224 0.32463452556125927
p 2.3449687852202543 -0.57843843997371081 0.27849787118776564
p 2.387018083210243 -0.54691741905265423 0.22025882931471602
p 2.4198867653589735 -0.52499642826960713 0.15248439485716522
p 2.4407608325705255 -0.51197655533524777 0.077995765306731579
p 2.447916666666667 -0.50764553879213314 0
tt_saddles_touch done 8 0
L open 0 1
p 0.375 1.4523687548277815 0
p 0.3871304576987587 1.45996904308761 0.10156278028489185
p 0.42123220894429736 1.4812946960697779 0.19601296327404577
p 0.47221825777287252 1.5132268951019894 0.27917283848661206
p 0.53510777873013504 1.5531608175579317 0.34982434130880646
p 0.60588245418752551 1.5998081873492214 0.40780267760825745
p 0.68114745241673491 1.653227966554627 0.45285472234120083
p 0.75738745526040063 1.7145699669078196 0.48396833776926845
p 0.83019064082373228 1.7853179581579119 0.4990320033307406
p 0.89417414362048131 1.8653869774205494 0.49526796247129057
p 0.94499522572842243 1.9510802618022165 0.47097161651759678
p 0.98191971806355571 2.0360020854770537 0.42683091062512624
p 1.0072326819989297 2.1139432762704571 0.36507903184472068
p 1.0238878664615523 2.1800118722394064 0.28834063240607788
p 1.0342479286357307 2.2303385477973086 0.19951064513080194
p 1.0398821937627267 2.2618913775020184 0.10202917567095879
p 1.041666666666667 2.2726483572157736 0
L open 0 1
p 0.37499999999999978 -1.452368754827781 0
p 0.38713045769879256 -1.4599690430876295 -0.10156278028503254
p 0.42123220894442093 -1.4812946960698556 -0.19601296327429743
p 0.47221825777309512 -1.5132268951021297 -0.27917283848690899
p 0.53510777873039062 -1.5531608175580989 -0.34982434130905021
p 0.60588245418779452 -1.5998081873494021 -0.40780267760844596
p 0.68114745241698227 -1.6532279665548129 -0.45285472234132507
p 0.75738745526061102 -1.714569966908003 -0.48396833776933423
p 0.83019064082388838 -1.7853179581580823 -0.49903200333075431
p 0.89417414362058567 -1.8653869774207008 -0.49526796247126531
p 0.94499522572849004 -1.9510802618023482 -0.47097161651754371
p 0.98191971806359346 -2.0360020854771572 -0.42683091062505918
p 1.0072326819989477 -2.1139432762705233 -0.36507903184465829
p 1.0238878664615603 -2.180011872239441 -0.28834063240602925
p 1.0342479286357338 -2.2303385477973237 -0.19951064513076766
p 1.0398821937627274 -2.2618913775020224 -0.10202917567094041
p 1.0416666666666676 -2.2726483572157736 0
L open 0 1
p 1.041666666666667 2.2726483572157736 0
p 1.0398821969804557 2.2618913968944785 -0.10202908734221497
p 1.0342479408772407 2.2303386129819294 -0.19951049760667208
p 1.0238879074264788 2.1800120550360722 -0.28834037341739094
p 1.0072327675138337 2.1139435814383511 -0.36507873961976478
p 0.98191988214796755 2.0360025268686655 -0.4268306245781307
p 0.94499552128318909 1.9510808470888719 -0.47097138275190376
p 0.89417461162977241 1.8653876555411926 -0.49526784962527903
p 0.83019129749461973 1.7853186751763661 -0.49903206111501891
p 0.75738829841070077 1.7145707039572224 -0.48396860094978511
p 0.68114836932720535 1.6532286524195712 -0.45285518267240998
p 0.60588339512562339 1.5998088258661596 -0.40780333761602899
p 0.53510865051726175 1.5531613785360519 -0.3498251729206292
p 0.47221898510938043 1.5132273523416471 -0.27917380889860399
p 0.42123269295934229 1.4812949990074595 -0.19601395888571355
p 0.38713055865381019 1.4599691064374403 -0.10156320088892365
p 0.37499999999999983 1.4523687548277815 0
L open 0 1
p 1.0416666666666676 -2.2726483572157736 0
p 1.0398821969804584 -2.2618913968944949 0.1020290873421395
p 1.0342479408772522 -2.2303386129819893 0.19951049760653533
p 1.0238879074265024 -2.1800120550361788 0.28834037341723828
p 1.0072327675138877 -2.1139435814385434 0.36507873961958087
p 0.98191988214807535 -2.0360025268689563 0.42683062457794241
p 0.94499552128334585 -1.9510808470891821 0.47097138275177974
p 0.8941746116299768 -1.8653876555414892 0.49526784962522974
p 0.83019129749485288 -1.7853186751766212 0.49903206111503945
p 0.75738829841091471 -1.7145707039574085 0.48396860094985183
p 0.68114836932734391 -1.6532286524196755 0.45285518267247948
p 0.60588339512568001 -1.5998088258661971 0.40780333761606852
p 0.53510865051730405 -1.5531613785360794 0.34982517292067017
p 0.47221898510941002 -1.5132273523416659 0.27917380889864352
p 0.42123269295936422 -1.4812949990074724 0.19601395888575923
p 0.38713055865381607 -1.4599691064374443 0.10156320088894763
p 0.37500000000000022 -1.4523687548277817 0
L open 0 1
p 2.1666666666666674 1.247219128924647 0
p 2.1482485743230106 1.2474138332556188 0.12488563976129563
p 2.0962055364862753 1.2461845363051722 0.23995630962482983
p 2.0178292046714397 1.2387543961853129 0.33878366982525732
p 1.9213178207365531 1.2180816987964058 0.41764596732099257
p 1.816349569929083 1.1747644752110751 0.47263477431645956
p 1.7180085688034634 1.1004687447744912 0.49837799894369927
p 1.6426299635389665 0.99953631857833058 0.49401014677495725
p 1.5924505735842016 0.88662656403396489 0.46748514713344913
p 1.5599550636500819 0.77121180787514487 0.42719284515435252
p 1.538484640606655 0.65661032764495075 0.37802572126960621
p 1.5239798680088716 0.54364506488055808 0.32265955617234776
p 1.5140953292232866 0.43244988471946622 0.26281289038270655
p 1.5074352258768695 0.32282697152011364 0.19970881472635796
p 1.5031578030540231 0.21442691160555197 0.13430288279972447
p 1.5007668671694687 0.10685774835198071 0.067419979206332553
p 1.5000000000006448 0 -8.0292308373645751e-07
L open 0 1
p 2.1666666666666661 -1.2472191289246479 0
p 2.1482519682232324 -1.2474138265762866 -0.12487427358858275
p 2.0962179807165366 -1.2461851604504739 -0.23993617073674417
p 2.0178541570617732 -1.2387579579717993 -0.33875856448456176
p 1.9213563537938225 -1.2180930534265506 -0.41762054178921759
p 1.8163988484418607 -1.1747917699415622 -0.47261537068501774
p 1.7180587771542242 -1.1005195452016743 -0.49837236773628657
p 1.6426708576923663 -0.99960855622928491 -0.49402146310359119
p 1.5924808441669636 -0.88671365397748969 -0.46751124935007721
p 1.5599770598668863 -0.77130888061433556 -0.42723099734628411
p 1.5385009923162078 -0.65671675866868839 -0.37807490279757611
p 1.523991985619382 -0.54375915992285373 -0.32271844197664318
p 1.5141042126266688 -0.43257096394701167 -0.26288052795425387
p 1.507441503963632 -0.32295448906318741 -0.19978418956120497
p 1.5031619046052194 -0.21456207735431712 -0.13438588982325661
p 1.5007689445215853 -0.10700129515689007 -0.067510109311765112
p 1.5000000004811216 0 2.1934492126951532e-05
L open 0 1
p 1.5000000001392271 0 1.1799453535410453e-05
p 1.5007705036108261 0.10710821666774298 -0.067577236477150734
p 1.5031645509276368 0.21464879389930286 -0.13443913426409293
p 1.5074453066876643 0.32303179353120381 -0.19982988460884255
p 1.5141096009895028 0.43264439864764181 -0.26292154938940998
p 1.5239946913803815 0.54378458737750024 -0.32273156106415929
p 1.538501638472682 0.65672087586411554 -0.37807679006641731
p 1.5599873634058052 0.77135432710907181 -0.42724885095875992
p 1.5925032338980314 0.88677805922327535 -0.46753053554378521
p 1.642697367150423 0.99965539092990707 -0.49402879863767002
p 1.7180913588398865 1.1005524980677861 -0.4983687106225746
p 1.8164304865776888 1.1748092899638034 -0.47260290994006182
p 1.9213811662301548 1.2181003635520649 -0.41760416749415885
p 2.0178702474916337 1.2387602539273725 -0.33874237350751613
p 2.0962260429950019 1.2461855646671218 -0.23992312227757456
p 2.1482541693395842 1.2474138222446867 -0.12486690147787773
p 2.1666666666666674 1.247219128924647 0
L open 0 1
p 1.5000000000621474 0 -7.8833544477359736e-06
p 1.5010329800983953 -0.12386315197663851 0.078084459209561058
p 1.5036048988049806 -0.22863549203642536 0.14301115487411242
p 1.5073639054822494 -0.32137383232793293 0.19884958294200339
p 1.5129797767118089 -0.41682937628630229 0.2540458224554813
p 1.5211018117783461 -0.51526508602728271 0.30784272969455539
p 1.5330483631281424 -0.6189860321988867 0.3602706892151365
p 1.551796973754962 -0.73273832623669544 0.41157926014767343
p 1.5778832448404907 -0.84088169577800342 0.45281192043433283
p 1.6173026414985627 -0.94939173764208418 0.48421830478722361
p 1.6768747830563879 -1.0523896920621962 0.49959000115312341
p 1.7583192159012153 -1.1363996667750262 0.49116411051582975
p 1.85167757364019 -1.1924430612937948 0.45719614894870814
p 1.9578263637239923 -1.2276429482424183 0.39159961872325383
p 2.0618988024230163 -1.2438192522564024 0.28901158971805763
p 2.1398810480997534 -1.247396839414227 0.15018514366133301
p 2.1666666666666674 -1.2472191289246466 0
tt_perpendicular_touch done 0 0
tt_side_touch_near done 0 0
tt_saddles_near done 8 0
L open 0 1
p 0.37499904632553194 1.4523690010651364 0
p 0.38712949693062931 1.4599692974520448 0.10156277843983039
p 0.42123122828967108 1.4812949738208343 0.19601296075616256
p 0.47221724799401144 1.5132272095297314 0.27917283751660321
p 0.53510673348204985 1.5531611794277951 0.34982434300109577
p 0.60588136898175859 1.5998086041158126 0.40780268144007414
p 0.68114632470909053 1.6532284404586748 0.45285472635588797
p 0.75738628641962447 1.7145704909285724 0.48396833959662777
p 0.83018944192921629 1.7853185120096942 0.49903200312484286
p 0.89417294193475128 1.8653875326278504 0.49526796507318949
p 0.94499405628749544 1.9510807987493926 0.47097162596999309
p 0.98191860217877136 2.036002599521725 0.42683092388112454
p 1.007231621547694 2.1139437685979394 0.36507904278193515
p 1.0238868523840838 2.1800123443092865 0.28834063780759406
p 1.0342469481612426 2.2303390020832623 0.19951064591763457
p 1.0398812334066745 2.261891819208504 0.10202917483347423
p 1.0416657129921985 2.2726487943315075 0
L open 0 1
p 0.37499904632553188 -1.452369001065136 0
p 0.38712949693064214 -1.4599692974520515 -0.10156277843988212
p 0.42123122828971582 -1.4812949738208634 -0.19601296075625754
p 0.47221724799411025 -1.5132272095297936 -0.27917283751673477
p 0.53510673348217064 -1.5531611794278737 -0.34982434300121235
p 0.60588136898189482 -1.5998086041159048 -0.4078026814401694
p 0.68114632470919523 -1.6532284404587543 -0.45285472635594054
p 0.75738628641969874 -1.7145704909286374 -0.48396833959665109
p 0.8301894419293 -1.7853185120097861 -0.4990320031248503
p 0.89417294193482511 -1.8653875326279568 -0.49526796507317183
p 0.94499405628753586 -1.9510807987494738 -0.47097162596996067
p 0.98191860217879157 -2.0360025995217796 -0.42683092388108929
p 1.0072316215477057 -2.1139437685979816 -0.36507904278189529
p 1.0238868523840889 -2.1800123443093149 -0.28834063780755304
p 1.034246948161246 -2.2303390020832783 -0.19951064591759748
p 1.0398812334066754 -2.2618918192085071 -0.102029174833454
p 1.0416657129921985 -2.272648794331507 0
L open 0 1
p 1.0416657129921987 2.2726487943315075 0
p 1.0398812366337211 2.2618918386555893 -0.10202908624472404
p 1.0342469604449276 2.2303390674911054 -0.19951049788711286
p 1.0238868934438823 2.1800125275281568 -0.28834037822026326
p 1.0072317072531065 2.1139440744375078 -0.36507874991286149
p 0.98191876660104715 2.036003041821445 -0.42683063724553294
p 0.94499435240587171 1.9510813851491522 -0.47097139176034125
p 0.8941734108482754 1.8653882120568963 -0.49526785200892642
p 0.83019009981980429 1.7853192303606948 -0.49903206101629183
p 0.7573871310340875 1.7145712292549231 -0.4839686032352748
p 0.68114724328769372 1.6532291275708277 -0.45285518752380455
p 0.60588231170853857 1.5998092438474349 -0.40780334270287066
p 0.53510760705209259 1.5531617415540839 -0.34982517631413723
p 0.47221797692310907 1.5132276677713667 -0.27917381005403463
p 0.4212317132948914 1.4812952773785824 -0.19601395840424299
p 0.38712959810648562 1.4599693609404505 -0.10156319996320784
p 0.37499904632553194 1.4523690010651364 0
L open 0 1
p 1.0416657129921989 -2.2726487943315079 0
p 1.0398812366337178 -2.2618918386555675 0.10202908624482743
p 1.0342469604449118 -2.2303390674910206 0.19951049788730302
p 1.0238868934438465 -2.1800125275279969 0.28834037822049069
p 1.0072317072530375 -2.1139440744372608 0.36507874991309719
p 0.98191876660092414 -2.0360030418211146 0.42683063724574705
p 0.94499435240567387 -1.9510813851487607 0.47097139176049774
p 0.89417341084799185 -1.8653882120564862 0.49526785200899487
p 0.83019009981947178 -1.7853192303603311 0.49903206101626235
p 0.75738713103375055 -1.7145712292546289 0.48396860323516983
p 0.68114724328737153 -1.6532291275705866 0.45285518752364307
p 0.60588231170824713 -1.5998092438472371 0.40780334270266605
p 0.535107607051867 -1.5531617415539403 0.34982517631392362
p 0.47221797692295336 -1.513227667771269 0.2791738100538268
p 0.42123171329480502 -1.4812952773785288 0.19601395840406655
p 0.38712959810646136 -1.4599693609404352 0.10156319996310795
p 0.37499904632553188 -1.452369001065136 0
L open 0 1
p 2.1666671435036733 1.2472183005639523 0
p 2.1471945061501398 1.2474145220462671 0.12836604409509489
p 2.0923417090572682 1.2459817391604915 0.24611260771613591
p 2.0101127087852362 1.237612003793765 0.34640663868597249
p 1.9094743660264941 1.2144551937725967 0.42526622686303878
p 1.8013873627222965 1.166099371542582 0.47824697061761934
p 1.7030965574408439 1.08459850475188 0.49963385738801869
p 1.6307242735632328 0.9773810837784529 0.49013998912112394
p 1.5837148423742704 0.86016440494195234 0.45922467795148891
p 1.5535534678094627 0.74146065503565073 0.41520364563369427
p 1.5337359159685722 0.62400309912000662 0.36268055840191848
p 1.5204405935320675 0.50834680478495953 0.30418160328029925
p 1.5114891429934061 0.3945238850077083 0.24139057415300319
p 1.505593548983055 0.28225263735529438 0.17552584338498484
p 1.5019899248259965 0.17111663933345481 0.10755856271446115
p 1.500246720403293 0.060691379552027365 0.038362186570298905
p 1.5000005722049536 0 0.00075644208385456735
L open 0 1
p 2.1666671435036733 -1.2472183005639519 0
p 2.1471344836312172 -1.2474145771888849 -0.12856115808189528
p 2.0921222512411157 -1.245969792202664 -0.24645654669673456
p 2.0096755983127559 -1.2375449532641993 -0.34683014857629774
p 1.9088063240921116 -1.2142425134057699 -0.42568460873455022
p 1.8005523206191034 -1.1655930145890889 -0.47854363003809353
p 1.702282149833948 -1.0836848503970504 -0.499677561884385
p 1.6300858166010022 -0.97612627087264614 -0.48989807118356865
p 1.5832497978427207 -0.85867713161797421 -0.45874150964507043
p 1.5532138381518146 -0.73979356096802773 -0.41451474105163755
p 1.5334846656866028 -0.62217709172801061 -0.36180516219577735
p 1.520254339680805 -0.50637138855288244 -0.30313246833451302
p 1.5113532429453542 -0.39240123140808192 -0.24017801757157625
p 1.5054992782695891 -0.27998069843895701 -0.17416032653425279
p 1.501932871879583 -0.16869008640287569 -0.10605189138716445
p 1.5002261271349624 -0.058102918235598752 -0.03672907578478251
p 1.5000005722049536 0 -0.00075644208385017286
L open 0 1
p 1.5000005722049536 0 -0.00075644208385455824
p 1.5003059692838838 0.067582960174591297 -0.042708719538849658
p 1.5021459939474955 0.1775726246504053 -0.11156321871955241
p 1.5058488019011749 0.288296088812033 -0.17915254664945421
p 1.5118566613156075 0.40018551034884448 -0.24461792331974511
p 1.5209406755522621 0.51358801658263942 -0.3069576365249862
p 1.5344047860628751 0.62881171382153433 -0.36497784495353403
p 1.5544653796469594 0.745890146529404 -0.4170254555052868
p 1.5849691448105805 0.86413411550122798 -0.46050472803752351
p 1.6324444533014302 0.98072644712822632 -0.49077349719227292
p 1.705283857478342 1.0870273079766068 -0.49950330038102386
p 1.803620014826997 1.1674410413923841 -0.47744514295620555
p 1.911256679737934 1.2150182749312493 -0.42414408976388479
p 2.0112778786884684 1.2377894684052964 -0.34527347060030467
p 2.0929264271933663 1.2460133181127502 -0.24519330755024105
p 2.1473543722512591 1.2474143584502673 -0.12784483986530659
p 2.1666671435036733 1.2472183005639523 0
L open 0 1
p 1.5000005722049536 0 0.00075644208381115763
p 1.500305969283894 -0.067582960175712692 0.042708719539563317
p 1.5021459939475528 -0.17757262465269327 0.11156321872096783
p 1.5058488019013003 -0.28829608881497054 0.17915254665121494
p 1.5118566613157851 -0.40018551035155742 0.24461792332128918
p 1.5209406755524881 -0.51358801658498221 0.30695763652622465
p 1.5344047860631473 -0.62881171382347256 0.36497784495445884
p 1.5544653796472709 -0.74589014653090269 0.41702545550590103
p 1.5849691448110046 -0.86413411550256147 0.46050472803795106
p 1.6324444533020361 -0.98072644712939572 0.49077349719249153
p 1.7052838574791687 -1.0870273079775181 0.4995033003809709
p 1.8036200148279573 -1.1674410413929586 0.47744514295585788
p 1.9112566797387553 -1.2150182749315073 0.42414408976336665
p 2.0112778786890404 -1.2377894684053821 0.34527347059974567
p 2.0929264271936496 -1.2460133181127655 0.24519330754979568
p 2.1473543722513324 -1.2474143584502662 0.1278448398650644
p 2.1666671435036733 -1.2472183005639519 0
