case dome_tilt_fuse
plane 0.0 0.0 0.0 0.0 0.0 1.0 1.0 0.0 0.0
wire P 4 0.0 0.0 0.0 10.0 0.0 0.0 10.0 10.0 0.0 0.0 10.0 0.0
prism 0.0 0.0 4.0
boolean fuse
sphere 5.0 5.0 4.0 0.0 0.0 1.0 1.0 0.0 0.0 3.0 -1.5707963267948966 1.5707963267948966
then fuse
plane 0.0 0.8999999999999999 5.2 0.0 0.6 0.8 1.0 -0.0 0.0
wire P 4 -2.0 -11.1 14.2 12.0 -11.1 14.2 12.0 12.9 -3.8 -2.0 12.9 -3.8
prism 0.0 1.5 2.0
end
case dome_tilt_cut
plane 0.0 0.0 0.0 0.0 0.0 1.0 1.0 0.0 0.0
wire P 4 0.0 0.0 0.0 10.0 0.0 0.0 10.0 10.0 0.0 0.0 10.0 0.0
prism 0.0 0.0 4.0
boolean fuse
sphere 5.0 5.0 4.0 0.0 0.0 1.0 1.0 0.0 0.0 3.0 -1.5707963267948966 1.5707963267948966
then cut
plane 0.0 0.8999999999999999 5.2 0.0 0.6 0.8 1.0 -0.0 0.0
wire P 4 -2.0 -11.1 14.2 12.0 -11.1 14.2 12.0 12.9 -3.8 -2.0 12.9 -3.8
prism 0.0 1.5 2.0
end
case dome_tilt_common
plane 0.0 0.0 0.0 0.0 0.0 1.0 1.0 0.0 0.0
wire P 4 0.0 0.0 0.0 10.0 0.0 0.0 10.0 10.0 0.0 0.0 10.0 0.0
prism 0.0 0.0 4.0
boolean fuse
sphere 5.0 5.0 4.0 0.0 0.0 1.0 1.0 0.0 0.0 3.0 -1.5707963267948966 1.5707963267948966
then common
plane 0.0 0.8999999999999999 5.2 0.0 0.6 0.8 1.0 -0.0 0.0
wire P 4 -2.0 -11.1 14.2 12.0 -11.1 14.2 12.0 12.9 -3.8 -2.0 12.9 -3.8
prism 0.0 1.5 2.0
end
case dome_drill_fuse
plane 0.0 0.0 0.0 0.0 0.0 1.0 1.0 0.0 0.0
wire P 4 0.0 0.0 0.0 10.0 0.0 0.0 10.0 10.0 0.0 0.0 10.0 0.0
prism 0.0 0.0 4.0
boolean fuse
sphere 5.0 5.0 4.0 0.0 0.0 1.0 1.0 0.0 0.0 3.0 -1.5707963267948966 1.5707963267948966
then fuse swapped
plane 0.0 0.0 -1.0 0.0 0.0 1.0 1.0 0.0 0.0
wire C 7.5 5.0 -1.0 1.0
prism 0.0 0.0 9.0
end
case dome_drill_cut
plane 0.0 0.0 0.0 0.0 0.0 1.0 1.0 0.0 0.0
wire P 4 0.0 0.0 0.0 10.0 0.0 0.0 10.0 10.0 0.0 0.0 10.0 0.0
prism 0.0 0.0 4.0
boolean fuse
sphere 5.0 5.0 4.0 0.0 0.0 1.0 1.0 0.0 0.0 3.0 -1.5707963267948966 1.5707963267948966
then cut swapped
plane 0.0 0.0 -1.0 0.0 0.0 1.0 1.0 0.0 0.0
wire C 7.5 5.0 -1.0 1.0
prism 0.0 0.0 9.0
end
case dome_drill_common
plane 0.0 0.0 0.0 0.0 0.0 1.0 1.0 0.0 0.0
wire P 4 0.0 0.0 0.0 10.0 0.0 0.0 10.0 10.0 0.0 0.0 10.0 0.0
prism 0.0 0.0 4.0
boolean fuse
sphere 5.0 5.0 4.0 0.0 0.0 1.0 1.0 0.0 0.0 3.0 -1.5707963267948966 1.5707963267948966
then common swapped
plane 0.0 0.0 -1.0 0.0 0.0 1.0 1.0 0.0 0.0
wire C 7.5 5.0 -1.0 1.0
prism 0.0 0.0 9.0
end
case g9_clear_fuse
plane 0.0 0.0 0.0 0.0 0.0 1.0 1.0 0.0 0.0
wire C 0.0 0.0 0.0 9.0
prism 0.0 0.0 3.0
boolean fuse
cone 0.0 0.0 0.0 0.0 0.0 1.0 1.0 0.0 0.0 7.0 6.0 4.0
then fuse
plane 4.5 0.0 -2.0 0.0 0.0 1.0 1.0 0.0 0.0
wire C 4.5 0.0 -2.0 1.0
prism 0.0 0.0 9.0
end
case g9_clear_cut
plane 0.0 0.0 0.0 0.0 0.0 1.0 1.0 0.0 0.0
wire C 0.0 0.0 0.0 9.0
prism 0.0 0.0 3.0
boolean fuse
cone 0.0 0.0 0.0 0.0 0.0 1.0 1.0 0.0 0.0 7.0 6.0 4.0
then cut
plane 4.5 0.0 -2.0 0.0 0.0 1.0 1.0 0.0 0.0
wire C 4.5 0.0 -2.0 1.0
prism 0.0 0.0 9.0
end
case g9_clear_common
plane 0.0 0.0 0.0 0.0 0.0 1.0 1.0 0.0 0.0
wire C 0.0 0.0 0.0 9.0
prism 0.0 0.0 3.0
boolean fuse
cone 0.0 0.0 0.0 0.0 0.0 1.0 1.0 0.0 0.0 7.0 6.0 4.0
then common
plane 4.5 0.0 -2.0 0.0 0.0 1.0 1.0 0.0 0.0
wire C 4.5 0.0 -2.0 1.0
prism 0.0 0.0 9.0
end
case g9_box_fuse
plane 0.0 0.0 0.0 0.0 0.0 1.0 1.0 0.0 0.0
wire C 0.0 0.0 0.0 9.0
prism 0.0 0.0 3.0
boolean fuse
cone 0.0 0.0 0.0 0.0 0.0 1.0 1.0 0.0 0.0 7.0 6.0 4.0
then fuse
plane 0.0 0.0 -1.0 0.0 0.0 1.0 1.0 0.0 0.0
wire P 4 3.0 -2.0 -1.0 12.0 -2.0 -1.0 12.0 2.0 -1.0 3.0 2.0 -1.0
prism 0.0 0.0 6.0
end
case g9_box_cut
plane 0.0 0.0 0.0 0.0 0.0 1.0 1.0 0.0 0.0
wire C 0.0 0.0 0.0 9.0
prism 0.0 0.0 3.0
boolean fuse
cone 0.0 0.0 0.0 0.0 0.0 1.0 1.0 0.0 0.0 7.0 6.0 4.0
then cut
plane 0.0 0.0 -1.0 0.0 0.0 1.0 1.0 0.0 0.0
wire P 4 3.0 -2.0 -1.0 12.0 -2.0 -1.0 12.0 2.0 -1.0 3.0 2.0 -1.0
prism 0.0 0.0 6.0
end
case g9_box_common
plane 0.0 0.0 0.0 0.0 0.0 1.0 1.0 0.0 0.0
wire C 0.0 0.0 0.0 9.0
prism 0.0 0.0 3.0
boolean fuse
cone 0.0 0.0 0.0 0.0 0.0 1.0 1.0 0.0 0.0 7.0 6.0 4.0
then common
plane 0.0 0.0 -1.0 0.0 0.0 1.0 1.0 0.0 0.0
wire P 4 3.0 -2.0 -1.0 12.0 -2.0 -1.0 12.0 2.0 -1.0 3.0 2.0 -1.0
prism 0.0 0.0 6.0
end
case g9_bore_fuse
plane 0.0 0.0 0.0 0.0 0.0 1.0 1.0 0.0 0.0
wire C 0.0 0.0 0.0 9.0
prism 0.0 0.0 3.0
boolean fuse
cone 0.0 0.0 0.0 0.0 0.0 1.0 1.0 0.0 0.0 7.0 6.0 4.0
then fuse
plane 0.0 0.0 -1.0 0.0 0.0 1.0 1.0 0.0 0.0
wire C 0.0 0.0 -1.0 2.0
prism 0.0 0.0 6.0
end
case g9_bore_cut
plane 0.0 0.0 0.0 0.0 0.0 1.0 1.0 0.0 0.0
wire C 0.0 0.0 0.0 9.0
prism 0.0 0.0 3.0
boolean fuse
cone 0.0 0.0 0.0 0.0 0.0 1.0 1.0 0.0 0.0 7.0 6.0 4.0
then cut
plane 0.0 0.0 -1.0 0.0 0.0 1.0 1.0 0.0 0.0
wire C 0.0 0.0 -1.0 2.0
prism 0.0 0.0 6.0
end
case g9_bore_common
plane 0.0 0.0 0.0 0.0 0.0 1.0 1.0 0.0 0.0
wire C 0.0 0.0 0.0 9.0
prism 0.0 0.0 3.0
boolean fuse
cone 0.0 0.0 0.0 0.0 0.0 1.0 1.0 0.0 0.0 7.0 6.0 4.0
then common
plane 0.0 0.0 -1.0 0.0 0.0 1.0 1.0 0.0 0.0
wire C 0.0 0.0 -1.0 2.0
prism 0.0 0.0 6.0
end
case countersink_drill_fuse
plane 0.0 0.0 0.0 0.0 0.0 1.0 1.0 0.0 0.0
wire P 4 0.0 0.0 0.0 10.0 0.0 0.0 10.0 10.0 0.0 0.0 10.0 0.0
prism 0.0 0.0 4.0
boolean cut
cone 5.0 5.0 1.0 0.0 0.0 1.0 1.0 0.0 0.0 1.0 3.0 3.0
then fuse
plane 0.0 0.0 -1.0 0.0 0.0 1.0 1.0 0.0 0.0
wire C 5.0 5.0 -1.0 0.5
prism 0.0 0.0 7.0
end
case countersink_drill_cut
plane 0.0 0.0 0.0 0.0 0.0 1.0 1.0 0.0 0.0
wire P 4 0.0 0.0 0.0 10.0 0.0 0.0 10.0 10.0 0.0 0.0 10.0 0.0
prism 0.0 0.0 4.0
boolean cut
cone 5.0 5.0 1.0 0.0 0.0 1.0 1.0 0.0 0.0 1.0 3.0 3.0
then cut
plane 0.0 0.0 -1.0 0.0 0.0 1.0 1.0 0.0 0.0
wire C 5.0 5.0 -1.0 0.5
prism 0.0 0.0 7.0
end
case countersink_drill_common
plane 0.0 0.0 0.0 0.0 0.0 1.0 1.0 0.0 0.0
wire P 4 0.0 0.0 0.0 10.0 0.0 0.0 10.0 10.0 0.0 0.0 10.0 0.0
prism 0.0 0.0 4.0
boolean cut
cone 5.0 5.0 1.0 0.0 0.0 1.0 1.0 0.0 0.0 1.0 3.0 3.0
then common
plane 0.0 0.0 -1.0 0.0 0.0 1.0 1.0 0.0 0.0
wire C 5.0 5.0 -1.0 0.5
prism 0.0 0.0 7.0
end
case groove_tilt_fuse
plane 0.0 0.0 -2.0 0.0 0.0 1.0 1.0 0.0 0.0
wire P 4 -5.0 -5.0 -2.0 5.0 -5.0 -2.0 5.0 5.0 -2.0 -5.0 5.0 -2.0
prism 0.0 0.0 2.5
boolean cut
torus 0.0 0.0 0.0 0.0 0.0 1.0 1.0 0.0 0.0 3.0 1.0
then fuse
plane 0.0 1.08 1.4400000000000002 0.0 0.6 0.8 1.0 -0.0 0.0
wire P 4 -6.0 -10.92 10.44 6.0 -10.92 10.44 6.0 13.08 -7.56 -6.0 13.08 -7.56
prism 0.0 0.35999999999999993 0.4799999999999999
end
case groove_tilt_cut
plane 0.0 0.0 -2.0 0.0 0.0 1.0 1.0 0.0 0.0
wire P 4 -5.0 -5.0 -2.0 5.0 -5.0 -2.0 5.0 5.0 -2.0 -5.0 5.0 -2.0
prism 0.0 0.0 2.5
boolean cut
torus 0.0 0.0 0.0 0.0 0.0 1.0 1.0 0.0 0.0 3.0 1.0
then cut
plane 0.0 1.08 1.4400000000000002 0.0 0.6 0.8 1.0 -0.0 0.0
wire P 4 -6.0 -10.92 10.44 6.0 -10.92 10.44 6.0 13.08 -7.56 -6.0 13.08 -7.56
prism 0.0 0.35999999999999993 0.4799999999999999
end
case groove_tilt_common
plane 0.0 0.0 -2.0 0.0 0.0 1.0 1.0 0.0 0.0
wire P 4 -5.0 -5.0 -2.0 5.0 -5.0 -2.0 5.0 5.0 -2.0 -5.0 5.0 -2.0
prism 0.0 0.0 2.5
boolean cut
torus 0.0 0.0 0.0 0.0 0.0 1.0 1.0 0.0 0.0 3.0 1.0
then common
plane 0.0 1.08 1.4400000000000002 0.0 0.6 0.8 1.0 -0.0 0.0
wire P 4 -6.0 -10.92 10.44 6.0 -10.92 10.44 6.0 13.08 -7.56 -6.0 13.08 -7.56
prism 0.0 0.35999999999999993 0.4799999999999999
end
case groove_drill_fuse
plane 0.0 0.0 -2.0 0.0 0.0 1.0 1.0 0.0 0.0
wire P 4 -5.0 -5.0 -2.0 5.0 -5.0 -2.0 5.0 5.0 -2.0 -5.0 5.0 -2.0
prism 0.0 0.0 2.5
boolean cut
torus 0.0 0.0 0.0 0.0 0.0 1.0 1.0 0.0 0.0 3.0 1.0
then fuse
plane 0.0 0.0 -3.0 0.0 0.0 1.0 1.0 0.0 0.0
wire C 4.0 0.0 -3.0 0.6
prism 0.0 0.0 5.0
end
case groove_drill_cut
plane 0.0 0.0 -2.0 0.0 0.0 1.0 1.0 0.0 0.0
wire P 4 -5.0 -5.0 -2.0 5.0 -5.0 -2.0 5.0 5.0 -2.0 -5.0 5.0 -2.0
prism 0.0 0.0 2.5
boolean cut
torus 0.0 0.0 0.0 0.0 0.0 1.0 1.0 0.0 0.0 3.0 1.0
then cut
plane 0.0 0.0 -3.0 0.0 0.0 1.0 1.0 0.0 0.0
wire C 4.0 0.0 -3.0 0.6
prism 0.0 0.0 5.0
end
case groove_drill_common
plane 0.0 0.0 -2.0 0.0 0.0 1.0 1.0 0.0 0.0
wire P 4 -5.0 -5.0 -2.0 5.0 -5.0 -2.0 5.0 5.0 -2.0 -5.0 5.0 -2.0
prism 0.0 0.0 2.5
boolean cut
torus 0.0 0.0 0.0 0.0 0.0 1.0 1.0 0.0 0.0 3.0 1.0
then common
plane 0.0 0.0 -3.0 0.0 0.0 1.0 1.0 0.0 0.0
wire C 4.0 0.0 -3.0 0.6
prism 0.0 0.0 5.0
end
case peg_clear_fuse
sphere 0.0 0.0 0.0 0.0 0.0 1.0 1.0 0.0 0.0 3.0 -1.5707963267948966 1.5707963267948966
boolean fuse
plane 0.0 0.0 0.0 0.0 0.0 1.0 1.0 0.0 0.0
wire C 1.25 0.0 0.0 1.0
prism 0.0 0.0 6.0
then fuse
plane 0.0 0.0 -5.0 0.0 0.0 1.0 1.0 0.0 0.0
wire P 4 -4.0 -4.0 -5.0 4.0 -4.0 -5.0 4.0 4.0 -5.0 -4.0 4.0 -5.0
prism 0.0 0.0 3.5
end
case peg_clear_cut
sphere 0.0 0.0 0.0 0.0 0.0 1.0 1.0 0.0 0.0 3.0 -1.5707963267948966 1.5707963267948966
boolean fuse
plane 0.0 0.0 0.0 0.0 0.0 1.0 1.0 0.0 0.0
wire C 1.25 0.0 0.0 1.0
prism 0.0 0.0 6.0
then cut
plane 0.0 0.0 -5.0 0.0 0.0 1.0 1.0 0.0 0.0
wire P 4 -4.0 -4.0 -5.0 4.0 -4.0 -5.0 4.0 4.0 -5.0 -4.0 4.0 -5.0
prism 0.0 0.0 3.5
end
case peg_clear_common
sphere 0.0 0.0 0.0 0.0 0.0 1.0 1.0 0.0 0.0 3.0 -1.5707963267948966 1.5707963267948966
boolean fuse
plane 0.0 0.0 0.0 0.0 0.0 1.0 1.0 0.0 0.0
wire C 1.25 0.0 0.0 1.0
prism 0.0 0.0 6.0
then common
plane 0.0 0.0 -5.0 0.0 0.0 1.0 1.0 0.0 0.0
wire P 4 -4.0 -4.0 -5.0 4.0 -4.0 -5.0 4.0 4.0 -5.0 -4.0 4.0 -5.0
prism 0.0 0.0 3.5
end
case holes_tilt_fuse
plane 0.0 0.0 0.0 0.0 0.0 1.0 1.0 0.0 0.0
wire P 4 0.0 0.0 0.0 10.0 0.0 0.0 10.0 10.0 0.0 0.0 10.0 0.0
prism 0.0 0.0 5.0
boolean cut
plane -1.0 0.0 0.0 1.0 0.0 0.0 0.0 1.0 0.0
wire C -1.0 5.0 2.5 1.5
prism 12.0 0.0 0.0
then cut
plane 0.0 0.0 -1.0 0.0 0.0 1.0 1.0 0.0 0.0
wire C 3.0 1.5 -1.0 1.0
prism 0.0 0.0 7.0
then fuse
plane 0.0 1.2 1.6 0.0 0.6 0.8 1.0 -0.0 0.0
wire P 4 -2.0 -10.8 10.6 12.0 -10.8 10.6 12.0 13.2 -7.4 -2.0 13.2 -7.4
prism 0.0 1.5 2.0
end
case holes_tilt_cut
plane 0.0 0.0 0.0 0.0 0.0 1.0 1.0 0.0 0.0
wire P 4 0.0 0.0 0.0 10.0 0.0 0.0 10.0 10.0 0.0 0.0 10.0 0.0
prism 0.0 0.0 5.0
boolean cut
plane -1.0 0.0 0.0 1.0 0.0 0.0 0.0 1.0 0.0
wire C -1.0 5.0 2.5 1.5
prism 12.0 0.0 0.0
then cut
plane 0.0 0.0 -1.0 0.0 0.0 1.0 1.0 0.0 0.0
wire C 3.0 1.5 -1.0 1.0
prism 0.0 0.0 7.0
then cut
plane 0.0 1.2 1.6 0.0 0.6 0.8 1.0 -0.0 0.0
wire P 4 -2.0 -10.8 10.6 12.0 -10.8 10.6 12.0 13.2 -7.4 -2.0 13.2 -7.4
prism 0.0 1.5 2.0
end
case holes_tilt_common
plane 0.0 0.0 0.0 0.0 0.0 1.0 1.0 0.0 0.0
wire P 4 0.0 0.0 0.0 10.0 0.0 0.0 10.0 10.0 0.0 0.0 10.0 0.0
prism 0.0 0.0 5.0
boolean cut
plane -1.0 0.0 0.0 1.0 0.0 0.0 0.0 1.0 0.0
wire C -1.0 5.0 2.5 1.5
prism 12.0 0.0 0.0
then cut
plane 0.0 0.0 -1.0 0.0 0.0 1.0 1.0 0.0 0.0
wire C 3.0 1.5 -1.0 1.0
prism 0.0 0.0 7.0
then common
plane 0.0 1.2 1.6 0.0 0.6 0.8 1.0 -0.0 0.0
wire P 4 -2.0 -10.8 10.6 12.0 -10.8 10.6 12.0 13.2 -7.4 -2.0 13.2 -7.4
prism 0.0 1.5 2.0
end
case dome_deep_fuse
plane 0.0 0.0 0.0 0.0 0.0 1.0 1.0 0.0 0.0
wire P 4 0.0 0.0 0.0 10.0 0.0 0.0 10.0 10.0 0.0 0.0 10.0 0.0
prism 0.0 0.0 4.0
boolean fuse
sphere 5.0 5.0 4.0 0.0 0.0 1.0 1.0 0.0 0.0 3.0 -1.5707963267948966 1.5707963267948966
then cut
plane 0.0 0.0 -1.0 0.0 0.0 1.0 1.0 0.0 0.0
wire C 7.5 5.0 -1.0 1.0
prism 0.0 0.0 9.0
then fuse
plane 0.0 0.0 -1.0 0.0 0.0 1.0 0.9230769230769231 0.38461538461538464 -0.0
wire P 4 -10.76923076923077 -26.153846153846157 -1.0 13.23076923076923 -16.153846153846157 -1.0 -2.153846153846154 20.76923076923077 -1.0 -26.153846153846157 10.76923076923077 -1.0
prism 0.0 0.0 10.0
end
case dome_deep_cut
plane 0.0 0.0 0.0 0.0 0.0 1.0 1.0 0.0 0.0
wire P 4 0.0 0.0 0.0 10.0 0.0 0.0 10.0 10.0 0.0 0.0 10.0 0.0
prism 0.0 0.0 4.0
boolean fuse
sphere 5.0 5.0 4.0 0.0 0.0 1.0 1.0 0.0 0.0 3.0 -1.5707963267948966 1.5707963267948966
then cut
plane 0.0 0.0 -1.0 0.0 0.0 1.0 1.0 0.0 0.0
wire C 7.5 5.0 -1.0 1.0
prism 0.0 0.0 9.0
then cut
plane 0.0 0.0 -1.0 0.0 0.0 1.0 0.9230769230769231 0.38461538461538464 -0.0
wire P 4 -10.76923076923077 -26.153846153846157 -1.0 13.23076923076923 -16.153846153846157 -1.0 -2.153846153846154 20.76923076923077 -1.0 -26.153846153846157 10.76923076923077 -1.0
prism 0.0 0.0 10.0
end
case dome_deep_common
plane 0.0 0.0 0.0 0.0 0.0 1.0 1.0 0.0 0.0
wire P 4 0.0 0.0 0.0 10.0 0.0 0.0 10.0 10.0 0.0 0.0 10.0 0.0
prism 0.0 0.0 4.0
boolean fuse
sphere 5.0 5.0 4.0 0.0 0.0 1.0 1.0 0.0 0.0 3.0 -1.5707963267948966 1.5707963267948966
then cut
plane 0.0 0.0 -1.0 0.0 0.0 1.0 1.0 0.0 0.0
wire C 7.5 5.0 -1.0 1.0
prism 0.0 0.0 9.0
then common
plane 0.0 0.0 -1.0 0.0 0.0 1.0 0.9230769230769231 0.38461538461538464 -0.0
wire P 4 -10.76923076923077 -26.153846153846157 -1.0 13.23076923076923 -16.153846153846157 -1.0 -2.153846153846154 20.76923076923077 -1.0 -26.153846153846157 10.76923076923077 -1.0
prism 0.0 0.0 10.0
end
case holed_ball_fuse
plane 0.0 0.0 0.0 0.0 0.0 1.0 1.0 0.0 0.0
wire P 4 0.0 0.0 0.0 10.0 0.0 0.0 10.0 10.0 0.0 0.0 10.0 0.0
prism 0.0 0.0 5.0
boolean cut
plane -1.0 0.0 0.0 1.0 0.0 0.0 0.0 1.0 0.0
wire C -1.0 5.0 2.5 1.5
prism 12.0 0.0 0.0
then fuse
sphere 5.0 5.0 5.0 0.0 0.0 1.0 1.0 0.0 0.0 3.0 -1.5707963267948966 1.5707963267948966
end
case holed_ball_cut
plane 0.0 0.0 0.0 0.0 0.0 1.0 1.0 0.0 0.0
wire P 4 0.0 0.0 0.0 10.0 0.0 0.0 10.0 10.0 0.0 0.0 10.0 0.0
prism 0.0 0.0 5.0
boolean cut
plane -1.0 0.0 0.0 1.0 0.0 0.0 0.0 1.0 0.0
wire C -1.0 5.0 2.5 1.5
prism 12.0 0.0 0.0
then cut
sphere 5.0 5.0 5.0 0.0 0.0 1.0 1.0 0.0 0.0 3.0 -1.5707963267948966 1.5707963267948966
end
case holed_ball_common
plane 0.0 0.0 0.0 0.0 0.0 1.0 1.0 0.0 0.0
wire P 4 0.0 0.0 0.0 10.0 0.0 0.0 10.0 10.0 0.0 0.0 10.0 0.0
prism 0.0 0.0 5.0
boolean cut
plane -1.0 0.0 0.0 1.0 0.0 0.0 0.0 1.0 0.0
wire C -1.0 5.0 2.5 1.5
prism 12.0 0.0 0.0
then common
sphere 5.0 5.0 5.0 0.0 0.0 1.0 1.0 0.0 0.0 3.0 -1.5707963267948966 1.5707963267948966
end
case holed_cone_fuse
plane 0.0 0.0 0.0 0.0 0.0 1.0 1.0 0.0 0.0
wire P 4 0.0 0.0 0.0 10.0 0.0 0.0 10.0 10.0 0.0 0.0 10.0 0.0
prism 0.0 0.0 5.0
boolean cut
plane -1.0 0.0 0.0 1.0 0.0 0.0 0.0 1.0 0.0
wire C -1.0 5.0 2.5 1.5
prism 12.0 0.0 0.0
then fuse
cone 5.0 5.0 3.0 0.0 0.0 1.0 1.0 0.0 0.0 2.0 0.5 4.0
end
case holed_cone_cut
plane 0.0 0.0 0.0 0.0 0.0 1.0 1.0 0.0 0.0
wire P 4 0.0 0.0 0.0 10.0 0.0 0.0 10.0 10.0 0.0 0.0 10.0 0.0
prism 0.0 0.0 5.0
boolean cut
plane -1.0 0.0 0.0 1.0 0.0 0.0 0.0 1.0 0.0
wire C -1.0 5.0 2.5 1.5
prism 12.0 0.0 0.0
then cut
cone 5.0 5.0 3.0 0.0 0.0 1.0 1.0 0.0 0.0 2.0 0.5 4.0
end
case holed_cone_common
plane 0.0 0.0 0.0 0.0 0.0 1.0 1.0 0.0 0.0
wire P 4 0.0 0.0 0.0 10.0 0.0 0.0 10.0 10.0 0.0 0.0 10.0 0.0
prism 0.0 0.0 5.0
boolean cut
plane -1.0 0.0 0.0 1.0 0.0 0.0 0.0 1.0 0.0
wire C -1.0 5.0 2.5 1.5
prism 12.0 0.0 0.0
then common
cone 5.0 5.0 3.0 0.0 0.0 1.0 1.0 0.0 0.0 2.0 0.5 4.0
end
case holed_torus_fuse
plane 0.0 0.0 0.0 0.0 0.0 1.0 1.0 0.0 0.0
wire P 4 0.0 0.0 0.0 10.0 0.0 0.0 10.0 10.0 0.0 0.0 10.0 0.0
prism 0.0 0.0 5.0
boolean cut
plane -1.0 0.0 0.0 1.0 0.0 0.0 0.0 1.0 0.0
wire C -1.0 5.0 2.5 1.5
prism 12.0 0.0 0.0
then fuse
torus 5.0 5.0 4.5 0.0 0.0 1.0 1.0 0.0 0.0 3.0 1.0
end
case holed_torus_cut
plane 0.0 0.0 0.0 0.0 0.0 1.0 1.0 0.0 0.0
wire P 4 0.0 0.0 0.0 10.0 0.0 0.0 10.0 10.0 0.0 0.0 10.0 0.0
prism 0.0 0.0 5.0
boolean cut
plane -1.0 0.0 0.0 1.0 0.0 0.0 0.0 1.0 0.0
wire C -1.0 5.0 2.5 1.5
prism 12.0 0.0 0.0
then cut
torus 5.0 5.0 4.5 0.0 0.0 1.0 1.0 0.0 0.0 3.0 1.0
end
case holed_torus_common
plane 0.0 0.0 0.0 0.0 0.0 1.0 1.0 0.0 0.0
wire P 4 0.0 0.0 0.0 10.0 0.0 0.0 10.0 10.0 0.0 0.0 10.0 0.0
prism 0.0 0.0 5.0
boolean cut
plane -1.0 0.0 0.0 1.0 0.0 0.0 0.0 1.0 0.0
wire C -1.0 5.0 2.5 1.5
prism 12.0 0.0 0.0
then common
torus 5.0 5.0 4.5 0.0 0.0 1.0 1.0 0.0 0.0 3.0 1.0
end
case g9_fuse
plane 0.0 0.0 0.0 0.0 0.0 1.0 1.0 0.0 0.0
wire C 0.0 0.0 0.0 9.0
prism 0.0 0.0 3.0
boolean fuse
cone 0.0 0.0 0.0 0.0 0.0 1.0 1.0 0.0 0.0 7.0 6.0 4.0
then fuse
plane 5.0 0.0 -2.0 0.0 0.0 1.0 1.0 0.0 0.0
wire C 5.0 0.0 -2.0 1.0
prism 0.0 0.0 9.0
end
case g9_cut
plane 0.0 0.0 0.0 0.0 0.0 1.0 1.0 0.0 0.0
wire C 0.0 0.0 0.0 9.0
prism 0.0 0.0 3.0
boolean fuse
cone 0.0 0.0 0.0 0.0 0.0 1.0 1.0 0.0 0.0 7.0 6.0 4.0
then cut
plane 5.0 0.0 -2.0 0.0 0.0 1.0 1.0 0.0 0.0
wire C 5.0 0.0 -2.0 1.0
prism 0.0 0.0 9.0
end
case g9_common
plane 0.0 0.0 0.0 0.0 0.0 1.0 1.0 0.0 0.0
wire C 0.0 0.0 0.0 9.0
prism 0.0 0.0 3.0
boolean fuse
cone 0.0 0.0 0.0 0.0 0.0 1.0 1.0 0.0 0.0 7.0 6.0 4.0
then common
plane 5.0 0.0 -2.0 0.0 0.0 1.0 1.0 0.0 0.0
wire C 5.0 0.0 -2.0 1.0
prism 0.0 0.0 9.0
end
case dome_touch_fuse
plane 0.0 0.0 0.0 0.0 0.0 1.0 1.0 0.0 0.0
wire P 4 0.0 0.0 0.0 10.0 0.0 0.0 10.0 10.0 0.0 0.0 10.0 0.0
prism 0.0 0.0 4.0
boolean fuse
sphere 5.0 5.0 4.0 0.0 0.0 1.0 1.0 0.0 0.0 3.0 -1.5707963267948966 1.5707963267948966
then fuse
plane 0.0 0.0 7.0 0.0 0.0 1.0 1.0 0.0 0.0
wire P 4 3.0 3.0 7.0 7.0 3.0 7.0 7.0 7.0 7.0 3.0 7.0 7.0
prism 0.0 0.0 2.0
end
case dome_touch_cut
plane 0.0 0.0 0.0 0.0 0.0 1.0 1.0 0.0 0.0
wire P 4 0.0 0.0 0.0 10.0 0.0 0.0 10.0 10.0 0.0 0.0 10.0 0.0
prism 0.0 0.0 4.0
boolean fuse
sphere 5.0 5.0 4.0 0.0 0.0 1.0 1.0 0.0 0.0 3.0 -1.5707963267948966 1.5707963267948966
then cut
plane 0.0 0.0 7.0 0.0 0.0 1.0 1.0 0.0 0.0
wire P 4 3.0 3.0 7.0 7.0 3.0 7.0 7.0 7.0 7.0 3.0 7.0 7.0
prism 0.0 0.0 2.0
end
case dome_touch_common
plane 0.0 0.0 0.0 0.0 0.0 1.0 1.0 0.0 0.0
wire P 4 0.0 0.0 0.0 10.0 0.0 0.0 10.0 10.0 0.0 0.0 10.0 0.0
prism 0.0 0.0 4.0
boolean fuse
sphere 5.0 5.0 4.0 0.0 0.0 1.0 1.0 0.0 0.0 3.0 -1.5707963267948966 1.5707963267948966
then common
plane 0.0 0.0 7.0 0.0 0.0 1.0 1.0 0.0 0.0
wire P 4 3.0 3.0 7.0 7.0 3.0 7.0 7.0 7.0 7.0 3.0 7.0 7.0
prism 0.0 0.0 2.0
end
