dome_tilt_fuse done 1 1 0
S 1326.0343778470365 1211.0061725065787 4.9999999999468567 2.1478051789660362 5.3812130790350503 17 42 28 17 42 28 1
dome_tilt_cut done 2 1 0
S 69.202031834101334 157.61600709936232 4.9999999985746042 7.7150895994610993 4.0861715709075259 6 15 10 6 15 10 1
S 206.83234589012778 252.40790008550786 5.0000000000000009 2.8122469197757916 1.6578749325725766 7 15 10 7 15 10 1
dome_tilt_common done 1 1 0
S 180.5142901411715 237.26816159602592 5.0000000010881918 6.4658583813169805 2.5712002407382477 10 24 16 9 21 14 1
dome_drill_fuse done 1 1 0
S 468.07248184630271 409.07246174897023 5.0643859217996932 4.9999999996636726 2.4417442384790342 11 24 16 11 24 16 1
dome_drill_cut done 2 1 0
S 3.1415926535897922 12.566370614359169 7.4999999999999991 5 -0.50000000000000011 3 3 2 3 3 2 1
S 8.3822381469235072 27.023178590487507 7.6583944418473537 4.9999999504746917 6.5223924391608552 5 9 6 4 7 5 1
dome_drill_common done 1 1 0
S 16.75050228802499 42.033711072607531 7.4207367181186088 5.000000008617814 2.7377515663764194 5 9 6 4 7 5 1
g9_clear_fuse done 1 1 0
S 896.99015244683585 740.0477371363836 0.078803356439257344 6.1238021385103579e-16 1.7864465523531554 10 13 9 9 12 8 1
g9_clear_cut done 1 1 0
S 868.71581856452747 727.48136652202447 -0.065094552851654497 6.0139994086438623e-16 1.7632223310479926 7 10 7 6 9 6 1
g9_clear_common done 1 1 0
S 12.566370614359169 31.415926535897931 4.5 6.0941748614843047e-17 2 3 3 2 3 3 2 1
g9_box_fuse done 1 1 0
S 1014.1204653277285 817.7181531099103 1.1257291801433742 -2.2995319708104079e-16 1.8144782669802946 13 33 22 12 30 20 1
g9_box_cut done 1 1 0
S 798.1204653277282 702.17458330099032 -0.59937693716896012 -2.1809382588142544e-16 1.7642694375201937 9 21 14 8 18 12 1
g9_box_common done 1 1 0
S 83.16172385115803 118.91365749057513 5.7523458851837965 3.1105892561901158e-16 1.7889519424283751 11 28 19 8 18 12 1
g9_bore_fuse done 1 1 0
S 906.41493040760554 733.7645518292037 4.9777935255850872e-16 5.3962703154471735e-16 1.7730702577803441 10 13 9 9 12 8 1
g9_bore_cut done 1 1 0
S 831.01670672144996 733.76455182920392 -1.7100564405337962e-16 5.5158399878635934e-16 1.7524809010002367 7 10 7 6 9 6 1
g9_bore_common done 1 1 0
S 50.265482457436697 75.398223686155035 2.8271597168564589e-16 8.3719580758196301e-17 1.9999999999999998 3 3 2 3 3 2 1
countersink_drill_fuse done 1 1 0
S 363.87168448371727 399.02550828937632 5 5.0000000000000018 1.9028698333506453 12 21 14 12 21 14 1
countersink_drill_cut done 1 1 0
S 358.37389733993524 381.7467486946324 5.0000000000000009 5.0000000000000009 1.8937093041443129 9 18 12 9 18 12 1
countersink_drill_common done 1 1 0
S 0.78539816339744839 4.7123889803846897 4.9999999999999991 5 0.49999999999999994 3 3 2 3 3 2 1
groove_tilt_fuse done 1 1 1
S 405.36630612897534 1053.5241722753174 -1.3858260339737275e-09 0.54107510036290718 0.46695259037259346 21 51 34 21 51 34 1
groove_tilt_cut done 2 1 1
S 10.096653526322095 49.863873699044682 -1.7796695963773687e-16 4.4682135196426236 0.074945218370078018 6 13 9 6 13 9 1
S 179.26965239288413 319.69304037854891 -4.3637637678162629e-09 -0.54633000148314437 -0.97255640822090716 11 26 17 11 26 17 1
groove_tilt_common done 1 1 1
S 12.993179134906825 63.184274046263113 3.0918994380919893e-08 4.0657013257119363 -0.44213580148444626 10 23 15 8 21 15 1
groove_drill_fuse done 1 1 1
S 205.76831288749761 356.49168209851365 0.065415101030095027 -1.7629906773716015e-12 -0.87525370940725156 13 27 18 13 27 18 1
groove_drill_cut done 1 1 1
S 200.11344612322358 349.89201793669713 -0.045769598004054536 -1.832517000875373e-12 -0.88585774308168841 10 24 16 10 24 16 1
groove_drill_common done 1 1 1
S 2.2460442099659148 10.9282611552766 4.0778854855548765 1.4853587389662872e-09 -0.91977766848034437 7 14 9 7 14 9 1
peg_clear_fuse done 1 1 0
S 330.03829055395329 325.04232735835689 0.041347978557685586 3.5023646806459652e-10 -1.9590574843754909 9 20 13 9 20 13 1
peg_clear_cut done 1 1 0
S 106.03827115893252 127.45382818181911 0.12869332635737524 1.575476107956086e-09 0.76798672134523571 4 8 5 4 8 5 1
peg_clear_common done 1 1 0
S 17.671458676442562 49.480084294039195 4.1465009180561463e-16 1.5972760879889419e-16 -2.0250000000000012 2 3 2 2 3 2 1
holes_tilt_fuse done 1 1 0
S 1327.3475704895659 1315.8005646959948 5.0089282526092358 2.8603679823771313 2.623226748246422 21 51 34 19 46 31 1
holes_tilt_cut done 2 1 0
S 37.346976819156495 109.9041295305359 5.2313274172341133 1.0819031046247902 0.84428633672982556 6 12 8 6 12 8 1
S 240.00059374561903 324.48034109150638 5.0133812777527336 7.1199685611276431 3.0016680282733796 11 27 18 9 22 15 1
holes_tilt_common done 1 1 0
S 136.25863151983023 249.4427891992629 5.1435874699096384 2.7433593398465392 2.0701943853100264 10 27 18 10 27 18 1
dome_deep_fuse done 1 1 0
S 10642.387723941121 3578.5592717777881 -6.1580964645134459 -2.5029828506887157 3.9639011626472329 13 36 24 13 36 24 1
dome_deep_cut done 1 1 0
S 242.38772432702473 292.58939635027838 6.8615264711931347 5.6202765254936242 2.4150277299551202 8 24 16 8 24 16 1
dome_deep_common done 1 1 0
S 197.41042477437654 232.95735269524093 2.5089475570241904 4.2384018477331402 2.322977867980093 7 15 10 7 15 10 1
holed_ball_fuse done 1 1 0
S 503.29751505486956 506.61196199107138 4.9999999866226839 4.9999998967108965 2.9279259531913677 9 24 16 9 24 16 1
holed_ball_cut done 1 1 0
S 390.20018152816215 467.88826430173128 4.9999999868909359 4.9999998761739528 2.3273469129045967 8 21 14 8 21 14 1
holed_ball_common done 1 1 0
S 39.113994300339655 86.595957544395162 5.0000001235940399 5.0000013086172794 4.2223827817193262 4 6 4 3 5 4 1
holed_cone_fuse done 1 1 0
S 441.49882284302015 491.68464785003619 4.9999999979021146 5.0000000000591935 2.5518838713774632 13 27 18 12 25 17 1
holed_cone_cut done 1 1 0
S 419.50767238095983 483.44653127204566 4.999999998057846 4.9999999990951691 2.460994177295865 10 24 16 10 24 16 1
holed_cone_common done 1 1 0
S 9.8064928220644454 35.329960922825684 5.0000000738715382 5.0000000396119981 4.1686130565255066 5 9 6 5 9 6 1
holed_torus_fuse done 1 1 0
S 442.63477351625323 487.28761316920037 4.999999701562734 5.0000000507330098 2.5756639630194198 12 22 15 11 21 15 1
holed_torus_cut done 1 1 0
S 383.4172948651763 511.56728482651647 4.9999997575903503 5.000000814886163 2.2784566040329901 10 24 16 10 24 16 1
holed_torus_common done 1 1 0
S 45.896790742853682 111.25801952344973 5.0000011361365839 4.9999914656528199 4.3507481124664027 5 9 6 5 9 6 1
g9_fuse done 1 1 0
S 896.99015244683585 740.0477371363836 0.087559284932508488 4.4752626675738151e-16 1.7864465523531556 10 13 8 9 12 7 1
g9_cut done 1 1 0
S 868.71581856452747 727.48136652202447 -0.072327280946284295 5.1811604479281559e-16 1.7632223310479926 7 10 6 6 9 5 1
g9_common done 1 1 0
S 12.566370614359171 31.415926535897931 5 9.9484890934134594e-17 2 3 3 2 3 3 2 1
dome_touch_fuse done 2 1 0
S 31.999999999999996 64 4.9999999999999991 5.0000000000000009 8 6 12 9 6 12 9 1
S 456.5486677646162 388.2743338823081 5 5 2.3870662631207922 7 15 10 7 15 10 1
dome_touch_cut done 1 1 0
S 456.5486677646162 388.2743338823081 5 5 2.3870662631207922 7 15 10 7 15 10 1
dome_touch_common done 0 1 0
