boss_pocket_fuse done 1 1 0
S 230.40462755797736 308.12834664366937 3.4728383577066158 3.6379765983337036 4.4587680495581523 21 54 36 21 54 36 1
boss_pocket_cut done 1 1 0
S 88.30654968658844 189.90734761092367 4.0208535511415189 2.0103349223633824 7.7517236549502107 14 39 26 14 39 26 1
boss_pocket_common done 1 1 0
S 25.689574652415899 60.279675922411521 3.5791477600595507 3.8340284612116529 6.0236670476672245 10 24 16 10 24 16 1
chain_dimple_fuse done 1 1 0
S 486.60498889429067 720.60625258302878 4.2923863338208621 4.460286102242053 1.8342566241842035 25 63 42 24 60 40 1
chain_dimple_cut done 2 1 0
S 55.216994252811695 124.87381101247351 4.1422015929486138 7.3863588791269459 1.8809939309051007 11 30 20 10 27 18 1
S 111.38799256506587 165.45390059500392 4.4886047033311058 2.392941237383388 1.2631127125932644 9 21 15 9 21 15 1
chain_dimple_common done 1 1 0
S 48.226908935566172 139.59225260134124 4.3068725269913335 5.3991040184631043 1.4651205778448912 10 30 21 10 30 21 1
bore_rod_fuse done 1 1 0
S 418.20298262717267 448.64636693552092 5.5653016578818804 6.4701620610018784 3.5224422916587166 16 37 25 16 37 25 1
bore_rod_cut done 1 1 0
S 380.50388250194902 447.01114765716756 5.3983869750687141 6.5662825679587797 3.4998968407320072 12 34 23 12 34 23 1
bore_rod_common done 1 1 0
S 21.277744501897516 54.251726085941712 7.3171505343654326 5.3146236189124734 3.5018378208787908 5 7 5 5 7 5 1
boss_box_fuse done 1 1 0
S 139.56235566115691 205.14707648733071 4.3935797092990638 2.2847462650085593 7.5096025793169714 20 48 32 20 48 32 1
boss_box_cut done 1 1 0
S 94.562355660354669 192.40184401155554 3.7216536279731041 2.5841633187338724 7.325143511980869 13 39 26 13 39 26 1
boss_box_common done 1 1 0
S 19.433768063220747 49.600703101592813 4.8928314035339628 1.6289032687911031 7.5430860109173601 12 30 20 11 28 19 1
dimple_ball_fuse done 1 1 0
S 242.34093147219269 271.97256177427317 4.5932429576672344 4.5155404929711249 1.6087255596186167 12 33 22 12 33 22 1
dimple_ball_cut done 1 1 0
S 219.89163396740085 259.94704349457595 4.4496235448248855 4.4916039241653634 1.4411636677292354 12 33 22 12 33 22 1
dimple_ball_common done 1 1 0
S 6.0006937868472292 22.485393933328943 6.3460133824664444 4.8076688955904876 2.3471746399883568 4 9 6 3 6 4 1
pocket_rod_fuse done 1 1 0
S 144.61088992392169 193.60526599290392 3.1193183054981888 4.6563008317839696 2.4144892165984819 14 27 18 13 26 18 1
pocket_rod_cut done 1 1 0
S 134.00801482716088 203.66122708084106 3.1705173247468119 4.6335025631715698 2.4187125565199232 10 27 18 10 27 18 1
pocket_rod_common done 1 1 0
S 8.0900633760448066 28.363601375295932 2.4988176400037792 4.9139817554888436 2.3072693930009325 7 15 10 6 13 9 1
dome_box_fuse done 1 1 0
S 271.39370540253867 282.40736570117656 6.3905474814450445 -4.8627410241293312 1.9718418337739347 16 39 26 16 39 26 1
dome_box_cut done 1 1 0
S 28.091718337605062 83.987970340712963 7.9870863272041843 -5.4599304508908864 4.0156025834022637 7 15 10 7 15 10 1
dome_box_common done 1 1 0
S 52.908281686095386 103.4930708411963 5.7104296547556439 -4.8706206961340133 3.0731450366432007 9 18 12 9 18 12 1
bore_touch_fuse done 1 1 0
S 413.59182140188085 438.27263858703054 5.4999999999999991 6.5 3.5808145494295194 15 40 27 15 39 26 1
bore_touch_cut done 1 1 0
S 379.03430221239313 438.27263858703054 5.4999999999999991 6.5000000000000009 3.3602512728525813 14 37 25 13 33 22 1
bore_touch_common done 1 1 0
S 22.746670238568733 58.342384719768233 5.5 6.5 5.8286731958499098 5 9 7 4 6 4 1
