tt_side done 4 0
L open 0 1
p 2.28125 1.0226917607470982 0
p 2.281264185168173 1.0162012733898229 -0.051265832717278817
p 2.2814673458116763 0.99751936898044047 -0.099460915939830905
p 2.282282866607495 0.96860623284592373 -0.14232053107345802
p 2.2842808237335697 0.93178690850857859 -0.17859584672277837
p 2.2880898264063538 0.88920912871203928 -0.20774035102355537
p 2.2943518076698921 0.8426885591663742 -0.22951111566448809
p 2.3036805618396872 0.79380211031263781 -0.24366397468573553
p 2.3165711591193796 0.7440737123903034 -0.2497874411418782
p 2.3332118199079481 0.69516156312394373 -0.24728454324643903
p 2.3532047222598447 0.64893595600676746 -0.23554442989980356
p 2.3753431641445846 0.60732522130428979 -0.214284951049516
p 2.3976816033770341 0.57197098164019944 -0.18388089584766673
p 2.4179499241253182 0.54395273690770474 -0.14543992369205863
p 2.4340477754500496 0.52379761909787947 -0.10062684652866613
p 2.444366370932018 0.51168386104285624 -0.051428723079349613
p 2.447916666666667 0.5076455387921337 0
L open 0 1
p 2.28125 -1.0226917607470984 0
p 2.2812641850512856 -1.0162013055425478 0.051265706563798787
p 2.2814673436660899 -0.99751949252641903 0.099460682056339386
p 2.2822828570702955 -0.96860647642811093 0.14232024047255729
p 2.2842807970802199 -0.93178729005541872 0.17859553446528453
p 2.2880897685151527 -0.88920965522987871 0.20774005161007547
p 2.2943517005160232 -0.84268922645922084 0.22951086503060764
p 2.3036803885742954 -0.79380288988487457 0.24366381419793412
p 2.3165709294549637 -0.74407449279081195 0.24978740883516212
p 2.3332115721253821 -0.69516220674675278 0.24728463760286087
p 2.3532044768963054 -0.64893646460271182 0.23554461963677073
p 2.3753429480540458 -0.60732559102977546 0.21428519889497966
p 2.3976814387361647 -0.57197122312293958 0.18388115901515692
p 2.4179498198950289 -0.54395287282769922 0.14544015994077603
p 2.4340477246479191 -0.52379768013004191 0.10062702562099216
p 2.44436635763849 -0.51168387630468903 0.051428818783504936
p 2.447916666666667 -0.50764553879213326 0
L open 0 1
p 2.4479166666666665 0.50764553879213348 0
p 2.4443663450261277 0.51168389075480225 0.051428909485143351
p 2.4340476766816908 0.52379773784049044 0.1006271948254201
p 2.4179497204608276 0.54395300260422419 0.14544038538275736
p 2.3976812841043209 0.57197145006591776 0.18388140622927593
p 2.3753427471656705 0.60732593518522382 0.21428542967829639
p 2.3532042496371965 0.64893693566731592 0.23554479536470627
p 2.3332113431299479 0.69516280130484742 0.24728472493201598
p 2.3165707200437717 0.74407519611129302 0.24978738160967509
p 2.303680224580293 0.79380362404451488 0.24366366244747784
p 2.294351585080586 0.84268994476005288 0.22951059498219628
p 2.2880897075273441 0.88921020988029142 0.20773973616106917
p 2.2842807702692651 0.93178767380351424 0.17859522034957859
p 2.2822828477797215 0.96860671293857459 0.1423199579434771
p 2.2814673416964482 0.99751960481416224 0.099460469209817437
p 2.2812641849086983 1.016201335644475 0.05126558910708838
p 2.28125 1.0226917607470984 0
L open 0 1
p 2.447916666666667 -0.50764553879213314 0
p 2.4443663793124681 -0.51168385146861206 -0.051428662911875707
p 2.4340478073158032 -0.52379758067953286 -0.10062673401327228
p 2.4179499912746163 -0.54395264916594721 -0.14543977138792041
p 2.3976817055067094 -0.57197083161988671 -0.18388073252638396
p 2.3753432948491491 -0.60732499697051501 -0.21428480053917101
p 2.353204869292842 -0.6489356512416582 -0.23554431621330479
p 2.3332119674973759 -0.69516118017610795 -0.24728448684052973
p 2.3165712914869547 -0.74407327696502024 -0.24978745587184131
p 2.3036806585698573 -0.79380167632545595 -0.24366406422900494
p 2.2943518685733721 -0.84268818003493895 -0.22951125811978426
p 2.2880898602346229 -0.88920882091823727 -0.20774052614939367
p 2.284280839849989 -0.93178667763401157 -0.17859603550672395
p 2.2822828732528015 -0.96860606098564273 -0.14232073509692489
p 2.2814673476594316 -0.99751925968389665 -0.09946112212869114
p 2.2812641851649191 -1.0162012476338202 -0.051265935679993518
p 2.28125 -1.0226917607470984 0
tt_link_cut done 4 0
L open 0 1
p 2.451171875 0.49168733887398808 0
p 2.3296251411039965 0.51349588241993205 -0.31836147317681873
p 2.0394952427807436 0.59069442376549208 -0.48455521427245157
p 1.729693799880522 0.74602084228725152 -0.48629017180713124
p 1.461624776183327 0.96289445054613132 -0.43317960820895923
p 1.1985200905709368 1.1882557448667412 -0.39048920292536138
p 0.91095703500203162 1.3838094698249661 -0.36355088378128853
p 0.59414521408277554 1.5283688029416358 -0.34677171454165368
p 0.25535401024238913 1.6095850368208584 -0.33598918537709282
p -0.092910195817550806 1.6206675160647521 -0.32881392971359708
p -0.43592232355190685 1.559309028302627 -0.32390180473612273
p -0.75838296157542273 1.4272326128136985 -0.32047763943872298
p -1.0455512320928533 1.229851053401062 -0.31808007661824078
p -1.284133185893501 0.97587678763860664 -0.31642771739038789
p -1.4630084829249632 0.67683137513312719 -0.31534757594528379
p -1.5738079125973874 0.34644447581303534 -0.31473607848391838
p -1.6113281250000002 0 -0.31453803201518432
L open 0 1
p 2.451171875 -0.49168733887398797 0
p 2.3296251411062854 -0.51349588241947663 0.31836147317423036
p 2.0394952427879236 -0.59069442376296122 0.48455521427087433
p 1.7296937998881867 -0.74602084228206156 0.48629017180832157
p 1.4616247761902768 -0.96289445053995126 0.4331796082103454
p 1.1985200905778244 -1.1882557448613105 0.3904892029262183
p 0.91095703500899827 -1.383809469820992 0.36355088378177086
p 0.5941452140893928 -1.5283688029393381 0.34677171454191952
p 0.25535401024843052 -1.6095850368200388 0.33598918537724454
p -0.092910195812355059 -1.6206675160651252 0.32881392971368467
p -0.43592232354776805 -1.559309028303828 0.32390180473617286
p -0.75838296157243501 -1.4272326128153123 0.32047763943875091
p -1.0455512320909559 -1.2298510534026905 0.31808007661825477
p -1.2841331858925376 -0.97587678763988361 0.31642771739039327
p -1.4630084829246455 -0.6768313751338324 0.31534757594528601
p -1.5738079125973077 -0.34644447581340726 0.31473607848391788
p -1.6113281250000002 0 0.3145380320151846
L open 0 1
p -1.611328125 0 0.31453803201518343
p -1.5738089207388621 0.34643987579108604 0.31473607310303353
p -1.4630124164056639 0.67682282922952164 0.31534755349719107
p -1.2841416709362119 0.97586554905680967 0.31642766318369259
p -1.0455654160302044 1.2298388797146851 0.31807997019345396
p -0.75840346070085063 1.42722154001935 0.32047744924483795
p -0.43594912785370532 1.5593012468163117 0.32390147855775525
p -0.092942631068555256 1.6206651779164187 0.32881338216356787
p 0.25531722462785839 1.6095900231754885 0.33598826129191683
p 0.59410578997807806 1.528382489358955 0.34677012836814447
p 0.9109168101339844 1.3838324141899179 0.36354809600985194
p 1.1984802142781554 1.1882871579536363 0.39048424442845159
p 1.4615837481966643 0.96293093831694587 0.43317142730488317
p 1.7296488724936658 0.74605124364157027 0.48628319850604995
p 2.0394532025121732 0.59070923237330764 0.48456445520579111
p 2.3296125439761277 0.51349838419650728 0.31837571311327767
p 2.451171875 0.49168733887398819 0
L open 0 1
p -1.611328125 0 -0.31453803201518271
p -1.5738089207386248 -0.34643987579217084 -0.31473607310303514
p -1.4630124164047384 -0.67682282923153592 -0.31534755349719651
p -1.284141670934116 -0.97586554905958633 -0.31642766318370585
p -1.0455654160265702 -1.229838879717805 -0.31807997019348128
p -0.75840346069549869 -1.4272215400222414 -0.32047744924488775
p -0.43594912784664824 -1.5593012468183602 -0.32390147855784096
p -0.092942631060013811 -1.6206651779170349 -0.32881338216371214
p 0.25531722463748563 -1.6095900231741855 -0.33598826129215825
p 0.59410578998824304 -1.5283824893554265 -0.34677012836855325
p 0.91091681014450776 -1.3838324141839149 -0.36354809601058091
p 1.1984802142884938 -1.1882871579454894 -0.39048424442973706
p 1.4615837482063319 -0.96293093830834942 -0.43317142730681091
p 1.7296488725002275 -0.74605124363713371 -0.48628319850707175
p 2.0394532025145002 -0.59070923237248696 -0.48456445520527963
p 2.3296125439776127 -0.51349838419621308 -0.31837571311159973
p 2.451171875 -0.49168733887398808 0
tt_ring_round_tube done 8 0
L open 0 1
p 1.7443270598132252 0 0.42968750000000006
p 1.7207390319552571 0.13876226102770112 0.41845186302621035
p 1.6656419361979453 0.26618056872819207 0.38973204934872863
p 1.5984466680250997 0.38489931790017101 0.35122636353124598
p 1.5283195937562304 0.50134839582322244 0.31094774193199115
p 1.4607650638009664 0.62263382835172876 0.28318656187033875
p 1.4055992565388948 0.75211577955482367 0.29206919197557324
p 1.3774045112347182 0.88122358008710011 0.34191068790489559
p 1.3809414706547174 1.0069614229668884 0.40665502899584666
p 1.4160720811069489 1.1315545317913485 0.463570363135062
p 1.4805969170631628 1.2528982579047168 0.49633444762845835
p 1.5672892186326941 1.3643416664619084 0.49388841137883971
p 1.6640806313666581 1.4584765695736717 0.45247330174791828
p 1.7575245169397078 1.5307811630567902 0.37501271904376837
p 1.8354417249961292 1.5803749238608158 0.26805875092640058
p 1.8875091440545821 1.6087314797868291 0.13978709438850445
p 1.9059055542101684 1.6178763915796621 0
L open 0 1
p 1.7443270598132252 0 -0.4296875
p 1.7207390173201618 -0.13876230595933309 -0.4184518558387792
p 1.665641796243674 -0.26618083834535938 -0.38973197250744596
p 1.598446475101909 -0.38489964051015663 -0.35122625002041968
p 1.5283193600420151 -0.50134878971487806 -0.31094761689519645
p 1.4607648370479567 -0.62263427547790096 -0.28318651336171075
p 1.405599090249412 -0.75211628014081877 -0.29206931651068924
p 1.3774044617217482 -0.88122408757923798 -0.34191093516794918
p 1.3809415483864627 -1.0069619234038465 -0.40665528485003827
p 1.416072295406426 -1.1315550578958755 -0.46357056400451691
p 1.4805972230774131 -1.2528987233204303 -0.49633451400623568
p 1.567289549746878 -1.3643420323770681 -0.49388833409797922
p 1.6640809516766271 -1.4584768448943475 -0.45247310306983829
p 1.7575247352599888 -1.5307813147907212 -0.37501248596528536
p 1.8354418367469238 -1.5803749886812293 -0.26805855102111659
p 1.8875091756754161 -1.6087314959826224 -0.13978697585477234
p 1.9059055542101684 -1.6178763915796621 0
L open 0 1
p 1.9059055542101684 1.6178763915796626 0
p 1.8875039833865479 1.608728851161396 -0.1398064373415592
p 1.8354227665483231 1.5803639212855021 -0.26809267277183435
p 1.7574871037638748 1.5307551642761248 -0.37505265134314286
p 1.6640251961833803 1.4584289092013967 -0.45250766911948637
p 1.5672222237475781 1.3642676336154764 -0.49390404580405545
p 1.4805307868864559 1.2527975360158206 -0.4963203668229404
p 1.4160216351986716 1.1314309341564448 -0.46352323558482272
p 1.3809193039744436 1.0068186140181734 -0.40658200588867005
p 1.3774204506007655 0.88106040618885229 -0.34183117324779416
p 1.405661431370328 0.75192869219876746 -0.2920227308370843
p 1.4608651057047668 0.62243660260688105 -0.28320797377488449
p 1.5284417061366897 0.50114257713288846 -0.31101307376362408
p 1.5985771005140528 0.38468122067760657 -0.35130311580271095
p 1.6657645973788302 0.26594414935723609 -0.3897994176061268
p 1.7207634733722208 0.13868730538502891 -0.41846385516680767
p 1.7443270598132252 0 -0.4296875
L open 0 1
p 1.9059055542101684 -1.6178763915796621 0
p 1.8875036905817357 -1.6087287017097365 0.13980753475368041
p 1.835421693734977 -1.5803632984710738 0.2680945925804335
p 1.7574850290035409 -1.5307537223052905 0.37505486589250536
p 1.6640221628545109 -1.458426300940296 0.45250954905001112
p 1.5672186077046522 -1.3642636370703276 0.49390488892691425
p 1.4805272552502122 -1.2527921525731693 0.49631961206600456
p 1.4160190089543843 -1.1314244960312008 0.46352077968587951
p 1.3809183995878895 -1.0068127816771113 0.40657902339423851
p 1.3774209328954408 -0.88105547860702282 0.34182877297794556
p 1.4056626425244494 -0.75192504957269424 0.29202182660995285
p 1.4608660840421615 -0.62243467429013555 0.28320818320778829
p 1.5284421598952582 -0.50114181256817214 0.31101331669514354
p 1.5985769346237024 -0.38468149808959673 0.35130301817578391
p 1.6657640232260091 -0.26594525284932602 0.38979910320372596
p 1.7207631947908479 -0.13868815545368465 0.41846371918973224
p 1.7443270598132257 0 0.4296875
L open 0 1
p 2.2556729401867739 0 -0.4296875
p 2.2581136252658038 0.049852082001766357 -0.42789371067718468
p 2.2651132811745156 0.099020792965774013 -0.42256737638795544
p 2.2758605746377527 0.14701071051066839 -0.41383757071670257
p 2.2893729949273611 0.19357021439526959 -0.4018319298650358
p 2.3047323648274629 0.23860091967322475 -0.38662535146422028
p 2.3211663210637075 0.28203580775445752 -0.36823226777196699
p 2.3380476690115279 0.32377464255988386 -0.34661367622611583
p 2.3548653820440633 0.36365327318625867 -0.32168371142654889
p 2.3711783279598162 0.40139617517250697 -0.29333535689636092
p 2.3865881579863948 0.43660928370873059 -0.26145042415997521
p 2.4007098339877868 0.4687519440952167 -0.22592889925886417
p 2.4131459017916264 0.49710660423917435 -0.18674832215062498
p 2.4234818633926323 0.52079091237529518 -0.14402501161608594
p 2.4312924713197415 0.53879879402687736 -0.098116863718176572
p 2.4361787530246501 0.55012535537438212 -0.049740578494631024
p 2.4378444457898314 0.55399860842033732 0
L open 0 1
p 2.2556729401867739 0 0.42968749999999994
p 2.2581136234379637 -0.049852063012592346 0.42789371204245746
p 2.2651132747539431 -0.099020758420258037 0.42256738147959039
p 2.2758605509715131 -0.14701061945905927 0.41383759070724596
p 2.2893729627189559 -0.19357011301505339 0.40183195998014143
p 2.3047323227176597 -0.23860080355927726 0.38662539557288017
p 2.3211662752992348 -0.28203569125067113 0.36823232241245463
p 2.3380476690398004 -0.3237746428207402 0.34661367610890231
p 2.3548654191061797 -0.36365335975207674 0.32168365207222416
p 2.3711783822881287 -0.40139629968927931 0.29333525451477649
p 2.3865882802655336 -0.43660956224201192 0.26145014623272012
p 2.4007099524707098 -0.46875221383010146 0.22592856784413415
p 2.4131460090427534 -0.49710684931288207 0.18674793842453064
p 2.4234819442405997 -0.52079109821215486 0.1440246189504118
p 2.4312925105224603 -0.53879888451904068 0.098116576425996527
p 2.4361787625551901 -0.55012537758192859 0.049740435440017355
p 2.4378444457898314 -0.55399860842033721 0
L open 0 1
p 2.4378444457898314 0.55399860842033766 0
p 2.4361787607862335 0.55012537346004042 0.049740461996132974
p 2.4312925030151162 0.53879886715234826 0.098116631963793596
p 2.4234819298095087 0.52079106505777839 0.1440246891227242
p 2.413145978914792 0.49710678049588508 0.18674804632115727
p 2.4007099237385114 0.4687521484142041 0.22592864807357971
p 2.3865882574397848 0.43660951025275352 0.2614501982095721
p 2.3711784388195065 0.40139642970040418 0.29333514731424198
p 2.3548655158671785 0.36365358612325777 0.3216834970130899
p 2.3380478056911871 0.32377497223902213 0.34661348853649748
p 2.3211664738170872 0.28203619685144427 0.3682320851154291
p 2.3047324833886549 0.23860124780032663 0.38662522694879647
p 2.2893730767043188 0.19357047068735309 0.40183185364055868
p 2.2758606102429435 0.14701084861586602 0.41383754046017079
p 2.2651132900659174 0.099020840812571148 0.42256736938387318
p 2.2581136277189091 0.049852107386919496 0.42789370884970013
p 2.2556729401867739 0 0.42968750000000006
L open 0 1
p 2.4378444457898314 -0.55399860842033721 0
p 2.4361787643840698 -0.5501253817429369 -0.049740410003833779
p 2.4312925128199252 -0.53879888980532886 -0.098116560595316898
p 2.4234819640163114 -0.52079114367736479 -0.14402452294812401
p 2.4131460071059556 -0.49710684488559959 -0.18674794534373471
p 2.4007099384574131 -0.46875218191801077 -0.22592860686057073
p 2.3865882539479086 -0.43660950229988044 -0.26145020617196668
p 2.3711784342453961 -0.40139641902742385 -0.29333515616791778
p 2.3548655050843945 -0.3636535606021899 -0.32168351457337424
p 2.3380478054067075 -0.32377497178815773 -0.34661348875111764
p 2.3211664670648906 -0.28203617937274639 -0.3682320933451691
p 2.3047324820283754 -0.23860124358257451 -0.38662522850025977
p 2.2893730794124441 -0.19357047971256602 -0.40183185100102992
p 2.2758606239099315 -0.1470109004992573 -0.41383752902683552
p 2.265113299289375 -0.099020890474060208 -0.42256736218061119
p 2.2581136301903291 -0.049852132809207438 -0.42789370701659368
p 2.2556729401867739 0 -0.4296875
tt_parallel_offset done 8 0
L open 0 1
p -1.3972754037844393 -0.70927472703470484 0.25
p -1.4046391004713503 -0.53785418039578736 0.063851640077364394
p -1.2459505786514842 -0.84021791484699748 -0.052687754084987638
p -1.0297059144383229 -1.116870771363665 -0.13691100307030338
p -0.75723446955757912 -1.3442891147074432 -0.20261474162663282
p -0.4354709812435798 -1.5016955292546526 -0.24397004629762956
p -0.080584161044149949 -1.5588617673106 -0.23922617291733064
p 0.25267844896641178 -1.4951962592103012 -0.12699457307751155
p 0.49989348566555131 -1.4310427591991459 0.12486393083790868
p 0.74704397251445442 -1.4951007101857754 0.37681190251359575
p 1.0802409616451891 -1.5588564374600875 0.48918395128780762
p 1.435143495165466 -1.5018039347129637 0.49399320483070941
p 1.7569490273657189 -1.3444767626473972 0.45266761375736014
p 2.0294716475193915 -1.1171145095630011 0.38698278612757975
p 2.2457720308831024 -0.8404996895223138 0.30277776461817324
p 2.4045150805018083 -0.53812192181918894 0.18630426515440288
p 2.3972754037844379 -0.70927472703470673 -2.7755575615628914e-17
L open 0 1
p 2.3972754037844384 0.70927472703470684 -2.7755575615628914e-17
p 2.4046152463986568 0.53790566906951864 0.18617837124640149
p 2.2459189147508773 0.84026789330385099 0.30270372027971054
p 2.0296650809547567 1.1169132627927039 0.38692351658853341
p 1.7571856079595978 1.3443212424027167 0.45262379393096552
p 1.4354159302884277 1.5017137585239089 0.49397394346417522
p 1.0805275328279298 1.5588608952871257 0.48921921242336819
p 0.74727671446265875 1.4951808280504635 0.37696508112712324
p 0.50007284606776681 1.4310427495678659 0.12509305886450267
p 0.25291289623095758 1.4951155594714567 -0.12684030051296613
p -0.080293430598194881 1.5588572619431629 -0.23919041351884632
p -0.43519264197858726 1.5017876730758939 -0.2439897311882957
p -0.75699092411424573 1.3444492257401108 -0.20265985495111738
p -1.0295051877463735 1.1170796188956746 -0.13697250840498662
p -1.2457969286821087 0.84046040356301632 -0.052765216317823563
p -1.404531404898621 0.53808667711682756 0.063716242132510412
p -1.3972754037844393 0.70927472703470429 0.25
L open 0 1
p 2.3972754037844379 -0.70927472703470751 -2.7755575615628914e-17
p 2.3469184889683801 -0.8556742070732114 -0.044226431259627171
p 2.2842284629450198 -0.99886459103862024 -0.082919308183926288
p 2.2103559266168791 -1.1376929337887352 -0.11763802630168185
p 2.1261951967450159 -1.2714032341239598 -0.14884376904681404
p 2.0325880255707296 -1.3994719760692984 -0.17658509641244358
p 1.9303732488576533 -1.521581554213838 -0.20068787819758846
p 1.820447058026609 -1.6375785782997496 -0.22079185592928055
p 1.7037607203830223 -1.7475190801156417 -0.23633548082225073
p 1.5813265976317774 -1.8516885854576395 -0.24648258138328846
p 1.454239754528847 -1.9505791733439648 -0.24999232107108815
p 1.3236948124090167 -2.0447835684426536 -0.24504091844614739
p 1.1910187703153259 -2.1346650450396925 -0.22905668308719984
p 1.0576602479083361 -2.2196788548717392 -0.19878909220263161
p 0.92502643044599642 -2.2974141485185631 -0.15101849436260667
p 0.79413285896011221 -2.3629944451299161 -0.08415080966116166
p 0.66522459621556129 -2.4098705850293789 8.3266726846886741e-17
L open 0 1
p 0.33477540378443882 -2.4098705850293789 0.25
p 0.20586701019345399 -2.3629943831873153 0.33415089858390046
p 0.07497207038762152 -2.2974133348033914 0.4010191399663886
p -0.057659678045780142 -2.2196792144806103 0.44878892432490325
p -0.19101747671826363 -2.1346658959885283 0.47905646419653825
p -0.3236928499650451 -2.0447849372754825 0.49504077039508515
p -0.45423713823918616 -1.9505811289884056 0.4999923138751225
p -0.58132341535871812 -1.8516911690799545 0.49648276145451292
p -0.70375677407560688 -1.7475226073425454 0.48633591006518129
p -0.82044254346018897 -1.6375830723255143 0.47079256972790295
p -0.93036817287520468 -1.5215872349489941 0.45068893527004805
p -1.0325861771077016 -1.3994743294856602 0.42658556082691013
p -1.1261945749480673 -1.2714041544360108 0.39884399625946704
p -1.2103546353305941 -1.1376951536944793 0.36763854885669933
p -1.2842272074587242 -0.99886718273685138 0.33291998470654038
p -1.3469179666789886 -0.85567554193644968 0.29422680934854556
p -1.3972754037844377 -0.70927472703470773 0.25
L open 0 1
p -1.397275403784439 0.70927472703470518 0.25
p -1.3469177254137936 0.85567615795946872 0.29422698272811448
p -1.2842266999052552 0.99886823016193116 0.33292025748330406
p -1.2103538244089991 1.1376965508316477 0.36763888644819226
p -1.1261931995131327 1.2714061774673107 0.39884445058506057
p -1.0325842903306754 1.3994767375709025 0.42658606210897332
p -0.93036635495614672 1.5215892733245484 0.45068931506293836
p -0.82044075391056592 1.63758485312986 0.4707928524962996
p -0.70375505512906655 1.7475241444692542 0.48633609721712195
p -0.58132180810314094 1.8516924737524696 0.49648285254036478
p -0.45423578314704555 1.9505821420648213 0.49999231006231382
p -0.32369176527440557 2.0447856950385326 0.49504068808902302
p -0.19101668067065922 2.134666419648469 0.47905632958259331
p -0.057659181947579047 2.2196795193650143 0.44878878087448298
p 0.074972232163878966 2.2974134147592342 0.40101907270885739
p 0.20586689280823306 2.3629943314843893 0.33415096723984417
p 0.33477540378443882 2.4098705850293789 0.25
L open 0 1
p 0.66522459621556129 2.4098705850293789 8.3266726846886741e-17
p 0.794134737444952 2.3629936109167016 -0.084151923759379757
p 0.92503263650364709 2.2974107622755113 -0.15102117766105727
p 1.0576626711653201 2.2196773769078417 -0.19878978937683364
p 1.191019257730439 2.1346647244806616 -0.2290567656545997
p 1.3236934278393631 2.04478453436796 -0.24504081392541643
p 1.4542365651914004 1.9505815574781527 -0.24999231222337961
p 1.5813217451762709 1.8516925249018159 -0.24648285607098663
p 1.703754151524125 1.7475249540061997 -0.23633619607446452
p 1.8204391645343792 1.6375864303856715 -0.22079310228020757
p 1.9303641277661436 1.5215917729581607 -0.20068978107528773
p 2.0325836129844852 1.3994776042316321 -0.17658625175268744
p 2.1261943213499803 1.2714045308186475 -0.14884409295827691
p 2.2103537607454733 1.1376966560403248 -0.11763889901281771
p 2.2842261690247461 0.99886932896102931 -0.082920550887828667
p 2.3469175324400622 0.8556766512070636 -0.044227122523184281
p 2.3972754037844379 0.70927472703470618 -2.7755575615628914e-17
L open 0 1
p 0.66522459621556118 -2.4098705850293793 8.3266726846886741e-17
p 0.64448427361100324 -2.4152693027476353 0.014926701827413562
p 0.62377797862158335 -2.4199915917043486 0.030127864015746793
p 0.60310159961921272 -2.424019200895843 0.045567645643133946
p 0.5824505517243449 -2.4273364443545007 0.061208753926119817
p 0.56181993107344452 -2.4299302955783992 0.077012625990438885
p 0.54120466908645859 -2.4317904819609333 0.092939610641794151
p 0.52059968673428525 -2.4329095792204423 0.10894915013663591
p 0.50000004847845436 -2.4332831058298234 0.12499996220901896
p 0.47940038761290454 -2.4329095821029054 0.14105079197682122
p 0.45879539150480214 -2.4317904864179933 0.15706034236511995
p 0.43818012015464203 -2.429930301055351 0.17298733457988408
p 0.4175494911134307 -2.4273364503887969 0.18879121345598066
p 0.39689843377658535 -2.424019206771328 0.20443232925570221
p 0.3762220436778313 -2.4199915964207546 0.21987211946729404
p 0.35551573678310266 -2.4152693053053302 0.23507329060348214
p 0.33477540378443893 -2.4098705850293793 0.24999999999999994
L open 0 1
p 0.33477540378443921 2.4098705850293793 0.24999999999999994
p 0.35551573620137977 2.4152693051435472 0.23507329103939545
p 0.37622204032106588 2.419991595699321 0.21987212196025446
p 0.39689842784865137 2.4240192057526841 0.20443233369985531
p 0.41754948390426688 2.4273364494264129 0.18879121892798409
p 0.43818011274786162 2.4299303002977397 0.17298734027963208
p 0.45879538350404508 2.4317904857860353 0.15706034858769261
p 0.47940037588692874 2.4329095815404789 0.14105080111565868
p 0.50000002599648363 2.4332831058277016 0.12499997973445372
p 0.5205996791830817 2.4329095795048081 0.1089491560379931
p 0.54120466194147643 2.4317904822438621 0.092939616182729334
p 0.56181991986801094 2.4299302964426466 0.077012634549263992
p 0.58245053852145823 2.4273364460215574 0.061208763903316615
p 0.60310158924356927 2.4240192027663103 0.045567653431649195
p 0.62377797497961951 2.4199915926706423 0.0301278667779908
p 0.64448427609895975 2.415269302279027 0.014926700078962133
p 0.66522459621556207 2.4098705850293793 8.3266726846886741e-17
tt_through_hole done 6 0
L open 0 1
p 0 -1.59765625 -0.2968492998744271
p 0.062663659514573714 -1.5931288861397055 -0.29233000688887584
p 0.12269479843439722 -1.5799994593958873 -0.27851860349903629
p 0.17738592942893064 -1.5597220178476316 -0.25477014118357688
p 0.22403953919979538 -1.5349660209908169 -0.22046645552687602
p 0.26043516729632382 -1.5096136216007976 -0.17577050939041122
p 0.28559369209267466 -1.4880129047210464 -0.12223666246996642
p 0.29996516537663181 -1.4737171567189322 -0.062608324180127448
p 0.30458732307850594 -1.4687500002156801 1.3085450279012262e-05
p 0.2999614406748965 -1.4737210622475065 0.062632769272362748
p 0.28558634522456505 -1.4880198093573878 0.12225806300605836
p 0.26042557423409746 -1.5096211491735876 0.17578591988759432
p 0.22402914529709264 -1.5349724286948696 0.22047630640901458
p 0.17737644159441709 -1.5597263010073024 0.25477551666717885
p 0.12268761544315127 -1.5800015762712305 0.27852092060736283
p 0.062659827082292882 -1.5931294430990754 0.29233057034042331
p 0 -1.59765625 0.29684929987442688
L open 0 1
p 0 -1.59765625 0.29684929987442688
p -0.062663623009526645 -1.593128891452672 0.29233001223148053
p -0.12269473209601155 -1.5799994789374996 0.27851862494789431
p -0.17738583375787534 -1.5597220610297649 0.25477019446495958
p -0.22403947453135353 -1.5349660605995574 0.22046651676187898
p -0.26043513053012973 -1.509613650471304 0.17577056843878724
p -0.28559366954995002 -1.4880129259144335 0.12223672817343488
p -0.29996515379465422 -1.4737171689768005 0.062608400980144405
p -0.30458732307556363 -1.4687500002135763 -1.2997547992706592e-05
p -0.29996145532287405 -1.4737210468354698 -0.062632672818437859
p -0.28558637884751137 -1.4880197779350517 -0.12225796573942799
p -0.26042563904347737 -1.5096210983766463 -0.17578581575698232
p -0.22402925092231643 -1.5349723636342854 -0.22047620632298151
p -0.17737659042964318 -1.5597262338271367 -0.25477543257490398
p -0.12268770936269174 -1.5800015486283763 -0.27852089012871106
p -0.062659881136269122 -1.5931294352149581 -0.29233056248793382
p 0 -1.59765625 -0.2968492998744271
L open 0 1
p -0.30458732327528026 1.46875 0
p -0.30344014232973804 1.4700012103078579 0.031493604263962284
p -0.29996347511541999 1.4737189387878256 0.062619487025958806
p -0.29405961713654222 1.4797905188420761 0.092999185435559115
p -0.28559066186918852 1.4880157527649409 0.12224549043670786
p -0.27441531904967054 1.4980930217313397 0.14996332780654034
p -0.26043119491414146 1.5096167388005872 0.17577689100741495
p -0.24361294943276388 1.5220920487101492 0.1993609611708477
p -0.22403520924143872 1.5349686902285606 0.22047055939153079
p -0.20187245014160737 1.5476875020256005 0.23895864622561133
p -0.17738193100108568 1.5597238229100883 0.25477240590479411
p -0.15087395050459296 1.5706204286769492 0.26793580221171898
p -0.12269178803304941 1.5800003465672752 0.27851957478236727
p -0.093174551875771061 1.5875745740612157 0.28662027365447307
p -0.06266204981972251 1.5931291201023865 0.29233024347306907
p -0.031492651857041684 1.5965177154368404 0.29572383878443348
p 0 1.59765625 0.2968492998744271
L open 0 1
p 0.3045873232752801 1.46875 0
p 0.30344014246718554 1.4700012104310023 -0.031493606075510702
p 0.29996347527785244 1.473718938263479 -0.062619483538381301
p 0.29405961782621576 1.479790518681835 -0.092999184980057409
p 0.28559066339967609 1.4880157512667505 -0.12224548574077437
p 0.27441532430170168 1.4980930172489344 -0.14996331650463696
p 0.26043120948537507 1.5096167273111416 -0.17577686760627884
p 0.24361296854024331 1.5220920353585918 -0.1993609378071326
p 0.22403523859297464 1.5349686722639326 -0.22047053157348387
p 0.20187249075160718 1.5476874801766756 -0.23895861640251984
p 0.17738199078775077 1.5597237959311958 -0.25477237289769455
p 0.15087400319481675 1.5706204090304088 -0.26793577963176368
p 0.1226918181699316 1.5800003377117537 -0.27851956492583874
p 0.093174572595722871 1.5875745695173282 -0.2866202689255205
p 0.062662068772458751 1.5931291173268438 -0.29233024075521896
p 0.031492667565544252 1.5965177143283451 -0.29572383756014969
p 0 1.59765625 -0.2968492998744271
L open 0 1
p 0 1.59765625 0.29684929987442699
p 0.03149270817089421 1.5965177114402254 0.29572383447037959
p 0.062662127036585386 1.5931291088208754 0.29233023231450656
p 0.093174645034086859 1.5875745536324182 0.28662025235923139
p 0.12269191740814175 1.5800003085124517 0.27851953266832646
p 0.15087415138639293 1.5706203538209467 0.26793571590390874
p 0.17738215313102865 1.5597237226463674 0.25477228044588496
p 0.2018726286176854 1.5476874067988238 0.23895851524505682
p 0.22403533412525675 1.5349686133301297 0.22047044105786728
p 0.243613032930241 1.5220919899978951 0.19936085851789634
p 0.26043124340842977 1.509616700783994 0.17577681309283258
p 0.27441534442553217 1.4980929997414059 0.14996327369142476
p 0.28559066863294719 1.4880157461297296 0.12224546972127671
p 0.29405962155335263 1.4797905158857501 0.092999173654961839
p 0.2999634768701217 1.4737189359586691 0.062619468812627616
p 0.30344014329303542 1.470001210017408 0.031493601204112112
p 0.30458732327528021 1.46875 0
L open 0 1
p 0 1.59765625 -0.29684929987442715
p -0.031492698046613789 1.5965177121604097 -0.29572383524058748
p -0.06266211249449205 1.5931291109438224 -0.29233023442130751
p -0.093174626940186453 1.5875745576001714 -0.28662025649740497
p -0.12269189262163419 1.5800003158056157 -0.27851954072479229
p -0.15087411439761428 1.5706203676011699 -0.26793573181075936
p -0.17738211265898735 1.5597237409164075 -0.25477230349524987
p -0.20187259412178032 1.5476874251554931 -0.23895854055433058
p -0.22403530577242683 1.5349686308434505 -0.22047046793444586
p -0.24361301058619503 1.5220920056434915 -0.1993608859697121
p -0.26043122683749637 1.509616713782296 -0.17577683971343391
p -0.27441533226327008 1.4980930102727534 -0.14996329964086594
p -0.28559066045904191 1.4880157537903786 -0.12224549345161209
p -0.29405961712255341 1.479790520456739 -0.092999192689934895
p -0.29996347494047698 1.473718937910643 -0.062619480999496976
p -0.30344014287293397 1.4700012105357603 -0.031493607761460242
p -0.30458732327528004 1.46875 0
tt_over done 4 0
L open 0 1
p 0 2.4000000000000004 0.30000000000000066
p 0.16626924407435201 2.3767241121085059 0.32197610699253665
p 0.31153230212298655 2.3083088308920141 0.37630230350514504
p 0.42249082369652896 2.1971651514079746 0.44003789770305168
p 0.48740260561677129 2.0486802479817423 0.4886648868979564
p 0.49711897327011784 1.880272431873085 0.49695231393823813
p 0.4613941944103403 1.7216868440329511 0.45018594378002807
p 0.41350823421656902 1.5920995006580165 0.35202263231537323
p 0.39318694075438426 1.4970964728566709 0.21348584695967368
p 0.41802478538409082 1.4436928325703302 0.054643777661137045
p 0.46490142613920743 1.4386005693472481 -0.10823244893856164
p 0.4981805805744115 1.4945375071405325 -0.26400561279562107
p 0.4842874216840683 1.6103580956645567 -0.38551666651196059
p 0.41707874973737291 1.7481767259054752 -0.45704370749156548
p 0.30802186148304456 1.8738614075560924 -0.48969456882691942
p 0.16555131517179728 1.9652237935917414 -0.49922569976053677
p 0 2 -0.50000000000000011
L open 0 1
p 0 -2.3999999999999999 0.30000000000000004
p -0.16626924407423235 -2.376724112108541 0.32197610699250534
p -0.31153230212273325 -2.3083088308921904 0.37630230350502214
p -0.42249082369628421 -2.1971651514083321 0.44003789770288737
p -0.48740260561664511 -2.048680247982285 0.48866488689784898
p -0.49711897327019555 -1.8802724318738571 0.4969523139383234
p -0.46139419441063778 -1.7216868440338431 0.45018594378048277
p -0.41350823421689431 -1.5920995006589289 0.35202263231634684
p -0.39318694075435168 -1.4970964728574214 0.21348584696119044
p -0.41802478538359605 -1.4436928325706937 0.054643777663070138
p -0.46490142613861152 -1.4386005693469555 -0.10823244893647886
p -0.4981805805742559 -1.4945375071395228 -0.26400561279400125
p -0.48428742168443667 -1.6103580956633858 -0.38551666651112193
p -0.41707874973794296 -1.7481767259046139 -0.45704370749125234
p -0.30802186148354804 -1.8738614075556481 -0.48969456882684587
p -0.16555131517206401 -1.965223793591627 -0.49922569976053166
p 0 -2 -0.50000000000000011
L open 0 1
p 0 2 -0.50000000000000011
p -0.16553723405298257 1.9652298036265026 -0.49922596755525461
p -0.30799883007456752 1.8738817399461487 -0.48969793566818748
p -0.4170542061990159 1.7482138124602213 -0.45705718282327917
p -0.48427202865901459 1.6104070160512729 -0.38555169290126429
p -0.4981869072026005 1.4945786525630678 -0.26407159997898483
p -0.46492342801306519 1.4386113888215326 -0.10830945087284397
p -0.41803966152789179 1.4436818771258322 0.054585666914924093
p -0.39318799341966193 1.4970727316632635 0.21343777505359507
p -0.4134971844897149 1.5920684844033619 0.35198954650004344
p -0.46138286612984386 1.7216528444745753 0.45016865396379935
p -0.49711566914803718 1.8802397553555725 0.49694871505092864
p -0.4874085019800487 2.04865494336812 0.48866992369713691
p -0.42250130901240712 2.1971498474768336 0.44004493740378758
p -0.31154241557580553 2.3083018118110834 0.37630720651967525
p -0.16627538835439243 2.376722319476174 0.32197772062592805
p 0 2.3999999999999999 0.29999999999999938
L open 0 1
p 0 -2 -0.50000000000000022
p 0.16553723405292042 -1.9652298036265292 -0.49922596755525556
p 0.30799883007438117 -1.8738817399463126 -0.48969793566821485
p 0.41705420619876593 -1.7482138124606001 -0.45705718282341706
p 0.48427202865884744 -1.610407016051804 -0.38555169290164443
p 0.49818690720267111 -1.4945786525635261 -0.26407159997971974
p 0.46492342801334663 -1.4386113888216712 -0.10830945087382871
p 0.41803966152816585 -1.4436818771256306 0.05458566691385501
p 0.3931879934196848 -1.4970727316627477 0.21343777505255143
p 0.41349718448944822 -1.5920684844026127 0.35198954649924363
p 0.46138286612957796 -1.7216528444737773 0.45016865396339395
p 0.49711566914795391 -1.8802397553547432 0.49694871505083693
p 0.4874085019802164 -2.0486549433674015 0.4886699236972803
p 0.4225013090127247 -2.1971498474763709 0.44004493740400047
p 0.31154241557609663 -2.3083018118108809 0.37630720651981631
p 0.16627538835458003 -2.3767223194761189 0.32197772062597807
p 0 -2.3999999999999999 0.29999999999999982
tt_tilted done 10 0
L open 0 1
p 3 2.9043742242284365 1.9642721097936897
p 2.9109653704140714 2.8138205372328224 1.905035065703433
p 2.8112431692704329 2.7172264950140232 1.8870564648622064
p 2.7176925071782305 2.617624314850747 1.9168852638235141
p 2.6503915917467329 2.5191951077235348 1.9899896315028964
p 2.6250402317553965 2.421805752483936 2.0872599984249911
p 2.6452889414141545 2.3211722729695405 2.1825030248525725
p 2.7015888697319386 2.2175629334221414 2.2583558360505878
p 2.7817961611177382 2.1174064300320952 2.3149670441112118
p 2.8839723521669325 2.0320741134446476 2.3573985970570108
p 3.0163995576121505 2.004925378932918 2.3746606311690797
p 3.1311195022888807 2.0796763450092981 2.3562418051199474
p 3.2114372474142558 2.192579851786324 2.3371157755794068
p 3.2708837616766377 2.3194642864380977 2.3317567185740686
p 3.3131414998621236 2.452063262463005 2.3476436125759639
p 3.3388790875261538 2.5813138321684455 2.3944424772166015
p 3.3476441182037537 2.6875194108739926 2.4843604418445051
L open 0 1
p 2.9999999999999996 1.0956257757715653 4.035727890206311
p 2.9109847237172941 1.1861607079493712 4.0949568877868945
p 2.8112831169763877 1.2827339595534368 4.1129457303953822
p 2.7177426529708688 1.3823160871327973 4.083146758770984
p 2.6504299899220878 1.4807272367989754 4.0100816809223518
p 2.6250421885532873 1.5780962484175345 3.9128401208707841
p 2.6452404091877471 1.6787048159241753 3.8176007906580476
p 2.7014917029414032 1.7822931697505768 3.7417350577223076
p 2.7816546934063764 1.8824438641727985 3.6851100277466706
p 2.8837739551808079 1.9678073861019867 3.6426601725544248
p 3.0161470299799067 1.9951332562020936 3.6253288587368613
p 3.1309374902969913 1.9205196518583814 3.6437140331213542
p 3.2113053428320542 1.8076532827766987 3.6628581871615178
p 3.2708089454480032 1.6807291999711029 3.668249162403221
p 3.3131091765675551 1.5480630579493739 3.6523842476066375
p 3.3388708086454342 1.4187444388569259 3.6055892425235658
p 3.3476441182037537 1.3124805891260074 3.5156395581554949
L open 0 1
p 3.3476441182037542 1.3124805891260074 3.5156395581554949
p 3.3388836783629392 1.2559047522545821 3.3885411375690904
p 3.3131284607926155 1.2471635979146234 3.2512688637688765
p 3.2708356518413577 1.2690676437373924 3.1194570830349009
p 3.2113813113195748 1.3097470624873455 2.9991772490115696
p 3.1308973187981044 1.359801487513034 2.8960224406010462
p 3.0158919638070314 1.3983480944587829 2.8295265083973216
p 2.8834903872865052 1.3739039790612171 2.8510994453021632
p 2.7813471641502652 1.3091264299840819 2.9212887993505303
p 2.7012304941884513 1.226633064739064 3.0016159182430759
p 2.6451099919330567 1.1247794413456067 3.0797545273233022
p 2.6250476858216341 1.0052078993704388 3.1496100972672449
p 2.650533362236013 0.88468276743508067 3.2158257585921697
p 2.7178774295980457 0.78710026077391582 3.2898251187673342
p 2.8113902421182382 0.73070230245539347 3.3770507547170192
p 2.9110366159904975 0.72097302614727565 3.4747521124167302
p 2.9999999999999978 0.75247644261797741 3.5781954460015259
L open 0 1
p 2.7026261129638316 2.7715404383506779 2.9999999999999982
p 2.6742441696659456 2.8134785234701316 2.9648792625797764
p 2.6512272968089849 2.8594507734824357 2.93091848751641
p 2.6347803040926352 2.9092813315549986 2.8986309548219644
p 2.6261159353103061 2.9620944855899163 2.8681184593762179
p 2.6261251469163658 3.016343211368234 2.8389286188502179
p 2.6351745498196402 3.0700481089042113 2.8101434698474383
p 2.6530641744817158 3.1210825578378096 2.7806522666677762
p 2.679065236964473 3.1673906237540326 2.7494549472940717
p 2.7119853156636045 3.2071646257886144 2.7158728069713782
p 2.7502748582433791 3.2390053824908112 2.6796311135322282
p 2.7921901063618884 3.2620369560073925 2.6408196352920279
p 2.8359713438267624 3.2759267191211672 2.5997784656739333
p 2.8799863118980769 3.2808160004182296 2.5569582507807023
p 2.9227948334389144 3.2772003994244754 2.5128076593808748
p 2.9631620636395901 3.2658107096609115 2.4676808622895354
p 3 3.2475235573820203 2.4218045539984692
L open 0 1
p 3.211881708862955 2.6905955051242563 3
p 3.1894685317253022 2.6755094108023516 3.0344046569608509
p 3.164883253932635 2.6598087514926618 3.0669197240887036
p 3.1376924727631574 2.6438903623252892 3.0972549337340944
p 3.1073837457634119 2.6284470884841538 3.1247223929114862
p 3.0732265524161591 2.6146131236898804 3.1481605851322536
p 3.0344707166795457 2.6043296154416766 3.1655228768336521
p 2.9918054370199183 2.6004581070536847 3.1737440673470818
p 2.9484759646545431 2.6048140948694898 3.171123297396981
p 2.9078856759540641 2.6161557117025471 3.159596062035904
p 2.8709883135260399 2.6320434790922098 3.1424196515705822
p 2.8372816427494723 2.650835334009964 3.1218440254443469
p 2.8062227489317637 2.6716600751011441 3.0992019624423333
p 2.7773492254816854 2.6941880137594119 3.0752285629407532
p 2.7504641394979186 2.7183077287011783 3.0504477283687432
p 2.7255300694551634 2.7440497085187086 3.0252628853296417
p 2.7026261129638347 2.7715404383506734 3
L open 0 1
p 3.3476441182037542 2.6875194108739926 2.4843604418445051
p 3.3470935329985321 2.7068726269333774 2.5136120370068484
p 3.3454465940437159 2.7227071381027437 2.5448596017729295
p 3.3427132019374386 2.7350414173470998 2.577583750302308
p 3.3389061976722028 2.7440566816889449 2.6112823463807331
p 3.334042859192667 2.7500295064029028 2.6454983844544242
p 3.3281429972885825 2.7532812391079253 2.6798635649151161
p 3.3212113988441243 2.7541333446844205 2.7141674609855753
p 3.3132495739588803 2.7528685188800939 2.7482469228087396
p 3.3042597550712478 2.7497326412580776 2.7819606617588115
p 3.2942438948953652 2.744940658439472 2.8151892205452174
p 3.2832012359788298 2.7386811034338141 2.8478344805011537
p 3.2711244544948181 2.7311195765340068 2.8798186902468519
p 3.2579943808822911 2.7224015132522599 2.9110829999177597
p 3.243773299947919 2.7126545647735534 2.9415854851477681
p 3.2284177876360673 2.7020059231173792 2.9712589094046562
p 3.2118817088629545 2.6905955051242567 3
L open 0 1
p 3 0.75247644261797941 3.5781954460015304
p 3.0105920795135765 0.75942892742963264 3.5926187489126509
p 3.0207145330375549 0.76692562712335044 3.6071065654059873
p 3.0303375012106644 0.77493493258708357 3.621660575092938
p 3.0394322062094905 0.78342588424280324 3.6362857192032028
p 3.047967857128203 0.79236568276566011 3.6509856466622987
p 3.0559123804908346 0.80171984045046196 3.6657628088669467
p 3.0632332691202913 0.81145267847733105 3.6806191660980345
p 3.0698979461662232 0.82152749847194506 3.6955559499530857
p 3.0758742337992215 0.83190689383926031 3.7105732971453551
p 3.0811309140031593 0.84255316971249372 3.725669778809841
p 3.0856383688974867 0.85342884035913358 3.7408418494565225
p 3.0893692880213099 0.86449717288575711 3.7560832397111281
p 3.0922994300110433 0.87572274608342682 3.7713843169837062
p 3.0944084261034752 0.88707199325543729 3.786731438205325
p 3.0956806128960648 0.89851369786919533 3.8021063187731978
p 3.0961058817962455 0.91001941087399285 3.8174854418445054
L open 0 1
p 2.9999999999999996 3.2475235573820207 2.4218045539984705
p 3.0105920913505959 3.2405710642557604 2.407381234553609
p 3.0207145559709807 3.2330743549219703 2.3928934009005731
p 3.030337516866437 3.2250650538451002 2.3783393993446396
p 3.0394321841663339 3.2165741377090442 2.3637143165173877
p 3.0479678130613364 3.2076343660725786 2.3490144329054927
p 3.0559123269297968 3.198280226434508 2.3342372962954872
p 3.0632332158338405 3.1885473969682319 2.3193809478644498
p 3.0698979001162026 3.178472576003653 2.304444158684023
p 3.0758741990188403 3.1680931711723996 2.2894267953104528
p 3.0811308916508477 3.1574468795051818 2.2743302901968319
p 3.0856383576331501 3.1465711897701025 2.2591581926637327
p 3.0893692847475198 3.135502838340797 2.2439167761644394
p 3.0922994309173699 3.124277249883185 2.22861567758093
p 3.0944084278478736 3.1129279941497092 2.2132685442868278
p 3.0956806136528994 3.1014862901698925 2.197893664713503
p 3.0961058817962455 3.0899805891260073 2.1825145581554946
L open 0 1
p 3.0961058817962459 0.91001941087399307 3.8174854418445054
p 3.0956806106821455 0.92156180687927558 3.832837129125449
p 3.0944084289690568 0.93311796263888946 3.8481260625691531
p 3.0922994622447737 0.94467327701767945 3.8633183616157494
p 3.0893693891617953 0.95621894564679577 3.8783789505516593
p 3.0856385906006172 0.96775127801134675 3.8932717985778482
p 3.0811313152279456 0.9792709547539945 3.9079602226141366
p 3.0758748739370829 0.99078225689031596 3.9224072298020833
p 3.0698988756577261 1.0022922986317528 3.9365758766689436
p 3.0632345170224182 1.0138102955119692 3.9504296219152053
p 3.0559139383769143 1.0253468995124473 3.9639326497882128
p 3.0479696586216911 1.0369136328831354 3.9770501410043844
p 3.039434101371838 1.0485224523539733 3.9897484681825066
p 3.0303392249226104 1.060185475433125 4.0019952927506655
p 3.020715761581509 1.0719154092335141 4.0137601276512376
p 3.0105927236890611 1.0837253638780329 4.0250142968507996
p 2.9999999999999996 1.0956257757715653 4.035727890206311
L open 0 1
p 3.0961058817962455 3.0899805891260073 2.1825145581554946
p 3.0956806259487322 3.0784383908469399 2.1671631355290764
p 3.0944084604922799 3.0668822458785505 2.1518742152202428
p 3.0922994974574758 3.0553268836502014 2.1366818490552855
p 3.0893694264700748 3.0437811865031383 2.1216212189788517
p 3.085638647999223 3.0322488850913776 2.1067284089005613
p 3.0811314279805875 3.0207293107274311 2.0920401136826752
p 3.0758750855503094 3.0092181735515999 2.0775933080061555
p 3.0698992256257367 2.9977083354036154 2.0634248978524172
p 3.0632350280688843 2.9861905462753615 2.0495713773381037
p 3.0559146051685713 2.9746541132234481 2.036068513640203
p 3.0479704391771532 2.9630874706203643 2.0229510827488064
p 3.0394349116378487 2.9514786206230088 2.0102526787848682
p 3.030339936238553 2.939815412737302 1.9980056196202394
p 3.0207162617416028 2.9280851866368494 1.9862404555101754
p 3.0105929862141076 2.9162749364284273 1.9749859816520192
p 3 2.9043742242284343 1.9642721097936884
tt_miss done 0 0
tt_side_touch done 0 0
tt_saddle_touch done 4 0
L open 0 1
p 2.4479166666666674 0.50764553879213381 0
p 2.4407608738188675 0.51197653019566447 0.077995542420325858
p 2.4198869235993943 0.52499632718729594 0.15248397885163029
p 2.3870184156721375 0.54691718699281111 0.22025827469607745
p 2.3449693151772206 0.57843801122509753 0.2784972570913779
p 2.2978722612918356 0.62089888063980836 0.32463395154299801
p 2.2515482568456231 0.67557911762282075 0.35636589133175739
p 2.2125628105582091 0.74161266862622821 0.37249024300289435
p 2.1848356591705458 0.81493963601521768 0.37397868688272889
p 2.1679311391559106 0.89077955594176972 0.3630418220810534
p 2.159291262116529 0.96570711848650026 0.34129319496350302
p 2.156346800456284 1.0373224218489279 0.3092671777014725
p 2.1570498979011234 1.1033454082029925 0.26681845229147405
p 2.1597572877064763 1.161021309459318 0.21367211416240608
p 2.1630489790204179 1.2068376222694646 0.15009013355558815
p 2.1656698347840564 1.2367565830539256 0.077665941769952576
p 2.166666666666667 1.2472191289246475 0
L open 0 1
p 2.166666666666667 1.247219128924647 0
p 2.1656698447699427 1.2367567320173989 -0.077665525433975036
p 2.1630490129318307 1.2068380372198328 -0.15008939726229925
p 2.1597573090823339 1.1610216593403242 -0.21367172616594532
p 2.1570499055728924 1.103345694500385 -0.26681823512585368
p 2.1563467986091389 1.0373225831577644 -0.30926709096832999
p 2.159291255282644 0.96570721196565867 -0.34129316103824425
p 2.1679311283172047 0.89077962347195538 -0.36304180773906147
p 2.1848356527344781 0.81493965873687724 -0.37397868526865569
p 2.2125628098172254 0.74161267031472355 -0.3724902432301968
p 2.2515482383917895 0.67557914336686919 -0.35636590144581559
p 2.2978722458096632 0.62089889541957244 -0.32463396417393264
p 2.3449693046043572 0.57843801979047293 -0.27849726933672225
p 2.3870184098357052 0.54691719094766345 -0.22025828417380167
p 2.4198869218289238 0.52499632832208909 -0.15248398351919937
p 2.44076087338793 0.5119765304452365 -0.077995544662831359
p 2.4479166666666665 0.50764553879213348 0
L open 0 1
p 2.4479166666666674 -0.50764553879213326 0
p 2.4407608828401957 -0.51197652472155131 -0.07799549383199525
p 2.4198869584401086 -0.52499630492419036 -0.1524838872321494
p 2.3870184927208 -0.54691713341938142 -0.22025814661915541
p 2.3449694403218082 -0.57843790996089006 -0.27849711208734501
p 2.2978724276695117 -0.62089871216273851 -0.32463381489550824
p 2.2515484411422282 -0.67557886103705334 -0.35636579017949288
p 2.212562991518578 -0.74161228844823479 -0.37249019718415438
p 2.1848357925651753 -0.81493917753402956 -0.37397871800472315
p 2.1679312139047751 -0.89077909677847023 -0.36304192243580397
p 2.1592912994246709 -0.96570661307949002 -0.34129337995184694
p 2.1563468064040627 -1.0373219680967172 -0.30926742047152106
p 2.1570498870805683 -1.1033450765357047 -0.26681870707561139
p 2.1597572749575797 -1.1610211025079036 -0.21367234546034392
p 2.1630489717434851 -1.2068375331413306 -0.1500902917722462
p 2.1656698324387058 -1.2367565579330755 -0.077666033962125028
p 2.1666666666666661 -1.2472191289246477 0
L open 0 1
p 2.166666666666667 -1.2472191289246466 0
p 2.1656698514899251 -1.2367568040225165 0.077665261273270295
p 2.1630490348527225 -1.2068383056215697 0.15008892086901654
p 2.1597573428207522 -1.1610222077036207 0.21367111397281346
p 2.1570499328768924 -1.103346565315007 0.26681756813063517
p 2.1563467842979107 -1.0373237930010584 0.3092664410743301
p 2.1592911439144316 -0.96570873152174141 0.3412926062548518
p 2.1679308427158399 -0.89078138522431127 0.36304142453087929
p 2.1848351651587214 -0.81494132988473778 0.37397857238791682
p 2.2125621440746288 -0.74161406660165363 0.37249041070777256
p 2.2515475082493723 -0.6755801600040019 0.35636630215346654
p 2.2978715622431847 -0.62089958800891287 0.32463452556140576
p 2.3449687852201055 -0.57843843997383104 0.2784978711879369
p 2.3870180832101453 -0.54691741905272251 0.22025882931487958
p 2.419886765358926 -0.52499642826963611 0.15248439485728646
p 2.4407608325705148 -0.51197655533525588 0.077995765306793738
p 2.447916666666667 -0.50764553879213314 0
tt_saddles_touch done 8 0
L open 0 1
p 0.375 1.4523687548277815 0
p 0.38713045769881349 1.4599690430876442 0.1015627802851191
p 0.42123220894449687 1.4812946960699023 0.19601296327445536
p 0.47221825777326742 1.5132268951022372 0.27917283848713892
p 0.53510777873061954 1.553160817558243 0.34982434130926904
p 0.60588245418806497 1.5998081873495877 0.40780267760863509
p 0.68114745241724906 1.6532279665550123 0.45285472234145879
p 0.75738745526085138 1.7145699669082135 0.48396833776940923
p 0.83019064082408267 1.7853179581582939 0.49903200333077141
p 0.89417414362073699 1.8653869774209195 0.49526796247122884
p 0.94499522572858086 1.9510802618025305 0.47097161651747099
p 0.98191971806364453 2.0360020854772931 0.42683091062497075
p 1.0072326819989759 2.1139432762706196 0.36507903184456675
p 1.0238878664615727 2.1800118722394934 0.28834063240595442
p 1.0342479286357364 2.230338547797341 0.19951064513073088
p 1.0398821937627278 2.2618913775020264 0.10202917567092325
p 1.041666666666667 2.2726483572157736 0
L open 0 1
p 0.37500000000000022 -1.4523687548277817 0
p 0.38713045769884008 -1.4599690430876606 -0.10156278028522926
p 0.42123220894459185 -1.4812946960699627 -0.19601296327465045
p 0.47221825777350485 -1.5132268951023862 -0.27917283848745528
p 0.53510777873096804 -1.5531608175584719 -0.34982434130960016
p 0.60588245418851872 -1.5998081873498942 -0.40780267760895322
p 0.68114745241765928 -1.6532279665553182 -0.45285472234166468
p 0.75738745526119455 -1.7145699669085128 -0.48396833776951648
p 0.83019064082435245 -1.785317958158589 -0.49903200333079506
p 0.89417414362091385 -1.865386977421176 -0.49526796247118604
p 0.94499522572870265 -1.9510802618027707 -0.47097161651737562
p 0.98191971806371847 -2.0360020854774925 -0.42683091062484241
p 1.0072326819990121 -2.1139432762707493 -0.36507903184444224
p 1.0238878664615889 -2.1800118722395698 -0.28834063240584701
p 1.0342479286357436 -2.2303385477973809 -0.19951064513063801
p 1.0398821937627305 -2.2618913775020371 -0.10202917567087204
p 1.0416666666666676 -2.2726483572157736 0
L open 0 1
p 1.041666666666667 2.2726483572157736 0
p 1.0398821969804555 2.261891396894478 -0.10202908734222027
p 1.0342479408772389 2.2303386129819236 -0.19951049760668374
p 1.0238879074264744 2.1800120550360518 -0.28834037341741914
p 1.0072327675138351 2.1139435814383583 -0.3650787396197579
p 0.98191988214798775 2.0360025268687205 -0.42683062457809506
p 0.94499552128321784 1.9510808470889285 -0.47097138275188088
p 0.8941746116298197 1.8653876555412616 -0.49526784962526749
p 0.83019129749467779 1.7853186751764296 -0.49903206111502396
p 0.75738829841074951 1.7145707039572651 -0.48396860094980038
p 0.68114836932720768 1.6532286524195732 -0.45285518267241132
p 0.60588339512557665 1.5998088258661274 -0.40780333761599569
p 0.53510865051718848 1.5531613785360052 -0.34982517292056053
p 0.47221898510929355 1.5132273523415929 -0.27917380889848759
p 0.42123269295926813 1.4812949990074129 -0.19601395888556303
p 0.38713055865379054 1.4599691064374283 -0.10156320088884206
p 0.37499999999999983 1.4523687548277815 0
L open 0 1
p 1.0416666666666663 -2.272648357215775 0
p 1.0398821969804595 -2.2618913968945025 0.10202908734210284
p 1.0342479408772576 -2.2303386129820195 0.19951049760646808
p 1.0238879074265159 -2.1800120550362352 0.2883403734171574
p 1.0072327675139163 -2.1139435814386442 0.36507873961948367
p 0.98191988214813364 -2.0360025268691131 0.42683062457784054
p 0.9449955212834642 -1.9510808470894163 0.4709713827516856
p 0.8941746116301853 -1.865387655541791 0.49526784962517956
p 0.83019129749514919 -1.785318675176945 0.49903206111506548
p 0.75738829841128485 -1.7145707039577325 0.48396860094996763
p 0.68114836932775069 -1.6532286524199784 0.4528551826726841
p 0.60588339512609068 -1.5998088258664762 0.40780333761635656
p 0.53510865051763612 -1.5531613785362937 0.34982517292098614
p 0.47221898510965599 -1.5132273523418203 0.27917380889897159
p 0.42123269295951937 -1.4812949990075703 0.19601395888607523
p 0.38713055865385909 -1.4599691064374707 0.10156320088912373
p 0.37500000000000022 -1.4523687548277817 0
L open 0 1
p 2.1666666666666674 1.247219128924647 0
p 2.1482485743217166 1.2474138332556231 0.12488563976563367
p 2.0962055364815293 1.2461845363049355 0.23995630963251274
p 2.0178292046619482 1.238754396183958 0.33878366983480684
p 1.9213178207219466 1.2180816987921008 0.41764596733062953
p 1.8163495699105399 1.1747644752008028 0.47263477432375955
p 1.7180085687847144 1.1004687447555177 0.49837799894580037
p 1.6426299635237913 0.99953631855151981 0.49401014677075533
p 1.5924505735729804 0.88662656400166939 0.46748514712376144
p 1.5599550636417927 0.77121180783855292 0.42719284513996908
p 1.5384846406004673 0.6566103276046743 0.37802572125099909
p 1.5239798680042596 0.54364506483712549 0.32265955614992958
p 1.5140953292198844 0.43244988467308992 0.26281289035679778
p 1.5074352258744417 0.32282697147076611 0.19970881469719107
p 1.5031578030524322 0.21442691155310759 0.1343028827675167
p 1.5007668671686625 0.10685774829620272 0.067419979171310471
p 1.5000000000006448 0 -8.0304724108752426e-07
L open 0 1
p 2.1666666666666661 -1.2472191289246479 0
p 2.1482519682231769 -1.2474138265762869 -0.1248742735887638
p 2.0962179807163208 -1.246185160450463 -0.23993617073709353
p 2.01785415706131 -1.2387579579717332 -0.3387585644850275
p 1.921356353793098 -1.2180930534263372 -0.4176205417896966
p 1.816398848440917 -1.1747917699410391 -0.47261537068538989
p 1.7180587771532634 -1.1005195452007019 -0.49837236773639454
p 1.6426708576915894 -0.99960855622791345 -0.49402146310337658
p 1.5924808441664042 -0.88671365397587587 -0.46751124934959393
p 1.5599770598664746 -0.77130888061251701 -0.42723099734556946
p 1.5385009923159016 -0.6567167586666951 -0.37807490279665235
p 1.523991985619203 -0.54375915992116408 -0.32271844197577093
p 1.5141042126265776 -0.43257096394577149 -0.26288052795356204
p 1.5074415039635913 -0.32295448906237978 -0.19978418956072752
p 1.5031619046052056 -0.21456207735386312 -0.13438588982297772
p 1.5007689445215806 -0.10700129515655429 -0.067510109311553781
p 1.5000000004811223 0 2.1934492363206992e-05
L open 0 1
p 1.5000000001392271 0 1.1799452872607308e-05
p 1.5007705036108347 0.10710821666836425 -0.067577236477539646
p 1.5031645509276552 0.2146487938998983 -0.13443913426445955
p 1.5074453066876929 0.32303179353177786 -0.19982988460918102
p 1.5141096009895458 0.43264439864821957 -0.2629215493897305
p 1.5239946913804729 0.54378458737836399 -0.32273156106460948
p 1.5385016384728585 0.65672087586528138 -0.3780767900669546
p 1.5599873634061352 0.77135432711052665 -0.42724885095933179
p 1.5925032338984713 0.88677805922453823 -0.46753053554416446
p 1.6426973671509959 0.99965539093091649 -0.494028798637828
p 1.7180913588405446 1.1005524980684525 -0.49836871062250088
p 1.8164304865782581 1.1748092899641189 -0.47260290993983783
p 1.9213811662305007 1.2181003635521672 -0.41760416749393048
p 2.0178702474918278 1.2387602539273996 -0.33874237350732045
p 2.0962260429950947 1.2461855646671252 -0.2399231222774216
p 2.1482541693396096 1.2474138222446878 -0.12486690147779411
p 2.1666666666666674 1.247219128924647 0
L open 0 1
p 1.5000000000621474 0 -7.8833542201402536e-06
p 1.5010329800984021 -0.12386315197704001 0.078084459209799506
p 1.5036048988049608 -0.22863549203584599 0.14301115487377117
p 1.5073639054821806 -0.32137383232650563 0.19884958294117311
p 1.5129797767117046 -0.41682937628479949 0.25404582245463392
p 1.5211018117781974 -0.5152650860257505 0.30784272969374626
p 1.5330483631279155 -0.6189860321972136 0.36027068921433114
p 1.5517969737545949 -0.73273832623484292 0.41157926014689805
p 1.5778832448399989 -0.84088169577631144 0.45281192043375695
p 1.6173026414977407 -0.94939173764025941 0.48421830478680372
p 1.6768747830549116 -1.0523896920602063 0.49959000115302987
p 1.7583192158988428 -1.1363996667731695 0.49116411051640579
p 1.8516775736372426 -1.1924430612924672 0.45719614895011912
p 1.9578263637211393 -1.2276429482417599 0.39159961872544968
p 2.0618988024211706 -1.2438192522562397 0.28901158972040414
p 2.13988104809928 -1.2473968394142241 0.1501851436626386
p 2.1666666666666674 -1.2472191289246466 0
tt_perpendicular_touch done 0 0
tt_side_touch_near done 0 0
tt_saddles_near done 8 0
L open 0 1
p 0.37499904632553194 1.4523690010651364 0
p 0.38712949693062004 1.4599692974520391 0.10156277843979232
p 0.42123122828963727 1.4812949738208134 0.19601296075609376
p 0.47221724799396708 1.5132272095297044 0.27917283751654393
p 0.53510673348198257 1.5531611794277522 0.34982434300103349
p 0.60588136898166822 1.5998086041157513 0.40780268144001042
p 0.68114632470898018 1.6532284404585929 0.45285472635583263
p 0.75738628641950556 1.7145704909284689 0.48396833959659091
p 0.8301894419291288 1.7853185120095991 0.4990320031248352
p 0.89417294193468855 1.8653875326277596 0.49526796507320486
p 0.94499405628745292 1.9510807987493086 0.47097162597002651
p 0.98191860217874671 2.0360025995216589 0.42683092388116695
p 1.0072316215476824 2.1139437685979008 0.36507904278197223
p 1.0238868523840792 2.1800123443092678 0.28834063780762131
p 1.0342469481612415 2.2303390020832534 0.19951064591765547
p 1.039881233406674 2.2618918192085005 0.10202917483348548
p 1.0416657129921985 2.2726487943315075 0
L open 0 1
p 0.37499904632553188 -1.452369001065136 0
p 0.38712949693068383 -1.4599692974520768 -0.10156277844005622
p 0.42123122828986947 -1.4812949738209593 -0.19601296075656952
p 0.4722172479943833 -1.5132272095299648 -0.2791728375170992
p 0.53510673348252724 -1.5531611794281042 -0.34982434300155268
p 0.60588136898231992 -1.599808604116193 -0.40780268144046727
p 0.68114632470965597 -1.653228440459098 -0.45285472635617185
p 0.75738628642016248 -1.7145704909290427 -0.48396833959679597
p 0.83018944192970889 -1.7853185120102326 -0.49903200312488633
p 0.89417294193513686 -1.8653875326284082 -0.49526796507309667
p 0.94499405628774769 -1.9510807987498935 -0.47097162596979314
p 0.98191860217892213 -2.03600259952213 -0.42683092388086208
p 1.0072316215477803 -2.1139437685982458 -0.36507904278164183
p 1.0238868523841282 -2.180012344309489 -0.28834063780730673
p 1.0342469481612628 -2.2303390020833671 -0.19951064591739634
p 1.0398812334066794 -2.2618918192085302 -0.10202917483334407
p 1.0416657129921985 -2.272648794331507 0
L open 0 1
p 1.0416657129921987 2.2726487943315075 0
p 1.0398812366337213 2.2618918386555893 -0.1020290862447247
p 1.0342469604449289 2.2303390674911063 -0.19951049788710817
p 1.0238868934438901 2.1800125275281905 -0.28834037822021585
p 1.0072317072531125 2.1139440744375304 -0.36507874991283934
p 0.98191876660103872 2.0360030418214237 -0.42683063724554748
p 0.94499435240585428 1.9510813851491176 -0.47097139176035485
p 0.89417341084825186 1.8653882120568619 -0.49526785200893242
p 0.83019009981979031 1.78531923036068 -0.49903206101629044
p 0.7573871310341127 1.7145712292549451 -0.48396860323528273
p 0.68114724328773568 1.6532291275708595 -0.45285518752382581
p 0.60588231170858864 1.5998092438474691 -0.40780334270290564
p 0.53510760705216287 1.5531617415541297 -0.34982517631420501
p 0.47221797692318984 1.5132276677714174 -0.27917381005414243
p 0.42123171329496023 1.4812952773786252 -0.19601395840438185
p 0.38712959810650371 1.459969360940462 -0.10156319996328429
p 0.37499904632553194 1.4523690010651364 0
L open 0 1
p 1.0416657129921985 -2.272648794331507 0
p 1.0398812366337198 -2.2618918386555809 0.10202908624476456
p 1.0342469604449214 -2.2303390674910717 0.19951049788718792
p 1.0238868934438687 -2.180012527528095 0.28834037822035219
p 1.007231707253085 -2.11394407443743 0.36507874991293526
p 0.98191876660101673 -2.0360030418213633 0.42683063724558612
p 0.94499435240582419 -1.9510813851490576 0.47097139176037883
p 0.89417341084821378 -1.8653882120568075 0.49526785200894119
p 0.83019009981974767 -1.7853192303606329 0.49903206101628672
p 0.75738713103403044 -1.7145712292548732 0.48396860323525731
p 0.68114724328760845 -1.6532291275707645 0.45285518752376186
p 0.60588231170842632 -1.5998092438473592 0.40780334270279178
p 0.53510760705200644 -1.553161741554028 0.34982517631405574
p 0.47221797692304979 -1.5132276677713292 0.27917381005395492
p 0.42123171329485642 -1.4812952773785604 0.19601395840417188
p 0.3871295981064754 -1.4599693609404438 0.1015631999631665
p 0.37499904632553188 -1.452369001065136 0
L open 0 1
p 2.1666671435036733 1.2472183005639523 0
p 2.1471945061501403 1.2474145220462645 0.12836604409509092
p 2.0923417090572825 1.2459817391604917 0.24611260771611349
p 2.0101127087852722 1.2376120037937703 0.34640663868593718
p 1.9094743660265199 1.2144551937726049 0.42526622686302307
p 1.8013873627222918 1.1660993715425783 0.47824697061761973
p 1.703096557440726 1.0845985047517488 0.49963385738802507
p 1.6307242735631333 0.97738108377825872 0.49013998912108669
p 1.583714842374172 0.86016440494164093 0.45922467795138733
p 1.5535534678093552 0.74146065503513348 0.41520364563347795
p 1.5337359159684747 0.62400309911930196 0.36268055840158109
p 1.5204405935320056 0.5083468047843025 0.30418160327995075
p 1.5114891429933668 0.39452388500709956 0.24139057415265597
p 1.5055935489830319 0.28225263735473327 0.17552584338464666
p 1.501989924825984 0.17111663933293833 0.10755856271414033
p 1.500246720403289 0.060691379551560481 0.038362186570005008
p 1.5000005722049536 0 0.000756442083827922
L open 0 1
p 2.1666671435036733 -1.2472183005639519 0
p 2.1471344836319317 -1.2474145771888847 -0.12856115807957638
p 2.092122251243711 -1.2459697922028059 -0.2464565466926717
p 2.0096755983178887 -1.2375449532649876 -0.34683014857132966
p 1.9088063240998883 -1.2142425134082513 -0.42568460872968689
p 1.8005523206287932 -1.1655930145949793 -0.47854363003466122
p 1.7022821498433778 -1.0836848504076588 -0.49967756188389434
p 1.6300858166083714 -0.97612627088717008 -0.48989807118638218
p 1.5832497978480669 -0.85867713163512471 -0.45874150965065236
p 1.5532138381557055 -0.73979356098718108 -0.41451474105956199
p 1.5334846656894725 -0.62217709174893387 -0.36180516220581738
p 1.5202543396829045 -0.50637138857523289 -0.30313246834639157
p 1.5113532429468703 -0.39240123143182604 -0.24017801758515026
p 1.5054992782706287 -0.27998069846413348 -0.17416032654938748
p 1.5019328718802196 -0.16869008643016095 -0.10605189140410952
p 1.5002261271351929 -0.058102918265281432 -0.036729075803533316
p 1.5000005722049536 0 -0.00075644208385505785
L open 0 1
p 1.5000005722049536 0 -0.00075644208385322598
p 1.5003059692838481 0.067582960170639347 -0.042708719536362454
p 1.5021459939473851 0.17757262464589801 -0.11156321871675608
p 1.5058488019009637 0.28829608880710644 -0.17915254664650115
p 1.511856661315274 0.40018551034375205 -0.24461792331684654
p 1.5209406755517965 0.51358801657781084 -0.30695763652243441
p 1.5344047860622485 0.62881171381706669 -0.36497784495140356
p 1.5544653796461121 0.74589014652530294 -0.41702545550360487
p 1.584969144809361 0.86413411549739916 -0.46050472803629605
p 1.632444453299666 0.98072644712482193 -0.49077349719163693
p 1.705283857476082 1.0870273079741153 -0.49950330038116852
p 1.8036200148246186 1.1674410413909653 -0.47744514295706625
p 1.9112566797360133 1.2150182749306455 -0.42414408976509943
p 2.0112778786871952 1.2377894684051032 -0.34527347060154595
p 2.0929264271927162 1.2460133181127142 -0.24519330755126431
p 2.1473543722510788 1.2474143584502675 -0.12784483986589598
p 2.1666671435036733 1.2472183005639523 0
L open 0 1
p 1.5000005722049536 0 0.00075644208382914324
p 1.5003059692838401 -0.067582960169760578 0.04270871953580703
p 1.5021459939473807 -0.1775726246457203 0.11156321871664571
p 1.5058488019009739 -0.28829608880734048 0.17915254664664132
p 1.5118566613152828 -0.40018551034388972 0.24461792331692497
p 1.5209406755518504 -0.51358801657837916 0.30695763652273478
p 1.5344047860624064 -0.62881171381818268 0.36497784495193436
p 1.5544653796464607 -0.74589014652697527 0.41702545550429021
p 1.5849691448099228 -0.86413411549916364 0.46050472803686332
p 1.6324444533005265 -0.98072644712648183 0.49077349719194691
p 1.7052838574772378 -1.0870273079753894 0.49950330038109453
p 1.8036200148259685 -1.1674410413917709 0.47744514295657769
p 1.9112566797371473 -1.2150182749310015 0.424144089764383
p 2.0112778786879715 -1.2377894684052213 0.34527347060078944
p 2.0929264271931092 -1.2460133181127355 0.24519330755064483
p 2.147354372251185 -1.2474143584502664 0.12784483986554479
p 2.1666671435036733 -1.2472183005639519 0
