case torus_gentle
torus 0.0 0.0 0.0 0.0 0.0 1.0 1.0 0.0 0.0 3.0 1.0 6.283185307179586
split 0.0 0.0 0.0 0.1 0.0 1.0
end
case torus_band_offset
torus 0.0 0.0 0.0 0.0 0.0 1.0 1.0 0.0 0.0 3.0 1.0 6.283185307179586
split 0.0 0.0 0.3 0.15 0.05 1.0
end
case torus_top_band
torus 0.0 0.0 0.0 0.0 0.0 1.0 1.0 0.0 0.0 3.0 1.0 6.283185307179586
split 0.0 0.0 0.8 0.05 0.0 1.0
end
case torus_top_cap
torus 0.0 0.0 0.0 0.0 0.0 1.0 1.0 0.0 0.0 3.0 1.0 6.283185307179586
split 0.0 0.0 0.9 0.3 0.0 1.0
end
case torus_cap_outer
torus 0.0 0.0 0.0 0.0 0.0 1.0 1.0 0.0 0.0 3.0 1.0 6.283185307179586
split 3.6 0.0 0.0 1.0 0.0 0.0
end
case torus_peanut
torus 0.0 0.0 0.0 0.0 0.0 1.0 1.0 0.0 0.0 3.0 1.0 6.283185307179586
split 2.2 0.0 0.0 1.0 0.0 0.0
end
case torus_hole_slice
torus 0.0 0.0 0.0 0.0 0.0 1.0 1.0 0.0 0.0 3.0 1.0 6.283185307179586
split 2.05 0.0 0.0 1.0 0.0 0.3
end
case torus_two_ovals
torus 0.0 0.0 0.0 0.0 0.0 1.0 1.0 0.0 0.0 3.0 1.0 6.283185307179586
split 1.5 0.0 0.0 1.0 0.0 0.0
end
case torus_steep
torus 0.0 0.0 0.0 0.0 0.0 1.0 1.0 0.0 0.0 3.0 1.0 6.283185307179586
split 0.0 0.0 0.0 1.0 0.0 1.0
end
case torus_skew_ovals
torus 0.0 0.0 0.0 0.0 0.0 1.0 1.0 0.0 0.0 3.0 1.0 6.283185307179586
split 0.5 0.2 0.0 1.0 0.3 0.4
end
case torus_small_tube
torus 0.0 0.0 0.0 0.0 0.0 1.0 1.0 0.0 0.0 4.0 0.5 6.283185307179586
split 0.0 0.0 0.1 0.2 0.0 1.0
end
case torus_tilted_spiric
torus 1.0 -2.0 0.5 0.0 0.6 0.8 1.0 -0.0 0.0 2.5 0.75 6.283185307179586
split 1.0 -1.82 0.74 1.0 3.0 4.0
end
case torus_tilted_band
torus 1.0 -2.0 0.5 0.0 0.6 0.8 1.0 -0.0 0.0 2.5 0.75 6.283185307179586
split 1.0 -1.82 0.74 0.3 3.0 4.0
end
