torus_gentle done 2
S above 29.608812162403197 95.972004564166085 0.62280466239198395 -6.2879509207720904e-08 0.39361675913714106 4 8 5 1
S below 29.608813138364066 95.972008628515511 -0.62280463932501096 3.2165639936036131e-08 -0.39361675049289979 3 6 4 1
torus_band_offset done 2
S above 19.340793712155506 80.373894918897875 1.3045531139534208 0.43485091670365145 0.47200442735096787 4 8 5 1
S below 39.87683016593347 104.58829264490086 -0.63272565148299698 -0.21090850800262798 -0.22892843518537609 3 6 4 1
torus_top_band done 2
S above 3.4070415423738414 44.992290824997553 1.5226710922433875 9.2574524162102432e-07 0.83535502084937141 2 3 2 1
S below 55.810585411597643 116.56233053262051 -0.092953728259205864 -6.5094997034116943e-08 -0.050995496166542573 3 5 3 1
torus_top_cap done 2
S above 9.4742779461596971 42.262153268997551 2.5288357264184627 -3.0277746806221186e-07 0.50006406957751381 5 8 5 1
S below 49.743422936689832 111.72125027399025 -0.48165104357615868 -1.1618405755185458e-11 -0.095242816490979779 2 6 4 1
torus_cap_outer done 2
S above 0.93363788610219789 9.6161721470367745 3.7359028568366086 -2.2657190071508113e-07 -1.3239706089665846e-08 5 8 5 1
S below 58.283957263610148 117.79448437948543 -0.059844380428063643 -1.4544250435170625e-10 3.6126202881750525e-08 2 6 4 1
torus_peanut done 2
S above 13.513119255695464 36.655728913823822 2.8798202376603239 3.8286171553651941e-07 -4.4809974908262941e-08 5 8 5 1
S below 45.704517816325449 103.26919845633347 -0.85145520890916337 -5.6009455963953305e-09 -2.1545634030854518e-07 2 6 4 1
torus_hole_slice done 2
S above 14.99963463160725 39.229523809956859 2.7983528155680562 6.4284580126315927e-08 0.047388878276076081 5 8 5 1
S below 44.21798903576169 100.42038010585728 -0.94925771653682423 -9.3892916483057538e-09 -0.016075305843166576 2 6 4 1
torus_two_ovals done 2
S above 19.679361226624572 46.639980444445193 2.5647370814311667 1.6395744327950717e-07 -2.8578845757394535e-10 4 5 3 1
S below 39.538253906040985 86.644782899256583 -1.276545917299692 -2.5582771524807017e-15 5.5119775286286088e-09 3 3 2 1
torus_steep done 2
S above 29.608806467993929 68.240264569112838 1.9359862938736176 3.1024150379114531e-06 0.053583160783039603 4 5 3 1
S below 29.609032232815107 68.239913472181186 -1.935977731043262 7.85916507552689e-15 -0.053582665715311832 3 3 2 1
torus_skew_ovals done 2
S above 26.21088694273039 59.268047203602038 2.0860903133487403 0.62582693947875412 0.023398979920528255 4 5 3 1
S below 33.006716929858499 72.900890098101968 -1.6565804189805231 -0.49697412569415617 -0.018581655314063743 3 3 2 1
torus_small_tube done 2
S above 9.0344080455242892 44.511542127122837 2.6231067380049216 0.00069396874721050397 0.057060166528236603 4 5 3 1
S below 10.712822875767035 51.639855189516581 -2.2126509615020287 3.3710544684233259e-13 -0.048335480148363509 3 3 2 1
torus_tilted_spiric done 2
S above 8.1309185830705282 41.957360328048615 2.5765410891499596 -1.8130511838270216 0.75079712645346386 5 8 5 1
S below 19.619123117843404 65.816429166384268 0.34672299841247256 -2.077921086577637 0.3961052180233316 2 6 4 1
torus_tilted_band done 2
S above 7.098689785464722 48.493503836860675 1.6073579608321749 -1.7209942769222222 0.87200760299392188 2 3 2 1
S below 20.659572907681707 68.082321310350494 0.79131003369501141 -2.0958671827323454 0.37217709921260239 3 5 3 1
