apex_ellipse done 2
S above 3.8249120759275943 16.194177850348314 -0.13574660945011674 2.8009301458054881e-09 1.4728506755778343 2 3 2 1
S below 8.7414585066183257 30.728520272183822 0.059397279291578627 -2.7575433905309345e-09 0.43370950168327688 3 3 2 1
apex_parabola done 2
S above 4.4832220267483454 19.520011846734338 0.53992743977821178 -1.9025701731048271e-10 0.63498186005620749 3 6 4 1
S below 3.8943583830885151 19.946599812011151 -0.62156955078387743 2.9221507095889021e-10 0.34460761210762614 3 3 2 1
apex_hyperbola done 2
S above 2.1053700785583462 12.881706614468618 1.1590820624799096 4.5851092278143743e-10 0.48910353225351111 4 6 4 1
S below 10.461000550723984 30.328937970953437 -0.23327564934190931 2.2568488510718874e-15 0.80250775237657956 3 6 4 1
frustum_top_tongue done 2
S above 0.1127474471846969 2.2366114693451342 0.89057093680311483 9.287718478276012e-15 2.8241218277027582 4 6 4 1
S below 21.878401127940805 45.255166427509124 -0.0045894395607758189 -5.3974091043850131e-17 1.1700913021839636 4 6 4 1
frustum_rulings done 2
S above 6.8594533864809071 25.539196933351835 0.94914779397761806 -7.7283685372717522e-18 1.1785714285714284 5 9 6 1
S below 15.131695188647647 37.229077715818484 -0.43026475014875865 8.8013679023061863e-17 1.1785714285714284 4 6 4 1
frustum_touch_both done 2
S above 5.7441732176826816 23.70622652612596 0.58009431027617264 -5.4365191075943525e-10 2.0097170691142039 4 5 3 1
S below 16.246975355306922 40.655057455834083 -0.20509431002350223 1.5859452350425568e-10 0.88471706929723881 3 3 2 1
widening_oblique done 2
S above 2.7292939095667079 27.220368656506199 0.60311227007651269 0.40207484678068933 0.34930116572603753 5 9 6 1
S below 2.3757941525834307 22.939873328769664 -0.69285070163456142 -0.4619004677563821 0.28055383800466061 4 6 4 1
tilted_oblique done 2
S above 1.8644089688144465 9.4131874705763448 1.0863954171167192 -0.57355622883737001 2.4019250307553435 3 3 2 1
S below 14.628952467188444 36.786583304086406 0.98898920557525549 -1.5294869440381489 1.1273507406577334 3 3 2 1
zone_side_cap done 2
S above 0.24294983227406819 4.9008845442190818 1.8672413794089253 1.5363039022128183e-09 1.7050662253938418e-09 3 3 2 1
S below 27.040072804885366 46.418549354097806 -0.016776803742056631 1.7583814745580572e-12 0.23604249486124423 4 6 4 1
cap_oblique done 2
S above 4.9482470970241206 19.552579864801935 0.68763230453946667 2.0799938198582329e-08 1.1602143974371459 3 6 4 1
S below 5.7158381418001394 22.540324654016331 -0.595288809521206 -1.5704326331314814e-08 0.93321052537154325 3 3 2 1
zone_both_rims done 2
S above 11.356665041980735 29.962573592140316 0.91089036469162465 -3.4587935483627822e-11 0.31044079575317568 5 9 6 1
S below 15.926357514351132 35.746631912347915 -0.64953186916833017 2.7669010875347679e-11 0.17939030574822765 4 6 4 1
tilted_zone_oblique done 2
S above 5.2131117308135408 17.727936615654269 1.4589396092770532 -2.4001473215036428 0.8078595218792477 5 9 6 1
S below 7.2792759116567254 20.894632411054982 0.67132672372667357 -1.6502113800709424 0.3638171530445668 4 6 4 1
