case rollex_turned_fuse
plane 0.0 0.0 0.0 0.0 0.0 1.0 1.0 0.0 0.0
wire C 0.0 60.0 0.0 60.0
prism 0.0 0.0 20.0
boolean cut
plane 0.0 0.0 14.0 0.0 0.0 1.0 1.0 0.0 0.0
wire C 10.0 20.0 14.0 40.0
prism 0.0 0.0 6.0
then fuse
plane 0.0 0.0 23.0 0.0 0.0 -1.0 1.0 0.0 0.0
wire C 50.0 40.0 23.0 30.0
prism 0.0 0.0 -9.0
end
case rollex_turned_cut
plane 0.0 0.0 0.0 0.0 0.0 1.0 1.0 0.0 0.0
wire C 0.0 60.0 0.0 60.0
prism 0.0 0.0 20.0
boolean cut
plane 0.0 0.0 14.0 0.0 0.0 1.0 1.0 0.0 0.0
wire C 10.0 20.0 14.0 40.0
prism 0.0 0.0 6.0
then cut
plane 0.0 0.0 23.0 0.0 0.0 -1.0 1.0 0.0 0.0
wire C 50.0 40.0 23.0 30.0
prism 0.0 0.0 -9.0
end
case rollex_turned_common
plane 0.0 0.0 0.0 0.0 0.0 1.0 1.0 0.0 0.0
wire C 0.0 60.0 0.0 60.0
prism 0.0 0.0 20.0
boolean cut
plane 0.0 0.0 14.0 0.0 0.0 1.0 1.0 0.0 0.0
wire C 10.0 20.0 14.0 40.0
prism 0.0 0.0 6.0
then common
plane 0.0 0.0 23.0 0.0 0.0 -1.0 1.0 0.0 0.0
wire C 50.0 40.0 23.0 30.0
prism 0.0 0.0 -9.0
end
case rollex_flat_fuse
plane 0.0 0.0 0.0 0.0 0.0 1.0 1.0 0.0 0.0
wire C 0.0 60.0 0.0 60.0
prism 0.0 0.0 20.0
boolean cut
plane 0.0 0.0 14.0 0.0 0.0 1.0 1.0 0.0 0.0
wire C 10.0 20.0 14.0 40.0
prism 0.0 0.0 6.0
then fuse
plane 0.0 0.0 14.0 0.0 0.0 1.0 1.0 0.0 0.0
wire C 50.0 40.0 14.0 30.0
prism 0.0 0.0 9.0
end
case rollex_flat_cut
plane 0.0 0.0 0.0 0.0 0.0 1.0 1.0 0.0 0.0
wire C 0.0 60.0 0.0 60.0
prism 0.0 0.0 20.0
boolean cut
plane 0.0 0.0 14.0 0.0 0.0 1.0 1.0 0.0 0.0
wire C 10.0 20.0 14.0 40.0
prism 0.0 0.0 6.0
then cut
plane 0.0 0.0 14.0 0.0 0.0 1.0 1.0 0.0 0.0
wire C 50.0 40.0 14.0 30.0
prism 0.0 0.0 9.0
end
case rollex_flat_common
plane 0.0 0.0 0.0 0.0 0.0 1.0 1.0 0.0 0.0
wire C 0.0 60.0 0.0 60.0
prism 0.0 0.0 20.0
boolean cut
plane 0.0 0.0 14.0 0.0 0.0 1.0 1.0 0.0 0.0
wire C 10.0 20.0 14.0 40.0
prism 0.0 0.0 6.0
then common
plane 0.0 0.0 14.0 0.0 0.0 1.0 1.0 0.0 0.0
wire C 50.0 40.0 14.0 30.0
prism 0.0 0.0 9.0
end
case boss_bored_fuse
plane 0.0 0.0 0.0 0.0 0.0 1.0 1.0 0.0 0.0
wire P 4 0.0 0.0 0.0 10.0 0.0 0.0 10.0 10.0 0.0 0.0 10.0 0.0
prism 0.0 0.0 4.0
boolean fuse
plane 0.0 0.0 2.0 0.0 0.0 1.0 1.0 0.0 0.0
wire C 5.0 5.0 2.0 2.0
prism 0.0 0.0 6.0
then fuse
plane 0.0 0.0 1.0 0.0 0.0 1.0 1.0 0.0 0.0
wire C 5.0 5.0 1.0 1.0
prism 0.0 0.0 9.0
end
case boss_bored_cut
plane 0.0 0.0 0.0 0.0 0.0 1.0 1.0 0.0 0.0
wire P 4 0.0 0.0 0.0 10.0 0.0 0.0 10.0 10.0 0.0 0.0 10.0 0.0
prism 0.0 0.0 4.0
boolean fuse
plane 0.0 0.0 2.0 0.0 0.0 1.0 1.0 0.0 0.0
wire C 5.0 5.0 2.0 2.0
prism 0.0 0.0 6.0
then cut
plane 0.0 0.0 1.0 0.0 0.0 1.0 1.0 0.0 0.0
wire C 5.0 5.0 1.0 1.0
prism 0.0 0.0 9.0
end
case boss_bored_common
plane 0.0 0.0 0.0 0.0 0.0 1.0 1.0 0.0 0.0
wire P 4 0.0 0.0 0.0 10.0 0.0 0.0 10.0 10.0 0.0 0.0 10.0 0.0
prism 0.0 0.0 4.0
boolean fuse
plane 0.0 0.0 2.0 0.0 0.0 1.0 1.0 0.0 0.0
wire C 5.0 5.0 2.0 2.0
prism 0.0 0.0 6.0
then common
plane 0.0 0.0 1.0 0.0 0.0 1.0 1.0 0.0 0.0
wire C 5.0 5.0 1.0 1.0
prism 0.0 0.0 9.0
end
case boss_sliced_fuse
plane 0.0 0.0 0.0 0.0 0.0 1.0 1.0 0.0 0.0
wire P 4 0.0 0.0 0.0 10.0 0.0 0.0 10.0 10.0 0.0 0.0 10.0 0.0
prism 0.0 0.0 4.0
boolean fuse
plane 0.0 0.0 2.0 0.0 0.0 1.0 1.0 0.0 0.0
wire C 5.0 5.0 2.0 2.0
prism 0.0 0.0 6.0
then fuse
plane 0.0 0.0 10.0 0.0 0.6 0.8 1.0 -0.0 0.0
wire P 4 -2.0 -12.0 19.0 12.0 -12.0 19.0 12.0 12.0 1.0 -2.0 12.0 1.0
prism 0.0 4.8 6.4
end
case boss_sliced_cut
plane 0.0 0.0 0.0 0.0 0.0 1.0 1.0 0.0 0.0
wire P 4 0.0 0.0 0.0 10.0 0.0 0.0 10.0 10.0 0.0 0.0 10.0 0.0
prism 0.0 0.0 4.0
boolean fuse
plane 0.0 0.0 2.0 0.0 0.0 1.0 1.0 0.0 0.0
wire C 5.0 5.0 2.0 2.0
prism 0.0 0.0 6.0
then cut
plane 0.0 0.0 10.0 0.0 0.6 0.8 1.0 -0.0 0.0
wire P 4 -2.0 -12.0 19.0 12.0 -12.0 19.0 12.0 12.0 1.0 -2.0 12.0 1.0
prism 0.0 4.8 6.4
end
case boss_sliced_common
plane 0.0 0.0 0.0 0.0 0.0 1.0 1.0 0.0 0.0
wire P 4 0.0 0.0 0.0 10.0 0.0 0.0 10.0 10.0 0.0 0.0 10.0 0.0
prism 0.0 0.0 4.0
boolean fuse
plane 0.0 0.0 2.0 0.0 0.0 1.0 1.0 0.0 0.0
wire C 5.0 5.0 2.0 2.0
prism 0.0 0.0 6.0
then common
plane 0.0 0.0 10.0 0.0 0.6 0.8 1.0 -0.0 0.0
wire P 4 -2.0 -12.0 19.0 12.0 -12.0 19.0 12.0 12.0 1.0 -2.0 12.0 1.0
prism 0.0 4.8 6.4
end
case boss_tool_fuse
plane 0.0 0.0 0.0 0.0 0.0 1.0 1.0 0.0 0.0
wire P 4 0.0 0.0 0.0 10.0 0.0 0.0 10.0 10.0 0.0 0.0 10.0 0.0
prism 0.0 0.0 4.0
boolean fuse
plane 0.0 0.0 2.0 0.0 0.0 1.0 1.0 0.0 0.0
wire C 5.0 5.0 2.0 2.0
prism 0.0 0.0 6.0
then fuse swapped
plane 0.0 -1.2 2.4 0.0 0.6 0.8 1.0 -0.0 0.0
wire P 4 -1.0 -2.0 2.9999999999999996 11.0 -2.0 2.9999999999999996 11.0 4.4 -1.8000000000000003 -1.0 4.4 -1.8000000000000003
prism 0.0 2.4 3.2
end
case boss_tool_cut
plane 0.0 0.0 0.0 0.0 0.0 1.0 1.0 0.0 0.0
wire P 4 0.0 0.0 0.0 10.0 0.0 0.0 10.0 10.0 0.0 0.0 10.0 0.0
prism 0.0 0.0 4.0
boolean fuse
plane 0.0 0.0 2.0 0.0 0.0 1.0 1.0 0.0 0.0
wire C 5.0 5.0 2.0 2.0
prism 0.0 0.0 6.0
then cut swapped
plane 0.0 -1.2 2.4 0.0 0.6 0.8 1.0 -0.0 0.0
wire P 4 -1.0 -2.0 2.9999999999999996 11.0 -2.0 2.9999999999999996 11.0 4.4 -1.8000000000000003 -1.0 4.4 -1.8000000000000003
prism 0.0 2.4 3.2
end
case boss_tool_common
plane 0.0 0.0 0.0 0.0 0.0 1.0 1.0 0.0 0.0
wire P 4 0.0 0.0 0.0 10.0 0.0 0.0 10.0 10.0 0.0 0.0 10.0 0.0
prism 0.0 0.0 4.0
boolean fuse
plane 0.0 0.0 2.0 0.0 0.0 1.0 1.0 0.0 0.0
wire C 5.0 5.0 2.0 2.0
prism 0.0 0.0 6.0
then common swapped
plane 0.0 -1.2 2.4 0.0 0.6 0.8 1.0 -0.0 0.0
wire P 4 -1.0 -2.0 2.9999999999999996 11.0 -2.0 2.9999999999999996 11.0 4.4 -1.8000000000000003 -1.0 4.4 -1.8000000000000003
prism 0.0 2.4 3.2
end
case turned_bored_fuse
plane 0.0 0.0 0.0 0.0 0.0 1.0 1.0 0.0 0.0
wire P 4 0.0 0.0 0.0 10.0 0.0 0.0 10.0 10.0 0.0 0.0 10.0 0.0
prism 0.0 0.0 5.0
boolean fuse
plane 4.0 -2.0 2.0 0.0 0.0 1.0 0.9230769230769231 0.38461538461538464 -0.0
wire P 4 4.0 -2.0 2.0 9.538461538461538 0.30769230769230793 2.0 7.23076923076923 5.846153846153847 2.0 1.692307692307692 3.5384615384615383 2.0
prism 0.0 0.0 6.0
then fuse
plane 0.0 0.0 -1.0 0.0 0.0 1.0 1.0 0.0 0.0
wire C 5.0 5.0 -1.0 1.5
prism 0.0 0.0 10.0
end
case turned_bored_cut
plane 0.0 0.0 0.0 0.0 0.0 1.0 1.0 0.0 0.0
wire P 4 0.0 0.0 0.0 10.0 0.0 0.0 10.0 10.0 0.0 0.0 10.0 0.0
prism 0.0 0.0 5.0
boolean fuse
plane 4.0 -2.0 2.0 0.0 0.0 1.0 0.9230769230769231 0.38461538461538464 -0.0
wire P 4 4.0 -2.0 2.0 9.538461538461538 0.30769230769230793 2.0 7.23076923076923 5.846153846153847 2.0 1.692307692307692 3.5384615384615383 2.0
prism 0.0 0.0 6.0
then cut
plane 0.0 0.0 -1.0 0.0 0.0 1.0 1.0 0.0 0.0
wire C 5.0 5.0 -1.0 1.5
prism 0.0 0.0 10.0
end
case turned_bored_common
plane 0.0 0.0 0.0 0.0 0.0 1.0 1.0 0.0 0.0
wire P 4 0.0 0.0 0.0 10.0 0.0 0.0 10.0 10.0 0.0 0.0 10.0 0.0
prism 0.0 0.0 5.0
boolean fuse
plane 4.0 -2.0 2.0 0.0 0.0 1.0 0.9230769230769231 0.38461538461538464 -0.0
wire P 4 4.0 -2.0 2.0 9.538461538461538 0.30769230769230793 2.0 7.23076923076923 5.846153846153847 2.0 1.692307692307692 3.5384615384615383 2.0
prism 0.0 0.0 6.0
then common
plane 0.0 0.0 -1.0 0.0 0.0 1.0 1.0 0.0 0.0
wire C 5.0 5.0 -1.0 1.5
prism 0.0 0.0 10.0
end
case slanted_bored_fuse
plane 0.0 0.0 0.0 0.0 0.0 1.0 1.0 0.0 0.0
wire P 4 0.0 0.0 0.0 10.0 0.0 0.0 10.0 10.0 0.0 0.0 10.0 0.0
prism 0.0 0.0 6.0
boolean cut
plane 0.0 0.0 7.0 0.0 0.6 0.8 1.0 -0.0 0.0
wire P 4 -2.0 -12.0 16.0 12.0 -12.0 16.0 12.0 12.0 -2.0 -2.0 12.0 -2.0
prism 0.0 4.8 6.4
then fuse
plane 0.0 0.0 -1.0 0.0 0.0 1.0 1.0 0.0 0.0
wire C 4.0 6.0 -1.0 1.0
prism 0.0 0.0 9.0
end
case slanted_bored_cut
plane 0.0 0.0 0.0 0.0 0.0 1.0 1.0 0.0 0.0
wire P 4 0.0 0.0 0.0 10.0 0.0 0.0 10.0 10.0 0.0 0.0 10.0 0.0
prism 0.0 0.0 6.0
boolean cut
plane 0.0 0.0 7.0 0.0 0.6 0.8 1.0 -0.0 0.0
wire P 4 -2.0 -12.0 16.0 12.0 -12.0 16.0 12.0 12.0 -2.0 -2.0 12.0 -2.0
prism 0.0 4.8 6.4
then cut
plane 0.0 0.0 -1.0 0.0 0.0 1.0 1.0 0.0 0.0
wire C 4.0 6.0 -1.0 1.0
prism 0.0 0.0 9.0
end
case slanted_bored_common
plane 0.0 0.0 0.0 0.0 0.0 1.0 1.0 0.0 0.0
wire P 4 0.0 0.0 0.0 10.0 0.0 0.0 10.0 10.0 0.0 0.0 10.0 0.0
prism 0.0 0.0 6.0
boolean cut
plane 0.0 0.0 7.0 0.0 0.6 0.8 1.0 -0.0 0.0
wire P 4 -2.0 -12.0 16.0 12.0 -12.0 16.0 12.0 12.0 -2.0 -2.0 12.0 -2.0
prism 0.0 4.8 6.4
then common
plane 0.0 0.0 -1.0 0.0 0.0 1.0 1.0 0.0 0.0
wire C 4.0 6.0 -1.0 1.0
prism 0.0 0.0 9.0
end
case severed_drilled_fuse
plane 0.0 0.0 0.0 0.0 0.0 1.0 1.0 0.0 0.0
wire P 4 0.0 0.0 0.0 10.0 0.0 0.0 10.0 10.0 0.0 0.0 10.0 0.0
prism 0.0 0.0 5.0
boolean cut
plane -1.0 0.0 0.0 1.0 0.0 0.0 0.0 1.0 0.0
wire C -1.0 5.0 2.5 3.0
prism 12.0 0.0 0.0
then fuse solid 5.0 1.0 2.5
plane 0.0 0.0 -1.0 0.0 0.0 1.0 1.0 0.0 0.0
wire C 5.0 1.0 -1.0 0.5
prism 0.0 0.0 8.0
end
case severed_drilled_cut
plane 0.0 0.0 0.0 0.0 0.0 1.0 1.0 0.0 0.0
wire P 4 0.0 0.0 0.0 10.0 0.0 0.0 10.0 10.0 0.0 0.0 10.0 0.0
prism 0.0 0.0 5.0
boolean cut
plane -1.0 0.0 0.0 1.0 0.0 0.0 0.0 1.0 0.0
wire C -1.0 5.0 2.5 3.0
prism 12.0 0.0 0.0
then cut solid 5.0 1.0 2.5
plane 0.0 0.0 -1.0 0.0 0.0 1.0 1.0 0.0 0.0
wire C 5.0 1.0 -1.0 0.5
prism 0.0 0.0 8.0
end
case severed_drilled_common
plane 0.0 0.0 0.0 0.0 0.0 1.0 1.0 0.0 0.0
wire P 4 0.0 0.0 0.0 10.0 0.0 0.0 10.0 10.0 0.0 0.0 10.0 0.0
prism 0.0 0.0 5.0
boolean cut
plane -1.0 0.0 0.0 1.0 0.0 0.0 0.0 1.0 0.0
wire C -1.0 5.0 2.5 3.0
prism 12.0 0.0 0.0
then common solid 5.0 1.0 2.5
plane 0.0 0.0 -1.0 0.0 0.0 1.0 1.0 0.0 0.0
wire C 5.0 1.0 -1.0 0.5
prism 0.0 0.0 8.0
end
case severed_tool_fuse
plane 0.0 0.0 0.0 0.0 0.0 1.0 1.0 0.0 0.0
wire P 4 0.0 0.0 0.0 10.0 0.0 0.0 10.0 10.0 0.0 0.0 10.0 0.0
prism 0.0 0.0 5.0
boolean cut
plane -1.0 0.0 0.0 1.0 0.0 0.0 0.0 1.0 0.0
wire C -1.0 5.0 2.5 3.0
prism 12.0 0.0 0.0
then fuse swapped solid 5.0 1.0 2.5
plane 0.0 0.0 1.0 0.0 0.0 1.0 1.0 0.0 0.0
wire P 4 3.0 -1.0 1.0 7.0 -1.0 1.0 7.0 4.0 1.0 3.0 4.0 1.0
prism 0.0 0.0 6.0
end
case severed_tool_cut
plane 0.0 0.0 0.0 0.0 0.0 1.0 1.0 0.0 0.0
wire P 4 0.0 0.0 0.0 10.0 0.0 0.0 10.0 10.0 0.0 0.0 10.0 0.0
prism 0.0 0.0 5.0
boolean cut
plane -1.0 0.0 0.0 1.0 0.0 0.0 0.0 1.0 0.0
wire C -1.0 5.0 2.5 3.0
prism 12.0 0.0 0.0
then cut swapped solid 5.0 1.0 2.5
plane 0.0 0.0 1.0 0.0 0.0 1.0 1.0 0.0 0.0
wire P 4 3.0 -1.0 1.0 7.0 -1.0 1.0 7.0 4.0 1.0 3.0 4.0 1.0
prism 0.0 0.0 6.0
end
case severed_tool_common
plane 0.0 0.0 0.0 0.0 0.0 1.0 1.0 0.0 0.0
wire P 4 0.0 0.0 0.0 10.0 0.0 0.0 10.0 10.0 0.0 0.0 10.0 0.0
prism 0.0 0.0 5.0
boolean cut
plane -1.0 0.0 0.0 1.0 0.0 0.0 0.0 1.0 0.0
wire C -1.0 5.0 2.5 3.0
prism 12.0 0.0 0.0
then common swapped solid 5.0 1.0 2.5
plane 0.0 0.0 1.0 0.0 0.0 1.0 1.0 0.0 0.0
wire P 4 3.0 -1.0 1.0 7.0 -1.0 1.0 7.0 4.0 1.0 3.0 4.0 1.0
prism 0.0 0.0 6.0
end
case split_bored_fuse
plane 0.0 0.0 0.0 0.0 0.0 1.0 1.0 0.0 0.0
wire P 4 0.0 0.0 0.0 10.0 0.0 0.0 10.0 10.0 0.0 0.0 10.0 0.0
prism 0.0 0.0 4.0
boolean cut
plane 0.0 1.7999999999999998 2.4000000000000004 0.0 0.6 0.8 1.0 -0.0 0.0
wire P 4 -2.0 -10.2 11.4 12.0 -10.2 11.4 12.0 13.8 -6.6 -2.0 13.8 -6.6
prism 0.0 1.2 1.6
then fuse solid 5.0 1.0 1.0
plane 0.0 0.0 -1.0 0.0 0.0 1.0 1.0 0.0 0.0
wire C 5.0 1.5 -1.0 1.0
prism 0.0 0.0 6.5
end
case split_bored_cut
plane 0.0 0.0 0.0 0.0 0.0 1.0 1.0 0.0 0.0
wire P 4 0.0 0.0 0.0 10.0 0.0 0.0 10.0 10.0 0.0 0.0 10.0 0.0
prism 0.0 0.0 4.0
boolean cut
plane 0.0 1.7999999999999998 2.4000000000000004 0.0 0.6 0.8 1.0 -0.0 0.0
wire P 4 -2.0 -10.2 11.4 12.0 -10.2 11.4 12.0 13.8 -6.6 -2.0 13.8 -6.6
prism 0.0 1.2 1.6
then cut solid 5.0 1.0 1.0
plane 0.0 0.0 -1.0 0.0 0.0 1.0 1.0 0.0 0.0
wire C 5.0 1.5 -1.0 1.0
prism 0.0 0.0 6.5
end
case split_bored_common
plane 0.0 0.0 0.0 0.0 0.0 1.0 1.0 0.0 0.0
wire P 4 0.0 0.0 0.0 10.0 0.0 0.0 10.0 10.0 0.0 0.0 10.0 0.0
prism 0.0 0.0 4.0
boolean cut
plane 0.0 1.7999999999999998 2.4000000000000004 0.0 0.6 0.8 1.0 -0.0 0.0
wire P 4 -2.0 -10.2 11.4 12.0 -10.2 11.4 12.0 13.8 -6.6 -2.0 13.8 -6.6
prism 0.0 1.2 1.6
then common solid 5.0 1.0 1.0
plane 0.0 0.0 -1.0 0.0 0.0 1.0 1.0 0.0 0.0
wire C 5.0 1.5 -1.0 1.0
prism 0.0 0.0 6.5
end
case rollex_tangent_fuse
plane 0.0 0.0 0.0 0.0 0.0 1.0 1.0 0.0 0.0
wire C 0.0 60.0 0.0 60.0
prism 0.0 0.0 20.0
boolean cut
plane 0.0 0.0 14.0 0.0 0.0 1.0 1.0 0.0 0.0
wire C 10.0 20.0 14.0 40.0
prism 0.0 0.0 6.0
then fuse
plane 0.0 0.0 4.0 0.0 0.0 1.0 1.0 0.0 0.0
wire C 0.0 10.0 4.0 10.0
prism 0.0 0.0 8.0
end
case rollex_tangent_cut
plane 0.0 0.0 0.0 0.0 0.0 1.0 1.0 0.0 0.0
wire C 0.0 60.0 0.0 60.0
prism 0.0 0.0 20.0
boolean cut
plane 0.0 0.0 14.0 0.0 0.0 1.0 1.0 0.0 0.0
wire C 10.0 20.0 14.0 40.0
prism 0.0 0.0 6.0
then cut
plane 0.0 0.0 4.0 0.0 0.0 1.0 1.0 0.0 0.0
wire C 0.0 10.0 4.0 10.0
prism 0.0 0.0 8.0
end
case rollex_tangent_common
plane 0.0 0.0 0.0 0.0 0.0 1.0 1.0 0.0 0.0
wire C 0.0 60.0 0.0 60.0
prism 0.0 0.0 20.0
boolean cut
plane 0.0 0.0 14.0 0.0 0.0 1.0 1.0 0.0 0.0
wire C 10.0 20.0 14.0 40.0
prism 0.0 0.0 6.0
then common
plane 0.0 0.0 4.0 0.0 0.0 1.0 1.0 0.0 0.0
wire C 0.0 10.0 4.0 10.0
prism 0.0 0.0 8.0
end
case severed_tangent_fuse
plane 0.0 0.0 0.0 0.0 0.0 1.0 1.0 0.0 0.0
wire P 4 0.0 0.0 0.0 10.0 0.0 0.0 10.0 10.0 0.0 0.0 10.0 0.0
prism 0.0 0.0 5.0
boolean cut
plane -1.0 0.0 0.0 1.0 0.0 0.0 0.0 1.0 0.0
wire C -1.0 5.0 2.5 3.0
prism 12.0 0.0 0.0
then fuse solid 5.0 1.0 2.5
plane 0.0 0.0 1.0 0.0 0.0 1.0 1.0 0.0 0.0
wire P 4 3.0 1.0 1.0 7.0 1.0 1.0 7.0 8.0 1.0 3.0 8.0 1.0
prism 0.0 0.0 3.0
end
case severed_tangent_cut
plane 0.0 0.0 0.0 0.0 0.0 1.0 1.0 0.0 0.0
wire P 4 0.0 0.0 0.0 10.0 0.0 0.0 10.0 10.0 0.0 0.0 10.0 0.0
prism 0.0 0.0 5.0
boolean cut
plane -1.0 0.0 0.0 1.0 0.0 0.0 0.0 1.0 0.0
wire C -1.0 5.0 2.5 3.0
prism 12.0 0.0 0.0
then cut solid 5.0 1.0 2.5
plane 0.0 0.0 1.0 0.0 0.0 1.0 1.0 0.0 0.0
wire P 4 3.0 1.0 1.0 7.0 1.0 1.0 7.0 8.0 1.0 3.0 8.0 1.0
prism 0.0 0.0 3.0
end
case severed_tangent_common
plane 0.0 0.0 0.0 0.0 0.0 1.0 1.0 0.0 0.0
wire P 4 0.0 0.0 0.0 10.0 0.0 0.0 10.0 10.0 0.0 0.0 10.0 0.0
prism 0.0 0.0 5.0
boolean cut
plane -1.0 0.0 0.0 1.0 0.0 0.0 0.0 1.0 0.0
wire C -1.0 5.0 2.5 3.0
prism 12.0 0.0 0.0
then common solid 5.0 1.0 2.5
plane 0.0 0.0 1.0 0.0 0.0 1.0 1.0 0.0 0.0
wire P 4 3.0 1.0 1.0 7.0 1.0 1.0 7.0 8.0 1.0 3.0 8.0 1.0
prism 0.0 0.0 3.0
end
