rollex_turned_fuse done 1 1 0
S 225082.08502870021 33787.621810198572 3.9116787835227163 60.856026954600296 10.134982970896544 8 18 12 8 17 11 1
rollex_turned_cut done 1 1 0
S 199635.18453462288 30152.954478643784 -1.9630618172823959 63.514482395972983 9.0687192435527244 8 16 10 6 12 8 1
rollex_turned_common done 1 1 0
S 4777.7688751013038 2337.559477779731 46.81291766237311 53.998304717316962 17.000000000000004 6 12 8 5 9 6 1
rollex_flat_fuse done 1 1 0
S 225082.08502870021 33787.621810198572 3.9116787835227171 60.856026954600296 10.134982970896544 8 18 12 8 17 11 1
rollex_flat_cut done 1 1 0
S 199635.18453462288 30152.954478643787 -1.9630618172823964 63.514482395972983 9.0687192435527244 8 16 10 6 12 8 1
rollex_flat_common done 1 1 0
S 4777.7688751013029 2337.5594777797301 46.81291766237311 53.998304717316969 17.000000000000004 6 12 8 5 9 6 1
boss_bored_fuse done 1 1 0
S 456.54866776461631 422.83185307179582 5 5 2.5367318848608309 10 18 12 10 18 12 1
boss_bored_cut done 1 1 0
S 428.27433388230821 454.24777960769376 5 4.9999999999999991 2.3410992600646248 10 18 12 10 18 12 1
boss_bored_common done 1 1 0
S 21.991148575128548 50.265482457436683 5.0000000000000009 4.9999999999999991 4.4999999999999991 3 3 2 3 3 2 1
boss_sliced_fuse done 1 1 0
S 3773.2743338727323 1840.9999999905754 4.9999999999895888 2.6650452635017103 11.991691101466472 13 30 20 13 30 20 1
boss_sliced_cut done 1 1 0
S 413.27433388380058 378.41592652647341 4.9999999999210543 4.8199143477389219 2.1679068344849468 9 18 12 9 18 12 1
boss_sliced_common done 2 1 0
S 14.999999999999998 63.000000000000007 4.9999999999999991 9.3333333333333339 3.5000000000000004 5 9 6 5 9 6 1
S 21.991148557716031 50.265482466861201 5.0000000011063523 5.4285714295227363 6.9642857124248279 3 3 2 3 3 2 1
boss_tool_fuse done 1 1 0
S 629.63175642794124 539.16890883983649 4.9999999999999929 4.0654761214899695 2.4686280237148437 17 42 28 17 42 28 1
boss_tool_cut done 1 1 0
S 179.36627397042801 402.1794748362999 5.0000000000000018 1.7195287161563386 2.524073750166496 12 33 22 12 33 22 1
boss_tool_common done 1 1 0
S 204.63372602955712 223.09657361760014 5 2.9964490853734738 1.9159417355738795 9 21 14 9 21 14 1
turned_bored_fuse done 1 1 0
S 650.33204627542239 512.92697263712944 5.106593508761911 4.3513034534216786 3.2923418055437117 17 42 28 17 42 28 1
turned_bored_cut done 1 1 0
S 579.64621156965222 526.14065758352785 5.1195922155431539 4.2721971710887541 3.2060453558074729 14 39 26 14 39 26 1
turned_bored_common done 1 1 0
S 45.253788430347839 83.924640578385137 5.0571426047183454 4.8628577486759736 3.3760257579510227 5 9 6 5 9 6 1
slanted_bored_fuse done 1 1 0
S 340.42035235232044 370.72197312953608 4.9400143023138909 3.3383565001787168 2.376243937796791 10 18 12 10 18 12 1
slanted_bored_cut done 1 1 0
S 312.14601848216978 339.30604633443903 5.0251612420654901 3.0972635740678527 2.2744535825610432 7 15 10 7 15 10 1
slanted_bored_common done 1 1 0
S 7.8539815907752146 22.776546608926445 4.0000000006874084 5.9249999969820752 1.2781249949792111 3 3 2 3 3 2 1
severed_drilled_fuse done 1 1 0
S 122.23841411035274 209.34162098151216 4.9999999999999991 1.2245247154673597 2.5257005351096393 10 18 12 10 18 12 1
severed_drilled_cut done 1 1 0
S 115.95522880317316 214.05400996189687 4.9999999999999991 1.2366908800110719 2.5000000000000004 7 15 10 7 15 10 1
severed_drilled_common done 1 1 0
S 3.9269908169872401 17.278759594743864 5 1 2.5 3 3 2 3 3 2 1
severed_tool_fuse done 1 1 0
S 203.12478229095763 272.45916407503296 5 1.3991756278218221 3.2744116958340452 14 36 24 14 36 24 1
severed_tool_cut done 1 1 0
S 83.24256267079727 167.4848513073336 4.9999999999999982 1.644344859515867 4.3896848207563126 10 24 16 10 24 16 1
severed_tool_common done 1 1 0
S 36.757437329202752 75.45767894570983 4.9999999999999982 1.1731100727495232 3.1175020493636429 6 12 8 6 12 8 1
split_bored_fuse done 1 1 0
S 105.92367157312269 192.31194503151687 4.9999999999769802 1.6530729477333239 1.4358323188934474 9 15 10 9 15 10 1
split_bored_cut done 1 1 0
S 85.50331932410522 178.17477783117593 4.9999999999816378 1.6896306338799389 1.2413885128352875 6 12 8 6 12 8 1
split_bored_common done 1 1 0
S 8.2466806724756356 23.561944772330005 5.0000000006547163 1.4285714257159545 1.3392857092516277 3 3 2 3 3 2 1
rollex_tangent_fuse done 1 1 0
S 204412.95340972426 30434.249303044024 -0.82301490380048459 63.292059615201936 9.2540980353844216 5 10 8 5 10 8 1
rollex_tangent_cut done 1 1 0
S 201899.67928685242 31565.222658336348 -0.83325990303855424 63.955446277620197 9.2697092149118454 9 15 10 9 15 10 1
rollex_tangent_common done 1 1 0
S 2513.2741228718346 1130.9733552923256 1.6284439969093204e-15 10.000000000000002 8.0000000000000018 4 6 4 3 3 2 1
severed_tangent_fuse done 1 1 0
S 190.320232809819 279.35408869203951 5.0000000000000009 2.648261949213834 2.5000000000000004 11 24 16 11 24 16 1
severed_tangent_cut done 1 1 0
S 106.32023280981906 217.34685612072775 4.9999999999999991 1.1852666927580668 2.5000000000000004 11 24 16 11 24 16 1
severed_tangent_common done 1 1 0
S 13.561986810341345 42.562754328703313 4.9999999999999991 1.5712988332548281 2.4999999999999996 6 12 8 6 12 8 1
