case tilted_cylinder_box_fuse
plane 0.0 0.0 0.0 0.0 0.0 1.0 1.0 0.0 0.0
wire P 4 0.0 0.0 0.0 10.0 0.0 0.0 10.0 10.0 0.0 0.0 10.0 0.0
prism 0.0 0.0 5.0
boolean fuse
plane 5.0 1.8 -1.6 0.0 0.6 0.8 1.0 -0.0 0.0
wire C 5.0 1.8 -1.6 1.5
prism 0.0 6.0 8.0
end
case tilted_cylinder_box_cut
plane 0.0 0.0 0.0 0.0 0.0 1.0 1.0 0.0 0.0
wire P 4 0.0 0.0 0.0 10.0 0.0 0.0 10.0 10.0 0.0 0.0 10.0 0.0
prism 0.0 0.0 5.0
boolean cut
plane 5.0 1.8 -1.6 0.0 0.6 0.8 1.0 -0.0 0.0
wire C 5.0 1.8 -1.6 1.5
prism 0.0 6.0 8.0
end
case tilted_cylinder_box_common
plane 0.0 0.0 0.0 0.0 0.0 1.0 1.0 0.0 0.0
wire P 4 0.0 0.0 0.0 10.0 0.0 0.0 10.0 10.0 0.0 0.0 10.0 0.0
prism 0.0 0.0 5.0
boolean common
plane 5.0 1.8 -1.6 0.0 0.6 0.8 1.0 -0.0 0.0
wire C 5.0 1.8 -1.6 1.5
prism 0.0 6.0 8.0
end
case corner_in_cylinder_fuse
plane 0.0 0.0 0.0 0.0 0.0 1.0 1.0 0.0 0.0
wire C 0.0 0.0 0.0 4.0
prism 0.0 0.0 6.0
boolean fuse
plane 1.0 0.0 0.0 1.0 0.0 0.0 0.0 1.0 0.0
wire P 4 1.0 1.5 2.0 1.0 8.0 2.0 1.0 8.0 10.0 1.0 1.5 10.0
prism 8.0 0.0 0.0
end
case corner_in_cylinder_cut
plane 0.0 0.0 0.0 0.0 0.0 1.0 1.0 0.0 0.0
wire C 0.0 0.0 0.0 4.0
prism 0.0 0.0 6.0
boolean cut
plane 1.0 0.0 0.0 1.0 0.0 0.0 0.0 1.0 0.0
wire P 4 1.0 1.5 2.0 1.0 8.0 2.0 1.0 8.0 10.0 1.0 1.5 10.0
prism 8.0 0.0 0.0
end
case corner_in_cylinder_common
plane 0.0 0.0 0.0 0.0 0.0 1.0 1.0 0.0 0.0
wire C 0.0 0.0 0.0 4.0
prism 0.0 0.0 6.0
boolean common
plane 1.0 0.0 0.0 1.0 0.0 0.0 0.0 1.0 0.0
wire P 4 1.0 1.5 2.0 1.0 8.0 2.0 1.0 8.0 10.0 1.0 1.5 10.0
prism 8.0 0.0 0.0
end
case corner_in_cylinder_leaning_fuse
plane 0.0 0.0 0.0 0.0 0.0 1.0 1.0 0.0 0.0
wire C 0.0 0.0 0.0 4.0
prism 0.0 0.0 6.0
boolean fuse
plane 2.5 1.0 3.0 0.6 0.0 0.8 0.0 1.0 -0.0
wire P 4 2.5 1.0 3.0 2.5 7.0 3.0 -2.3000000000000007 7.0 6.6 -2.3000000000000007 1.0 6.6
prism 3.5999999999999996 0.0 4.800000000000001
end
case corner_in_cylinder_leaning_cut
plane 0.0 0.0 0.0 0.0 0.0 1.0 1.0 0.0 0.0
wire C 0.0 0.0 0.0 4.0
prism 0.0 0.0 6.0
boolean cut
plane 2.5 1.0 3.0 0.6 0.0 0.8 0.0 1.0 -0.0
wire P 4 2.5 1.0 3.0 2.5 7.0 3.0 -2.3000000000000007 7.0 6.6 -2.3000000000000007 1.0 6.6
prism 3.5999999999999996 0.0 4.800000000000001
end
case corner_in_cylinder_leaning_common
plane 0.0 0.0 0.0 0.0 0.0 1.0 1.0 0.0 0.0
wire C 0.0 0.0 0.0 4.0
prism 0.0 0.0 6.0
boolean common
plane 2.5 1.0 3.0 0.6 0.0 0.8 0.0 1.0 -0.0
wire P 4 2.5 1.0 3.0 2.5 7.0 3.0 -2.3000000000000007 7.0 6.6 -2.3000000000000007 1.0 6.6
prism 3.5999999999999996 0.0 4.800000000000001
end
case steinmetz_fuse
plane 0.0 0.0 -5.0 0.0 0.0 1.0 1.0 0.0 0.0
wire C 0.0 0.0 -5.0 2.0
prism 0.0 0.0 10.0
boolean fuse
plane -5.0 0.0 0.0 1.0 0.0 0.0 0.0 1.0 0.0
wire C -5.0 0.0 0.0 2.0
prism 10.0 0.0 0.0
end
case steinmetz_cut
plane 0.0 0.0 -5.0 0.0 0.0 1.0 1.0 0.0 0.0
wire C 0.0 0.0 -5.0 2.0
prism 0.0 0.0 10.0
boolean cut
plane -5.0 0.0 0.0 1.0 0.0 0.0 0.0 1.0 0.0
wire C -5.0 0.0 0.0 2.0
prism 10.0 0.0 0.0
end
case steinmetz_common
plane 0.0 0.0 -5.0 0.0 0.0 1.0 1.0 0.0 0.0
wire C 0.0 0.0 -5.0 2.0
prism 0.0 0.0 10.0
boolean common
plane -5.0 0.0 0.0 1.0 0.0 0.0 0.0 1.0 0.0
wire C -5.0 0.0 0.0 2.0
prism 10.0 0.0 0.0
end
case steinmetz_oblique_fuse
plane 0.0 0.0 -7.0 0.0 0.0 1.0 1.0 0.0 0.0
wire C 0.0 0.0 -7.0 2.0
prism 0.0 0.0 14.0
boolean fuse
plane 0.0 -5.3999999999999995 -7.2 0.0 0.6 0.8 1.0 -0.0 0.0
wire C 0.0 -5.3999999999999995 -7.2 2.0
prism 0.0 10.799999999999999 14.4
end
case steinmetz_oblique_common
plane 0.0 0.0 -7.0 0.0 0.0 1.0 1.0 0.0 0.0
wire C 0.0 0.0 -7.0 2.0
prism 0.0 0.0 14.0
boolean common
plane 0.0 -5.3999999999999995 -7.2 0.0 0.6 0.8 1.0 -0.0 0.0
wire C 0.0 -5.3999999999999995 -7.2 2.0
prism 0.0 10.799999999999999 14.4
end
case steinmetz_tilted_common
plane 0.0 -3.5999999999999996 -4.800000000000001 0.0 0.6 0.8 1.0 -0.0 0.0
wire C 0.0 -3.5999999999999996 -4.800000000000001 1.5
prism 0.0 7.199999999999999 9.600000000000001
boolean common
plane 0.0 4.800000000000001 -3.5999999999999996 0.0 -0.8 0.6 1.0 0.0 0.0
wire C 0.0 4.800000000000001 -3.5999999999999996 1.5
prism 0.0 -9.600000000000001 7.199999999999999
end
case parallel_cylinders_fuse
plane 0.0 0.0 0.0 0.0 0.0 1.0 1.0 0.0 0.0
wire C 0.0 0.0 0.0 3.0
prism 0.0 0.0 5.0
boolean fuse
plane 4.0 0.5 0.0 0.0 0.0 1.0 0.9230769230769231 0.38461538461538464 -0.0
wire C 4.0 0.5 0.0 2.0
prism 0.0 0.0 5.0
end
case parallel_cylinders_cut
plane 0.0 0.0 0.0 0.0 0.0 1.0 1.0 0.0 0.0
wire C 0.0 0.0 0.0 3.0
prism 0.0 0.0 5.0
boolean cut
plane 4.0 0.5 0.0 0.0 0.0 1.0 0.9230769230769231 0.38461538461538464 -0.0
wire C 4.0 0.5 0.0 2.0
prism 0.0 0.0 5.0
end
case parallel_cylinders_common
plane 0.0 0.0 0.0 0.0 0.0 1.0 1.0 0.0 0.0
wire C 0.0 0.0 0.0 3.0
prism 0.0 0.0 5.0
boolean common
plane 4.0 0.5 0.0 0.0 0.0 1.0 0.9230769230769231 0.38461538461538464 -0.0
wire C 4.0 0.5 0.0 2.0
prism 0.0 0.0 5.0
end
case coaxial_fuse
plane 0.0 0.0 0.0 0.0 0.0 1.0 1.0 0.0 0.0
wire C 0.0 0.0 0.0 3.0
prism 0.0 0.0 5.0
boolean fuse
plane 0.0 0.0 -1.0 0.0 0.0 1.0 0.9230769230769231 0.38461538461538464 -0.0
wire C 0.0 0.0 -1.0 1.5
prism 0.0 0.0 7.0
end
case coaxial_cut
plane 0.0 0.0 0.0 0.0 0.0 1.0 1.0 0.0 0.0
wire C 0.0 0.0 0.0 3.0
prism 0.0 0.0 5.0
boolean cut
plane 0.0 0.0 -1.0 0.0 0.0 1.0 0.9230769230769231 0.38461538461538464 -0.0
wire C 0.0 0.0 -1.0 1.5
prism 0.0 0.0 7.0
end
case coaxial_common
plane 0.0 0.0 0.0 0.0 0.0 1.0 1.0 0.0 0.0
wire C 0.0 0.0 0.0 3.0
prism 0.0 0.0 5.0
boolean common
plane 0.0 0.0 -1.0 0.0 0.0 1.0 0.9230769230769231 0.38461538461538464 -0.0
wire C 0.0 0.0 -1.0 1.5
prism 0.0 0.0 7.0
end
case pin_through_hole_fuse
plane 0.0 0.0 0.0 0.0 0.0 1.0 1.0 0.0 0.0
wire P 4 0.0 0.0 0.0 10.0 0.0 0.0 10.0 10.0 0.0 0.0 10.0 0.0
wire P 4 3.0 3.0 0.0 7.0 3.0 0.0 7.0 7.0 0.0 3.0 7.0 0.0
prism 0.0 0.0 2.0
boolean fuse
plane 5.0 1.4000000000000004 -3.8000000000000007 0.0 0.6 0.8 1.0 -0.0 0.0
wire C 5.0 1.4000000000000004 -3.8000000000000007 0.8
prism 0.0 7.199999999999999 9.600000000000001
end
case pin_through_hole_cut
plane 0.0 0.0 0.0 0.0 0.0 1.0 1.0 0.0 0.0
wire P 4 0.0 0.0 0.0 10.0 0.0 0.0 10.0 10.0 0.0 0.0 10.0 0.0
wire P 4 3.0 3.0 0.0 7.0 3.0 0.0 7.0 7.0 0.0 3.0 7.0 0.0
prism 0.0 0.0 2.0
boolean cut
plane 5.0 1.4000000000000004 -3.8000000000000007 0.0 0.6 0.8 1.0 -0.0 0.0
wire C 5.0 1.4000000000000004 -3.8000000000000007 0.8
prism 0.0 7.199999999999999 9.600000000000001
end
case pin_through_hole_common
plane 0.0 0.0 0.0 0.0 0.0 1.0 1.0 0.0 0.0
wire P 4 0.0 0.0 0.0 10.0 0.0 0.0 10.0 10.0 0.0 0.0 10.0 0.0
wire P 4 3.0 3.0 0.0 7.0 3.0 0.0 7.0 7.0 0.0 3.0 7.0 0.0
prism 0.0 0.0 2.0
boolean common
plane 5.0 1.4000000000000004 -3.8000000000000007 0.0 0.6 0.8 1.0 -0.0 0.0
wire C 5.0 1.4000000000000004 -3.8000000000000007 0.8
prism 0.0 7.199999999999999 9.600000000000001
end
case pin_fills_hole_fuse
plane 0.0 0.0 0.0 0.0 0.0 1.0 1.0 0.0 0.0
wire P 4 0.0 0.0 0.0 10.0 0.0 0.0 10.0 10.0 0.0 0.0 10.0 0.0
wire C 5.0 5.0 0.0 2.0
prism 0.0 0.0 5.0
boolean fuse
plane 0.0 0.0 7.0 0.0 0.0 -1.0 1.0 0.0 0.0
wire C 5.0 5.0 7.0 2.0
prism 0.0 0.0 -9.0
end
case pin_fills_hole_cut
plane 0.0 0.0 0.0 0.0 0.0 1.0 1.0 0.0 0.0
wire P 4 0.0 0.0 0.0 10.0 0.0 0.0 10.0 10.0 0.0 0.0 10.0 0.0
wire C 5.0 5.0 0.0 2.0
prism 0.0 0.0 5.0
boolean cut
plane 0.0 0.0 7.0 0.0 0.0 -1.0 1.0 0.0 0.0
wire C 5.0 5.0 7.0 2.0
prism 0.0 0.0 -9.0
end
case pin_fills_hole_common
plane 0.0 0.0 0.0 0.0 0.0 1.0 1.0 0.0 0.0
wire P 4 0.0 0.0 0.0 10.0 0.0 0.0 10.0 10.0 0.0 0.0 10.0 0.0
wire C 5.0 5.0 0.0 2.0
prism 0.0 0.0 5.0
boolean common
plane 0.0 0.0 7.0 0.0 0.0 -1.0 1.0 0.0 0.0
wire C 5.0 5.0 7.0 2.0
prism 0.0 0.0 -9.0
end
case across_hole_fuse
plane 0.0 0.0 0.0 0.0 0.0 1.0 1.0 0.0 0.0
wire P 4 0.0 0.0 0.0 10.0 0.0 0.0 10.0 10.0 0.0 0.0 10.0 0.0
wire P 4 3.0 3.0 0.0 7.0 3.0 0.0 7.0 7.0 0.0 3.0 7.0 0.0
prism 0.0 0.0 4.0
boolean fuse
plane 5.0 4.0 -2.0 0.0 0.6 0.8 1.0 -0.0 0.0
wire C 5.0 4.0 -2.0 1.0
prism 0.0 6.0 8.0
end
case across_hole_cut
plane 0.0 0.0 0.0 0.0 0.0 1.0 1.0 0.0 0.0
wire P 4 0.0 0.0 0.0 10.0 0.0 0.0 10.0 10.0 0.0 0.0 10.0 0.0
wire P 4 3.0 3.0 0.0 7.0 3.0 0.0 7.0 7.0 0.0 3.0 7.0 0.0
prism 0.0 0.0 4.0
boolean cut
plane 5.0 4.0 -2.0 0.0 0.6 0.8 1.0 -0.0 0.0
wire C 5.0 4.0 -2.0 1.0
prism 0.0 6.0 8.0
end
case across_hole_common
plane 0.0 0.0 0.0 0.0 0.0 1.0 1.0 0.0 0.0
wire P 4 0.0 0.0 0.0 10.0 0.0 0.0 10.0 10.0 0.0 0.0 10.0 0.0
wire P 4 3.0 3.0 0.0 7.0 3.0 0.0 7.0 7.0 0.0 3.0 7.0 0.0
prism 0.0 0.0 4.0
boolean common
plane 5.0 4.0 -2.0 0.0 0.6 0.8 1.0 -0.0 0.0
wire C 5.0 4.0 -2.0 1.0
prism 0.0 6.0 8.0
end
case stadium_turned_fuse
plane 0.0 0.0 0.0 0.0 0.0 1.0 1.0 0.0 0.0
wire P 4 0.0 0.0 0.0 10.0 0.0 0.0 10.0 6.0 0.0 0.0 6.0 0.0
prism 0.0 0.0 4.0
boolean fuse
plane 8.0 3.0 -1.0 0.0 0.0 1.0 0.9230769230769231 0.38461538461538464 -0.0
wire S 4 5.615384615384616 0.9230769230769229 -1.0 L 11.153846153846155 3.230769230769231 -1.0 A 10.76923076923077 4.153846153846154 -1.0 1.0 1 10.384615384615385 5.0769230769230775 -1.0 L 4.846153846153846 2.769230769230769 -1.0 A 5.230769230769231 1.846153846153846 -1.0 1.0 1
prism 0.0 0.0 3.0
end
case stadium_turned_cut
plane 0.0 0.0 0.0 0.0 0.0 1.0 1.0 0.0 0.0
wire P 4 0.0 0.0 0.0 10.0 0.0 0.0 10.0 6.0 0.0 0.0 6.0 0.0
prism 0.0 0.0 4.0
boolean cut
plane 8.0 3.0 -1.0 0.0 0.0 1.0 0.9230769230769231 0.38461538461538464 -0.0
wire S 4 5.615384615384616 0.9230769230769229 -1.0 L 11.153846153846155 3.230769230769231 -1.0 A 10.76923076923077 4.153846153846154 -1.0 1.0 1 10.384615384615385 5.0769230769230775 -1.0 L 4.846153846153846 2.769230769230769 -1.0 A 5.230769230769231 1.846153846153846 -1.0 1.0 1
prism 0.0 0.0 3.0
end
case stadium_turned_common
plane 0.0 0.0 0.0 0.0 0.0 1.0 1.0 0.0 0.0
wire P 4 0.0 0.0 0.0 10.0 0.0 0.0 10.0 6.0 0.0 0.0 6.0 0.0
prism 0.0 0.0 4.0
boolean common
plane 8.0 3.0 -1.0 0.0 0.0 1.0 0.9230769230769231 0.38461538461538464 -0.0
wire S 4 5.615384615384616 0.9230769230769229 -1.0 L 11.153846153846155 3.230769230769231 -1.0 A 10.76923076923077 4.153846153846154 -1.0 1.0 1 10.384615384615385 5.0769230769230775 -1.0 L 4.846153846153846 2.769230769230769 -1.0 A 5.230769230769231 1.846153846153846 -1.0 1.0 1
prism 0.0 0.0 3.0
end
case stadium_tilted_fuse
plane 0.0 0.0 0.0 0.0 0.0 1.0 1.0 0.0 0.0
wire P 4 0.0 0.0 0.0 10.0 0.0 0.0 10.0 10.0 0.0 0.0 10.0 0.0
prism 0.0 0.0 5.0
boolean fuse
plane 5.0 4.4 1.7 0.0 0.6 0.8 0.0 -0.8 0.6
wire S 4 4.0 6.800000000000001 -0.09999999999999987 L 4.0 1.9999999999999996 3.5 A 5.0 1.9999999999999996 3.5 1.0 1 6.0 1.9999999999999996 3.5 L 6.0 6.800000000000001 -0.09999999999999987 A 5.0 6.800000000000001 -0.09999999999999987 1.0 1
prism 0.0 1.2 1.6
end
case stadium_tilted_cut
plane 0.0 0.0 0.0 0.0 0.0 1.0 1.0 0.0 0.0
wire P 4 0.0 0.0 0.0 10.0 0.0 0.0 10.0 10.0 0.0 0.0 10.0 0.0
prism 0.0 0.0 5.0
boolean cut
plane 5.0 4.4 1.7 0.0 0.6 0.8 0.0 -0.8 0.6
wire S 4 4.0 6.800000000000001 -0.09999999999999987 L 4.0 1.9999999999999996 3.5 A 5.0 1.9999999999999996 3.5 1.0 1 6.0 1.9999999999999996 3.5 L 6.0 6.800000000000001 -0.09999999999999987 A 5.0 6.800000000000001 -0.09999999999999987 1.0 1
prism 0.0 1.2 1.6
end
case stadium_tilted_common
plane 0.0 0.0 0.0 0.0 0.0 1.0 1.0 0.0 0.0
wire P 4 0.0 0.0 0.0 10.0 0.0 0.0 10.0 10.0 0.0 0.0 10.0 0.0
prism 0.0 0.0 5.0
boolean common
plane 5.0 4.4 1.7 0.0 0.6 0.8 0.0 -0.8 0.6
wire S 4 4.0 6.800000000000001 -0.09999999999999987 L 4.0 1.9999999999999996 3.5 A 5.0 1.9999999999999996 3.5 1.0 1 6.0 1.9999999999999996 3.5 L 6.0 6.800000000000001 -0.09999999999999987 A 5.0 6.800000000000001 -0.09999999999999987 1.0 1
prism 0.0 1.2 1.6
end
case quarter_common
plane 0.0 0.0 0.0 0.0 0.0 1.0 1.0 0.0 0.0
wire C 0.0 0.0 0.0 3.0
prism 0.0 0.0 5.0
boolean common
plane 0.0 0.0 0.0 1.0 0.0 0.0 0.0 1.0 0.0
wire P 4 0.0 0.0 -1.0 0.0 5.0 -1.0 0.0 5.0 6.0 0.0 0.0 6.0
prism 5.0 0.0 0.0
end
case quarter_turned_common
plane 0.0 0.0 0.0 0.0 0.0 1.0 1.0 0.0 0.0
wire C 0.0 0.0 0.0 3.0
prism 0.0 0.0 5.0
boolean common
plane 0.0 0.0 -1.0 0.0 0.0 1.0 0.9230769230769231 0.38461538461538464 -0.0
wire P 4 0.0 0.0 -1.0 4.615384615384616 1.9230769230769231 -1.0 2.6923076923076925 6.538461538461539 -1.0 -1.9230769230769231 4.615384615384616 -1.0
prism 0.0 0.0 7.0
end
case tangent_plane_fuse
plane 0.0 0.0 0.0 0.0 0.0 1.0 1.0 0.0 0.0
wire C 0.0 0.0 0.0 2.0
prism 0.0 0.0 5.0
boolean fuse
plane -3.0 0.0 0.0 1.0 0.0 0.0 0.0 1.0 0.0
wire P 4 -3.0 2.0 1.0 -3.0 6.0 1.0 -3.0 6.0 4.0 -3.0 2.0 4.0
prism 6.0 0.0 0.0
end
case tangent_plane_cut
plane 0.0 0.0 0.0 0.0 0.0 1.0 1.0 0.0 0.0
wire C 0.0 0.0 0.0 2.0
prism 0.0 0.0 5.0
boolean cut
plane -3.0 0.0 0.0 1.0 0.0 0.0 0.0 1.0 0.0
wire P 4 -3.0 2.0 1.0 -3.0 6.0 1.0 -3.0 6.0 4.0 -3.0 2.0 4.0
prism 6.0 0.0 0.0
end
case tangent_plane_common
plane 0.0 0.0 0.0 0.0 0.0 1.0 1.0 0.0 0.0
wire C 0.0 0.0 0.0 2.0
prism 0.0 0.0 5.0
boolean common
plane -3.0 0.0 0.0 1.0 0.0 0.0 0.0 1.0 0.0
wire P 4 -3.0 2.0 1.0 -3.0 6.0 1.0 -3.0 6.0 4.0 -3.0 2.0 4.0
prism 6.0 0.0 0.0
end
case tangent_cylinders_fuse
plane 0.0 0.0 0.0 0.0 0.0 1.0 1.0 0.0 0.0
wire C 0.0 0.0 0.0 2.0
prism 0.0 0.0 5.0
boolean fuse
plane 3.0 0.0 -1.0 0.0 0.0 1.0 0.0 1.0 -0.0
wire C 3.0 0.0 -1.0 1.0
prism 0.0 0.0 7.0
end
case tangent_cylinders_common
plane 0.0 0.0 0.0 0.0 0.0 1.0 1.0 0.0 0.0
wire C 0.0 0.0 0.0 2.0
prism 0.0 0.0 5.0
boolean common
plane 3.0 0.0 -1.0 0.0 0.0 1.0 0.0 1.0 -0.0
wire C 3.0 0.0 -1.0 1.0
prism 0.0 0.0 7.0
end
case tangent_inside_cut
plane 0.0 0.0 0.0 0.0 0.0 1.0 1.0 0.0 0.0
wire C 0.0 0.0 0.0 3.0
prism 0.0 0.0 5.0
boolean cut
plane 0.0 0.0 6.0 0.0 0.0 -1.0 1.0 0.0 0.0
wire C 2.0 0.0 6.0 1.0
prism 0.0 0.0 -7.0
end
