tilted_cylinder_box_fuse done 1 1 0
S 526.50718801467156 431.80862561761074 4.9999999999999964 4.983637761652429 2.486574573666239 10 18 12 10 18 12 1
tilted_cylinder_box_cut done 1 1 0
S 455.82135330890105 441.2334035783519 4.9999999999999973 5.0121151209689314 2.4999999999975988 7 15 10 7 15 10 1
tilted_cylinder_box_common done 1 1 0
S 44.178646691098237 76.576320931237092 5.0000000000000364 4.8749999995313198 2.4999999993748916 3 3 2 3 3 2 1
corner_in_cylinder_fuse done 1 1 0
S 700.58414165864872 543.55919663066186 2.9194071225100542 2.7617689279798507 4.7570926512832976 9 21 14 9 21 14 1
corner_in_cylinder_cut done 1 1 0
S 284.58414165864883 256.71223389168955 -0.12196627233636137 -0.14459163427689056 2.9402329554034914 6 12 8 6 12 8 1
corner_in_cylinder_common done 1 1 0
S 17.008753085971389 43.768215656521541 2.0406943853383606 2.4192535410281772 4 5 9 6 5 9 6 1
corner_in_cylinder_leaning_fuse done 1 1 0
S 497.22798278768005 417.04924153345252 0.76528951596010242 1.6453677524440722 4.7433018133708167 9 21 14 9 21 14 1
corner_in_cylinder_leaning_cut done 1 1 0
S 281.22798278992275 252.68896181362817 -0.10623636178620974 -0.1631313891701642 2.8564098936789883 6 12 8 6 12 8 1
corner_in_cylinder_leaning_common done 1 1 0
S 20.364911956406953 50.278170758763352 1.4670644191892752 2.2527527545347925 4.9828986266062021 5 9 6 5 9 6 1
steinmetz_fuse done 1 1 0
S 208.66074562008984 237.59289474408845 2.5039084429717322e-12 5.1621727708410825e-13 -2.6655643400746117e-12 8 15 9 8 15 9 1
steinmetz_cut done 2 1 0
S 41.498519738082365 75.398223686200325 4.9632217337477356e-12 -3.1892209273768549e-13 3.3309640351033361 3 5 4 3 5 4 1
S 41.498519738312069 75.398223686163931 -1.6862026692211752e-12 -2.3837309924625152e-14 -3.3309640350968812 3 6 5 3 6 5 1
steinmetz_common done 1 1 0
S 42.666666667088009 64.000000000532168 -1.3184911495803501e-11 4.5354214739446055e-15 1.2261691661897761e-11 5 8 5 4 7 5 1
steinmetz_oblique_fuse done 1 1 0
S 331.01274855088559 345.72267545429054 2.9669329466668651e-12 1.2203719822741374e-12 -1.7361818717933594e-11 8 14 8 8 14 8 1
steinmetz_oblique_common done 1 1 0
S 71.111111108867931 106.66666666263851 3.2521514811552613e-13 2.330685644553989e-12 8.6351276132272104e-11 4 6 4 4 6 4 1
steinmetz_tilted_common done 1 1 0
S 17.999999985242585 35.999999968056699 2.204675047971564e-14 3.0805259603039032e-10 4.107366795729474e-10 4 6 4 4 6 4 1
parallel_cylinders_fuse done 1 1 0
S 194.70363447552674 204.05116365475354 1.1680509091056239 0.14600636363820388 2.5 9 15 8 4 6 4 1
parallel_cylinders_cut done 1 1 0
S 131.87178140373089 148.0314036912024 -0.1812643673834467 -0.022658045922929991 2.5 4 6 4 4 6 4 1
parallel_cylinders_common done 1 1 0
S 9.4998880078102115 34.709878018071279 2.5162038765323902 0.31452548456655005 2.4999999999999996 5 9 6 4 6 4 1
coaxial_fuse done 1 1 0
S 155.5088363526948 169.64600329384885 -4.5691470171417513e-16 9.1382940342835023e-17 2.4999999999999996 7 9 6 7 9 6 1
coaxial_cut done 1 1 0
S 106.0287520586555 183.7831702350029 -9.5495172658262651e-16 1.0470961914283185e-16 2.5 4 6 4 4 6 4 1
coaxial_common done 1 1 0
S 35.342917352885181 61.261056745000971 -1.2565154297139816e-16 2.5130308594279632e-17 2.5 3 3 2 3 3 2 1
pin_through_hole_fuse done 2 1 0
S 24.127431579569613 64.339817545518969 5 5.0000000000000009 1.0000000000000004 3 3 2 3 3 2 1
S 168 280 5 5 0.99999999999999978 10 24 16 10 24 16 1
pin_through_hole_cut done 1 1 0
S 168 280 5 5 0.99999999999999978 10 24 16 10 24 16 1
pin_through_hole_common done 0 1 0
pin_fills_hole_fuse done 1 1 0
S 550.26548245743663 450.26548245743669 5 5.0000000000000009 2.5000000000000004 10 18 12 10 18 12 1
pin_fills_hole_cut done 1 1 0
S 437.16814692820401 437.69911184307745 5.0000000000000009 5.0000000000000009 2.5 7 15 10 7 15 10 1
pin_fills_hole_common done 0 1 0
across_hole_fuse done 1 1 0
S 359.56194479955184 436.24409635223014 5.000000000005862 5.111832606281804 1.9819490261367398 14 30 20 14 30 20 1
across_hole_cut done 1 1 0
S 328.146018259747 398.54498488080475 5.0000000000061826 4.9310639093099136 1.980220868420445 11 27 18 11 27 18 1
across_hole_common done 1 1 0
S 7.8539817011828266 24.87094202674524 4.9999999986474917 7.8802083376738379 2.8263888929867154 3 3 2 3 3 2 1
stadium_turned_fuse done 1 1 0
S 261.61651864051294 278.04129660128234 5.3166301431539118 3.0263452964612556 1.8305576885922485 12 30 20 12 30 20 1
stadium_turned_cut done 1 1 0
S 216.19174067974353 270.61651864051288 4.7528182253137219 3.0318807958207619 2.1101256655106209 10 24 16 10 24 16 1
stadium_turned_common done 1 1 0
S 23.808259320256468 55.091444627436054 7.244542846031079 2.7105053061614668 1.0000000000000002 6 12 8 6 12 8 1
stadium_tilted_fuse done 1 1 0
S 501.43436574837648 402.87500000071168 5.0000000000000009 4.9999999999999849 2.5000000000000138 14 30 20 14 30 20 1
stadium_tilted_cut done 1 1 0
S 471.15118044119691 454.45390762018599 5.0000000000000027 4.9999999999999805 2.5000000000000142 12 30 20 12 30 20 1
stadium_tilted_common done 1 1 0
S 28.848819558803029 63.974555920827115 4.9999999999999751 5.000000000000286 2.499999999999762 8 18 12 8 18 12 1
quarter_common done 1 1 0
S 35.342917352885173 67.699111843077503 1.2732395447351628 1.2732395447351628 2.5 5 9 6 5 9 6 1
quarter_turned_common done 1 1 0
S 35.342917352885173 67.699111843077517 0.68559052408816468 1.6650055584998282 2.5 5 9 6 5 9 6 1
tangent_plane_fuse done 2 1 0
S 62.831853071795848 87.964594300514207 -1.696295830113876e-16 4.2407395752846899e-17 2.5000000000000004 3 4 4 3 4 4 1
S 72 108 4.9343245538895844e-17 4 2.5 7 15 10 6 12 8 1
tangent_plane_cut done 1 1 0
S 62.831853071795848 87.964594300514207 -1.696295830113876e-16 4.2407395752846899e-17 2.5000000000000004 3 4 4 3 4 4 1
tangent_plane_common done 0 1 0
tangent_cylinders_fuse done 2 1 0
S 21.991148575128552 50.265482457436683 3 -1.7164898280914216e-16 2.5 3 4 4 3 4 4 1
S 62.831853071795848 87.964594300514207 -1.696295830113876e-16 2.9140843395276016e-17 2.5000000000000004 3 3 2 3 3 2 1
tangent_cylinders_common done 0 1 0
tangent_inside_cut done 1 1 0
S 125.66370614359172 175.92918860102844 -0.25000000000000044 1.0558111302555145e-16 2.4999999999999991 4 5 2 4 5 2 1
