ck_cross done 4 0
L closed 0 1
p -0.7039471192587472 0.7102523870338705 -2.2204460492503131e-16
p -0.76556281334388243 0.64336115606520439 -0.25265269273504448
p -0.87449503495177683 0.48503446436864656 -0.44389438415460142
p -0.96460170616621155 0.26371112498854976 -0.57173500422696477
p -0.99999995911779149 -0.00028589323578435142 -0.61867244577402736
p -0.96445929162455757 -0.2642314968282794 -0.57154323147013786
p -0.87427157921136056 -0.48543712622258195 -0.44355648293481498
p -0.76535159498814709 -0.64361240981340095 -0.25219110102360626
p -0.70394715669412233 -0.71025234992104025 0.00019042968166386781
p -0.76549343065629905 -0.643443708269682 0.25250113662438822
p -0.87442040127684673 -0.48516900106569316 0.44378154087238031
p -0.96455394452572363 -0.26388576514954237 0.57167069211514476
p -0.99999999571042897 9.2515752163332179e-05 0.61867249360517607
p -0.96450773213011065 0.26405462278540059 0.57160846342470262
p -0.87434819342969416 0.48529911847717749 0.44367235112469128
p -0.7654247623625734 0.6435253924851938 0.25235107353109726
p -0.7039471192587472 0.7102523870338705 -2.2204460492503131e-16
L open 0 1
p 1 -2.2204460492503131e-16 -1.237344998438493
p 0.97015566078390747 -0.2424829829794789 -1.2039367511197552
p 0.8893206838375014 -0.45728405737922423 -1.1128161738802615
p 0.77454040780675593 -0.63252442618704385 -0.9814314478696573
p 0.640463326432123 -0.76798875535793043 -0.82362364272337374
p 0.49797785018224466 -0.86718974720280206 -0.64716078462623117
p 0.35755185817531665 -0.93389328741012967 -0.45448791544985179
p 0.23674236647381114 -0.97157246583302337 -0.24193376468031336
p 0.17995846927903741 -0.98367422418677997 -0.0020809527328902212
p 0.23513089224295125 -0.97196371832614936 0.23827203546371384
p 0.3556790567682423 -0.93460815946536979 0.45168624917273253
p 0.4963165377878439 -0.86814163068792183 0.64502199332888477
p 0.63916620564299531 -0.76906863292820515 0.82206600943605657
p 0.77366062801642421 -0.63360020994540589 0.98041326180584576
p 0.88885402985009543 -0.45819046444307915 1.1122871575637365
p 0.97002109448594154 -0.24302073922280112 1.2037858516383149
p 1 -2.2204460492503131e-16 1.237344998438493
L open 0 1
p 1 -2.4492935982947064e-16 1.237344998438493
p 0.99235382040816256 0.12342570559651234 1.2287966098226701
p 0.9700756242489863 0.2428029789381993 1.203847000325124
p 0.93489405152220739 0.35492689516674614 1.1643091507439602
p 0.88904312433969768 0.45782344964445726 1.1125015265793119
p 0.83475462821554935 0.55062211439772701 1.0506919692210814
p 0.77401705938531673 0.63316473787214866 0.98082578969956091
p 0.70851328502948419 0.70569747377054604 0.90443766999296127
p 0.63966747490927056 0.76865175578141787 0.82266804797885218
p 0.5687384638340155 0.8225184155817995 0.73630659131959852
p 0.49693779667130455 0.86778615354174227 0.64582212581650844
p 0.42559184507180864 0.90491523480174585 0.55136840579579682
p 0.35638275792227836 0.93434005219181948 0.45274000660900371
p 0.29174752632716056 0.95649536949683278 0.34923292870901157
p 0.2357419310036859 0.97181569655942024 0.23966567151584495
p 0.19526942678931941 0.9807496365040469 0.12284030001392005
p 0.17995396398778229 0.98367503315123539 -2.4093089614996538e-16
L open 0 1
p 1 -2.4492935982947064e-16 -1.237344998438493
p 0.99235382040816456 0.12342570559650418 -1.2287966098226708
p 0.97007562424898852 0.24280297893818539 -1.2038470003251316
p 0.93489405152221194 0.35492689516673404 -1.1643091507439647
p 0.88904312433969546 0.45782344964446164 -1.1125015265793095
p 0.83475462821554369 0.55062211439773678 -1.0506919692210746
p 0.77401705938530796 0.6331647378721591 -0.98082578969955048
p 0.70851328502944566 0.70569747377058467 -0.90443766999291619
p 0.63966747490919484 0.76865175578148104 -0.82266804797876092
p 0.56873846383393567 0.82251841558185446 -0.73630659131950049
p 0.49693779667123639 0.86778615354178101 -0.64582212581642051
p 0.4255918450717609 0.90491523480176972 -0.55136840579573043
p 0.3563827579222606 0.93434005219182503 -0.45274000660897762
p 0.29174752632717349 0.95649536949683034 -0.34923292870903244
p 0.23574193100370683 0.9718156965594158 -0.23966567151589258
p 0.19526942678932774 0.9807496365040439 -0.12284030001395292
p 0.17995396398778229 0.98367503315123539 -2.2204460492503131e-16
ck_parallel done 3 0
L open 0 1
p 1.5 -2.4492935982947064e-16 -3.5478336300586655
p 1.4685209852081118 0.24893192021380861 -3.5229279207823923
p 1.3802792861575097 0.47445587511273513 -3.452154779206555
p 1.2496197439526444 0.6618687249768429 -3.3446116334644076
p 1.0918004163016826 0.80608453272744007 -3.2099130734683126
p 0.919190617164794 0.9078982673817082 -3.0558002305093628
p 0.74078228566299487 0.97057914392405631 -2.8878797030287342
p 0.56292038385569287 0.99801855331569933 -2.7101366178296993
p 0.39012713400390875 0.99394565187786466 -2.5255072862641317
p 0.22556369699350803 0.96160526345652486 -2.336145053566355
p 0.071655090402143851 0.90361536034151968 -2.1439603928806519
p -0.069738739126519747 0.82182587613584923 -1.9507870181411773
p -0.19699945991825901 0.71707166181511117 -1.7588741421675542
p -0.30845345316275719 0.58856008745518928 -1.5716659273823415
p -0.40165638255539754 0.43245320376787666 -1.3959694552685422
p -0.47097669023210154 0.23917415884597437 -1.2493733163129361
p -0.50000000000000011 1.2246467991473535e-16 -1.1826112100195552
L open 0 1
p -0.5 2.2204460492503131e-16 -1.1826112100195552
p -0.47092539796569238 -0.23938231124566164 -1.2494881741892709
p -0.40158127168956792 -0.43260976025247 -1.3961199488295224
p -0.30836629539272781 -0.58867984499207282 -1.5718210085875397
p -0.1969064737824773 -0.71716201718672723 -1.7590220150279512
p -0.069643358608908981 -0.82189198326908308 -1.9509237767030987
p 0.07175830564807853 -0.90366424293965386 -2.1440950675544901
p 0.22568908646212321 -0.96164106286216122 -2.3362951658016486
p 0.39026441376255272 -0.99396081201313835 -2.5256593394394922
p 0.56309474653320279 -0.99800752809635274 -2.7103165446167394
p 0.74093997196709549 -0.97054001139551416 -2.8880324305734399
p 0.91932107072252989 -0.90783802277463621 -3.0559196386179481
p 1.0918997673254209 -0.80601158227024627 -3.209999646136338
p 1.249685888625222 -0.66179380267655752 -3.3446669507728055
p 1.3803138208732457 -0.47439179566669315 -3.4521827611510028
p 1.4685308754105204 -0.24889343786984588 -3.5229357734319016
p 1.5 -2.2204460492503131e-16 -3.5478336300586655
L closed 0 1
p 1.5 -3.3306690738754696e-16 3.5478336300586655
p 1.3802785845893091 0.47445717676161492 3.4521542107547374
p 1.0917983266797679 0.80608606685273898 3.2099112525557496
p 0.74077892519102817 0.97057997758734249 2.8878764481456001
p 0.3901229007176511 0.99394518391416153 2.5255025976612604
p 0.071650462406015317 0.903613166498206 2.1439543549126365
p -0.19700395247410024 0.7170672949906669 1.7588669976382434
p -0.40166000582369965 0.43244564924369411 1.395962195217312
p -0.4999999990511565 4.3561498857430393e-05 1.1826112122636505
p -0.40168542408830943 -0.43239263455893712 1.3959112629999266
p -0.19703564458419251 -0.71703647260132697 1.7588165997903893
p 0.071625055791351713 -0.90360108496812963 2.1439212255850015
p 0.39014241353551671 -0.99394733478411768 2.5255242222049565
p 0.7408432566020644 -0.97056401629928279 2.8879387575852435
p 1.0918399609787934 -0.80605549713986147 3.2099475300281668
p 1.3802939962272736 -0.47442858175498259 3.4521666981533548
p 1.5 -3.3306690738754696e-16 3.5478336300586655
ck_skew done 0 0
ck_miss done 0 0
ck_rings done 4 0
L open 0 1
p 12.851034945877954 0.5 5
p 12.942341211695901 0.49874149311773763 5.0354524982910309
p 13.03359525998974 0.49495513246817524 5.0708480029860512
p 13.124739005053129 0.4885990344178367 5.1061649563162543
p 13.215701698946717 0.47959620411653198 5.1413769574563517
p 13.306399371408283 0.46782958333531782 5.1764525653695639
p 13.396733702949128 0.45313257527644824 5.2113548824531719
p 13.486562644187314 0.43528050721495037 5.2460302365015288
p 13.575708233644905 0.41396802194124105 5.2804112611511762
p 13.663987806123155 0.38876011845521974 5.314428963720971
p 13.751057092783554 0.35906708211360372 5.3479523325260452
p 13.836375551452734 0.32405281466437469 5.3807752341632504
p 13.919011620749281 0.28250530079897157 5.4125418270813945
p 13.997409631591886 0.23249585844756143 5.4426575193747091
p 14.068240618006007 0.17100385502115703 5.4698485739223939
p 14.123723859255437 0.09372961268489792 5.4911361929007088
p 14.146833921694752 0 5.5000000000000009
L open 0 1
p 14.146833921694752 5.5511151231257827e-17 5.5
p 14.068834098243521 -0.17037676411160593 5.4700763321953199
p 13.920366378487065 -0.2817436180240942 5.4130624200387132
p 13.753278843341199 -0.35823655965358148 5.3488073916453693
p 13.578883064135546 -0.41313635457857301 5.281635154139928
p 13.400836135013785 -0.45239022073419544 5.2129391676582069
p 13.220794834668862 -0.47901095209487055 5.1433475183308595
p 13.039669758000365 -0.49461231377103732 5.0732028901024373
p 12.858076603785731 -0.49999251395593164 5.0027354710670648
p 12.676525489012967 -0.49537305536272852 4.9321357172421072
p 12.495507902154925 -0.4804602967982754 4.8615880134778582
p 12.315654699614498 -0.45437637849921886 4.7913325452823852
p 12.137990671859782 -0.41543447302372627 4.7217659371997014
p 11.964105496388608 -0.36047899120592897 4.653510619346493
p 11.797925505795408 -0.28346371857810598 4.5881161295930974
p 11.651031003811937 -0.17105758459122974 4.5301709855277421
p 11.574682299568424 -2.8310687127941492e-15 4.4999999999999991
L open 0 1
p 11.574682299568435 -2.7563837690364271e-15 4.5
p 11.596769889072831 0.093037855414383697 4.5087322973563708
p 11.650442739792581 0.17041815444434305 4.5299386622307729
p 11.719626189324149 0.23231267826879035 4.557246304832117
p 11.796573718753077 0.28268827143171099 4.5875835013052368
p 11.877882059342884 0.32449414359209916 4.6196008000977287
p 11.961900928328312 0.35964415557340312 4.6526441517284747
p 12.047723797295632 0.38939265704736703 4.6863547240332259
p 12.134823520033249 0.41460018441413327 4.7205242471760771
p 12.222853904498322 0.43587040737068738 4.7550163688500575
p 12.311571241966389 0.45363955972235315 4.7897355034919915
p 12.400803235360195 0.46823059542564399 4.8246144302905902
p 12.49042615328927 0.47988470886852808 4.8596051954500927
p 12.580338043597308 0.48877939596858089 4.894668549127605
p 12.670456192959165 0.49504354756953167 4.9297728974301016
p 12.760709426900906 0.49876590604761306 4.9648912579474755
p 12.851034945877952 0.5 5
L closed 0 1
p -12.851034945877954 0.5 5
p -13.214007754635929 0.4797889242734017 5.1407215379463587
p -13.572397785063096 0.41482963319726018 5.2791350473710619
p -13.914483884954034 0.28502946746879265 5.4108019075299287
p -14.146694756290216 0.0073053319519206326 5.4999466286594192
p -13.926365844142735 -0.27833371066320461 5.4153677597782828
p -13.585446099577247 -0.4114003126782827 5.2841650762022256
p -13.22748259500425 -0.47822903787953464 5.145934886464552
p -12.86477155136852 -0.49997152477685364 5.0053360483531701
p -12.502133668775217 -0.48119748922191874 4.8641730897214028
p -12.144431314122896 -0.41711443656088876 4.7242908371442605
p -11.803749090495295 -0.28676911765169388 4.5904105989252564
p -11.574810409766055 -0.0071171185872050454 4.5000506573191661
p -11.792180588768998 0.28014608255751466 4.5858524526276341
p -12.131591699007155 0.41374322790871454 4.7192571464281716
p -12.488770046604047 0.47969517970047354 4.8589589810317495
p -12.851034945877954 0.5 5
ck_tilted done 2 0
L open 0 1
p 1.75 1.782583381679953 2.710111175573271
p 1.745774649986076 1.7532056519415464 2.8034400187591273
p 1.7350152074905358 1.7382788160004614 2.8996604380326256
p 1.7204866536809393 1.737009625278537 2.9965532089056794
p 1.7046711734153355 1.7484561651283299 3.0925831997173683
p 1.6897369062496748 1.7717513576498221 3.1865944748308541
p 1.6775369469712196 1.8061339724629644 3.2775563818941373
p 1.6695528106311819 1.8508816060699727 3.3643974410791202
p 1.6667706574654695 1.9053089292007175 3.4460623866930922
p 1.6695567540296103 1.9684734199741061 3.521173504779715
p 1.6775443309004849 2.0393167117025577 3.5884407750880811
p 1.6897468149495334 2.1170175318936573 3.6469106974736794
p 1.7046782362462582 2.2007266903695442 3.6955783032942562
p 1.7204906438017158 2.2896950866279706 3.733444107996081
p 1.7350146093100067 2.3830396065284098 3.7593465049814703
p 1.7457739062109068 2.4795860591633909 3.7719588565566626
p 1.75 2.5774166183200466 3.7698888244267295
L open 0 1
p 1.75 2.5774166183200453 3.769888824426729
p 1.6937285139673062 2.8546646925156369 3.6645068820734297
p 1.5288183127867232 3.0136970351251602 3.4652001083750399
p 1.3044894396595024 3.0525733297808451 3.2610819511336038
p 1.0492720926786885 3.0087009156092805 3.0976349568815209
p 0.76785697507271178 2.9141570718691283 3.0302615734942173
p 0.50351541668850697 2.7943842905055836 3.1222764993962615
p 0.32281270700709508 2.5822441876138251 3.2390553257195283
p 0.268807808134709 2.3139615158708708 3.1404368376837062
p 0.32222149054629168 2.2929188022195457 2.855363000633119
p 0.50255892467715069 2.4643091282131966 2.6835867321496645
p 0.76686903094689085 2.5867623868780623 2.5942725631361649
p 1.0485353060427596 2.5489895967021932 2.4846062905379949
p 1.3039919763855092 2.4044517246612345 2.3965518454481343
p 1.5285406373413553 2.1975578997908869 2.3765546696339457
p 1.693648347788838 1.9615352447027339 2.4733425544017096
p 1.75 1.7825833816799526 2.710111175573271
ck_two_loops done 2 0
L closed 0 1
p 1.2683796562144851 -7.7715611723760958e-16 3
p 1.136029890814813 0.45213297981718181 2.8919505415358953
p 0.83186157211205114 0.75450482104004168 2.6562945010484347
p 0.44260344656299094 0.91485876316490922 2.403774015744971
p -0.023807069883463733 0.96149074842992299 2.2748366491509584
p -0.47749293210096544 0.90623386127287453 2.4227767632304826
p -0.85506770967763024 0.73923656202050292 2.673445811608496
p -1.1478291780621364 0.43282897438867041 2.9014760506350448
p -1.2682132441457465 -0.016575904160024219 2.999862607846012
p -1.1317999399881868 -0.4587966121208723 2.8885413144597765
p -0.8315105871541324 -0.75472925215148856 2.6560364122886537
p -0.44917538953068603 -0.91330280820497611 2.4072812216341379
p 0.0082958059378935006 -0.96159527408423529 2.2744713380267103
p 0.46341898474090859 -0.90982195403947297 2.4149988267168059
p 0.843336265119911 -0.74706206939511222 2.6647542783017961
p 1.1399097813979129 -0.44590510784091975 2.8950802382766558
p 1.2683796562144851 -3.3306690738754696e-16 2.9999999999999996
L closed 0 1
p 0.42279321873816178 -1.1102230246251565e-16 1
p 0.39225378959396079 -0.1743878607424301 1.0153229619332635
p 0.30539166846979682 -0.32461449411128201 1.0541535945544669
p 0.1706080564417673 -0.43174126785307632 1.0980024972863065
p -4.4778202683066603e-05 -0.47310245354768066 1.1189926192830639
p -0.17075087549972368 -0.43166909778684176 1.0979679559210815
p -0.30547962995960481 -0.32451112348338901 1.0541181240033564
p -0.39229306007448517 -0.17427953064396109 1.0153037828114735
p -0.42279321029367289 9.3156992699375759e-05 1.0000000043436845
p -0.39223037640228675 0.17445241150582577 1.0153343963588428
p -0.30536280569718888 0.32464840044806209 1.0541652318492165
p -0.17058842011284911 0.43175118299863391 1.0980072425773921
p 4.6639890943977941e-05 0.47310247961724983 1.1189925972050283
p 0.17066977478836404 0.43171008772141545 1.0979875728921726
p 0.30542128283556974 0.32457969899430567 1.0541416535334105
p 0.39226174175956807 0.17436593078410864 1.0153190785374884
p 0.42279321873816178 -1.1102230246251565e-16 1
ks_apex_inside done 3 0
L closed 0 1
p 1.2793812433657084 -2.2204460492503131e-16 2.34189165737014
p 1.1907933286626846 0.44095445498047459 2.3243803724144674
p 0.94046517317073808 0.81169084281458082 2.2740204068320562
p 0.57024694461379355 1.0560931464768284 2.1969774990619566
p 0.13801034605013926 1.1403683383774446 2.1026613998024062
p -0.29278652169739811 1.0544587564600449 2.0031986728041549
p -0.66028580702951989 0.81023712919607171 1.9132419026677041
p -0.90908269587356594 0.44059747593026555 1.8492071089363746
p -0.99743023641578865 -1.7494017140913481e-06 1.8257838010266585
p -0.90908135358321907 -0.44060068766082805 1.8492074619670411
p -0.66028336252013209 -0.81023955539655357 1.9132425186467776
p -0.2927833629237328 -1.0544600597356319 2.0031994245183231
p 0.1380137600896835 -1.1403683463959331 2.102662165215607
p 0.57025012317297152 -1.0560918495829392 2.1969781745869779
p 0.94046763608802442 -0.81168840895454319 2.2740209089161807
p 1.1907944754922299 -0.44095171755582385 2.3243806001261689
p 1.2793812433657084 -2.2204460492503131e-16 2.34189165737014
L open 0 1
p -0.62879690389583032 1.1102230246251565e-16 -1.151005012032122
p -0.61463607231858441 -0.14159056539907106 -1.1545508572676124
p -0.57285186371291208 -0.27726560375853398 -1.1649662655975082
p -0.50544644596628774 -0.40152720220738025 -1.1816222420616835
p -0.41546921156741246 -0.50962616890259815 -1.2035836566539682
p -0.30672249557326953 -0.59769638583307361 -1.2297276787811673
p -0.18350084361825492 -0.66277892131454363 -1.2588492540634335
p -0.050405383337652945 -0.70278048558823625 -1.2897355980676291
p 0.087769337782639886 -0.71642358488160229 -1.321209245353268
p 0.2261070183537997 -0.7032262362779983 -1.3521488815985685
p 0.35963522418358695 -0.66352035072092641 -1.3814989958735864
p 0.48341593215627443 -0.59849948184130219 -1.4082775866562427
p 0.59267784477804764 -0.51027604112468061 -1.4315872234729954
p 0.68300428254559931 -0.40191705897834257 -1.4506337656149921
p 0.75057220347238196 -0.27741425231437244 -1.4647531407219072
p 0.79238671000559391 -0.14161779376616385 -1.4734372087975807
p 0.806543591079109 -1.1102230246251565e-16 -1.476368140496179
L open 0 1
p 0.80654359107910967 -9.8773102718784344e-17 -1.476368140496179
p 0.79238665482296589 0.14161806740443805 -1.4734371973634499
p 0.75057206713699931 0.27741457635819805 -1.4647531123413655
p 0.68300403440333857 0.40191742459144819 -1.4506337135624801
p 0.59267749654113366 0.51027638379009899 -1.4315871496577977
p 0.48341548325344308 0.59849977673716248 -1.4082774902659279
p 0.35963467915390634 0.66352057207210502 -1.3814988771099883
p 0.22610639791706583 0.70322635733904049 -1.3521487440479236
p 0.087768659019840073 0.71642358406926587 -1.3212090921529214
p -0.05040610657309029 0.70278034269311551 -1.2897354317849063
p -0.18350160498204807 0.66277860942388778 -1.2588490757203528
p -0.3067232539953218 0.59769588572927734 -1.2297274978996477
p -0.4154699217421427 0.5096254667485709 -1.2035834847858911
p -0.50544706394510119 0.4015262908712311 -1.1816220901857675
p -0.5728523046480003 0.27726455529769189 -1.16496615606058
p -0.61463625336042671 0.14158966917104332 -1.1545508119889276
p -0.62879690389583032 1.5401082313395888e-16 -1.151005012032122
ks_one_loop done 2 0
L open 0 1
p 2.3272965636146687 -5.5511151231257827e-16 4.2600877844802332
p 2.3309977065501903 -0.1863173374880584 4.280471150178724
p 2.3428072331862984 -0.3637541067857829 4.3398631799868106
p 2.364541129558023 -0.52472227778681368 4.4335562203556762
p 2.3984039123293517 -0.66345048555317732 4.5551229333297467
p 2.4462030308825109 -0.77576692205644471 4.6975192591014912
p 2.5087332563128086 -0.85863944688071903 4.8537287275533725
p 2.5854039135268825 -0.90984578976399 5.0170502247061979
p 2.6740947128387687 -0.9278756855420125 5.1811972939001176
p 2.7713484188748749 -0.91200157238091251 5.3405460145732722
p 2.8726279678874649 -0.86230489594983395 5.490108795882561
p 2.9725837627421399 -0.77982194470414423 5.6254007389227789
p 3.0654184659958168 -0.6667472602151796 5.7424072403068376
p 3.1453207197870432 -0.52659407145334591 5.8376040696891609
p 3.2069268933082618 -0.3643106372078927 5.9079972607117073
p 3.24584062430687 -0.18626165655829829 5.9512460178367839
p 3.259151442820396 -7.7715611723760958e-16 5.9658366992841554
L open 0 1
p 3.2591514428203934 -7.9826187647729453e-16 5.9658366992841536
p 3.2458292678567009 0.18634050576490457 5.9512335091856947
p 3.2068834091297171 0.36445721800288305 5.9079483625320659
p 3.1452247486257461 0.52679801633401691 5.8374924642120787
p 3.0652566481616788 0.66698312895471601 5.7422095864562159
p 2.9723533807473612 0.78005428440508873 5.6251007736052197
p 2.8723356291085502 0.86249575086984742 5.4896967307901399
p 2.7710012205742203 0.91211538850340335 5.3400074649478828
p 2.6737206866488967 0.92787088121068584 5.1805476032179785
p 2.5850674226675614 0.9097046273337831 5.0163833693218818
p 2.5084853345350506 0.85840003639730544 4.8531574834854876
p 2.4460400304189447 0.77547690546303283 4.6970743923327181
p 2.3983078559850446 0.663151912596744 4.5548077856973315
p 2.364492439801499 0.52445479886461333 4.4333631628676216
p 2.3427878247618805 0.36355257642693672 4.3397714897409827
p 2.3309932580839621 0.18620894407765981 4.2804472281870192
p 2.3272965636146696 -5.7002325745946798e-16 4.260087784480235
ks_two_loops done 3 0
L closed 0 1
p 0.19333333333333352 0.17110928633870795 -0.47259267276469741
p 0.25118186646448037 0.20845405185387444 -0.59749491826213075
p 0.32120843622022277 0.22728207318023094 -0.72027307846346156
p 0.40083791862319967 0.22151567380465348 -0.83831588279345171
p 0.48418619019299936 0.18104279495961478 -0.94622715879478436
p 0.55454031440297513 0.090610391087160735 -1.02854058993467
p 0.56860436656104629 -0.045957397320405588 -1.0442174541036722
p 0.5115630769329832 -0.15618455772737322 -0.97908062837043797
p 0.42980377628795863 -0.21209019008036023 -0.87732421807558303
p 0.34790944657237521 -0.22847884435838717 -0.76189555130999809
p 0.27414728260502702 -0.21731179688488206 -0.6403598165849641
p 0.21187086617571688 -0.18587473714524935 -0.51592045237236706
p 0.16276348758989356 -0.13814804108524409 -0.39078591124496814
p 0.12804650392242237 -0.072401363693582882 -0.26926129640607538
p 0.12000003446021866 0.041102691490278231 -0.23218672124071649
p 0.14906050699700052 0.11793624583185627 -0.3479274760553171
p 0.19333333333333355 0.17110928633870801 -0.47259267276469741
L open 0 1
p 0.11627284943880366 -2.7755575615628914e-17 0.2128360232662507
p 0.12369841627406877 -0.057778430190558401 0.24991118639777854
p 0.13771021726743568 -0.096629884707057426 0.30794352281562282
p 0.1556906312818177 -0.1282973188520132 0.36928595821450588
p 0.1772952450856822 -0.15544643967339078 0.43161154720992939
p 0.20239719576769405 -0.17872188520673227 0.49425241206089482
p 0.23084234654271307 -0.19807113855678479 0.55678240659443468
p 0.26247591825095462 -0.21316566596519604 0.61894634121161962
p 0.29709540043175164 -0.22347091624423376 0.68050073221434237
p 0.33440561933746377 -0.22826513507392937 0.74113750504036846
p 0.37400168130655442 -0.22662335902676467 0.80048088415810215
p 0.41526330024503855 -0.21735593493912461 0.85796427437336931
p 0.45718596868191708 -0.19893673638651299 0.9126681023762051
p 0.49809344630057639 -0.16942658051323387 0.96305653599583108
p 0.53499932447341458 -0.12659576858686966 1.0063534271402557
p 0.5625959174099302 -0.069034317344636442 1.0375489621723373
p 0.57327369175898679 -1.3877787807814457e-16 1.0493704539455939
L open 0 1
p 0.57327369175898679 -1.404115583296059e-16 1.0493704539455939
p 0.56259206180024424 0.069046485211090192 1.037544669552789
p 0.53499204204381212 0.12660671582189587 1.0063450608495645
p 0.4980925956163994 0.16942732268800137 0.96305550526780737
p 0.45719455194096625 0.19893189984567175 0.91267896931934289
p 0.41527928411378512 0.21735074636581569 0.85798579534556729
p 0.3740254103242755 0.22662028943860524 0.80051512728978247
p 0.33442651490323494 0.22826604548318835 0.74117006410191255
p 0.29711480182718031 0.22347507294494129 0.68053368420424809
p 0.26249811959115704 0.21317421734993397 0.61898776065602257
p 0.23086203002525402 0.198082471782629 0.55682326447528396
p 0.20241708525068541 0.17873771648840689 0.49429889991254028
p 0.17732037801938941 0.15547337226075467 0.43167887128072602
p 0.15570754619585125 0.12832222372158841 0.36933887603210031
p 0.13772300154300712 0.096657255456608318 0.30799148549375632
p 0.12370270849520526 0.057794912737713901 0.24993102161325789
p 0.11627284943880367 -2.8478634578594617e-17 0.2128360232662507
ks_near_tangent done 3 0
L closed 0 1
p 0.34477159674238911 0.00075966978372604959 -0.63110170661717191
p 0.34498672138707709 0.00072912729619166341 -0.6314953682780472
p 0.34518066020253885 0.00064118531947101362 -0.63185005031974817
p 0.34537724569798278 0.00046078659551215101 -0.63220937026352131
p 0.34551730858691643 0.00015329749667972463 -0.6324652532694709
p 0.34548520504507696 -0.00026539943425166022 -0.63240661151413047
p 0.34527962373774718 -0.00056623924642563647 -0.63203095913652474
p 0.34503972453009785 -0.00071093184906156448 -0.63159233133293524
p 0.34477978765052281 -0.00075920502796508304 -0.63111670270997688
p 0.34451468917093764 -0.00071296976728983923 -0.63063126724387264
p 0.3442569370455969 -0.00055892340161668762 -0.6301589182454671
p 0.34405138357459147 -0.00023656106846857701 -0.62978198204270042
p 0.3440281737552493 0.00014808371846523508 -0.62973940633529391
p 0.34416273748664866 0.00045205758629050764 -0.62998620873744049
p 0.3443640600898018 0.00064004100892051151 -0.63035527240889278
p 0.34456793214699621 0.0007313215185125744 -0.63072879055616082
p 0.34477159674238916 0.00075966978372604959 -0.6311017066171718
L open 0 1
p 0.34401359897107808 -8.4242508802123695e-17 0.62971266901866985
p 0.34404610806044522 -0.00022002066644214561 0.62977230503121229
p 0.34412227055047906 -0.00039140636293789232 0.62991199878973336
p 0.34422088912049065 -0.00052157458130347358 0.63009283425765916
p 0.34432878439770703 -0.00061611772331322378 0.63029062074735664
p 0.34443774334307009 -0.00068147674407948193 0.63049029456445727
p 0.34454493953361309 -0.00072449870238071356 0.63068667625961539
p 0.34465386324786984 -0.00075027680095500796 0.6308861595301094
p 0.34477279769370928 -0.00075967149865532326 0.63110390494520552
p 0.34489152302568837 -0.00075046018906816368 0.63132119253937757
p 0.34500048843891862 -0.00072484706693449325 0.63152055244339766
p 0.34510789340522452 -0.00068192210409285983 0.6317169952298276
p 0.34521712012969941 -0.00061657833100280948 0.63191670729974048
p 0.34532527196061896 -0.00052197596033121347 0.63211439228830679
p 0.34542409899184523 -0.00039169023181008218 0.63229497882277597
p 0.34550039404600458 -0.00022015323917584783 0.63243435728032038
p 0.34553294222671233 -8.4676189671117896e-17 0.63249380819317502
L open 0 1
p 0.34553294222670689 -8.4631162339580766e-17 0.63249380819316492
p 0.34549932200839012 0.00022351750646101796 0.63243239909115678
p 0.34542132364605521 0.0003963627949829467 0.63228990818997977
p 0.34532486273379759 0.0005223577679276712 0.63211364437411344
p 0.34522016853961829 0.00061436121072098711 0.63192228023299701
p 0.34511115569027329 0.0006803632582122668 0.63172296086998869
p 0.34499947522919 0.00072517890359568692 0.6315186987169269
p 0.34488623277530772 0.0007512434633697116 0.6313115120879309
p 0.344772318664053 0.00075969239254164824 0.63110302804569729
p 0.34465853481777309 0.00075092266054324446 0.63089471376605444
p 0.34454562623732476 0.00072469904374536972 0.63068793385471245
p 0.3444343250065261 0.00067986869045985479 0.63048403107017559
p 0.34432551470115896 0.00061374731431651291 0.63028462790673723
p 0.34422069591397503 0.00052130183742283925 0.6300924800676132
p 0.34412470467210748 0.00039554768515705566 0.62991646278398705
p 0.34404708610054147 0.00022306212878711305 0.6297740991912395
p 0.34401359897108363 -8.4259030568619731e-17 0.62971266901867995
ks_rings_one_nappe done 2 0
L closed 0 1
p 2.2299722352540603 -4.4408920985006262e-16 7.2088940047221897
p 2.0636370869670997 0.83565726524445383 7.1973924900292037
p 1.5903564676265523 1.5434802336357609 7.1643885118310964
p 0.88291330051785222 2.0158216839782472 7.114259294189937
p 0.04921473458303198 2.1814683782411186 7.0538888202011378
p -0.78434187122788934 2.0156617331194076 6.9920288296019812
p -1.4915196150890604 1.5433126244623421 6.9382846767040975
p -1.9646182482951438 0.83557825626846305 6.9016405591830807
p -2.1309010768247738 -1.419009594299993e-06 6.888623882633885
p -1.9646150997334604 -0.83558585341075231 6.90164080496747
p -1.4915140783322836 -1.5433181584519793 6.9382851022483685
p -0.78433500262214595 -2.0156645771943191 6.992029345827202
p 0.049221780152147482 -2.1814683790522791 7.0538893365741515
p 0.88291945636956715 -2.0158191365102449 7.1142597346778746
p 1.5903609109495394 -1.5434757938522352 7.1643888236493218
p 2.0636390276357539 -0.83565258430265266 7.197392624511938
p 2.2299722352540603 -4.4408920985006262e-16 7.2088940047221897
L closed 0 1
p 0.62817300873918025 -1.1102230246251565e-16 2.0307125645052082
p 0.57910220442469795 0.24620843754757413 2.0342517091614498
p 0.43953410682798844 0.45467229724740582 2.0443449941948542
p 0.23101953177359993 0.59371577482551596 2.0595001500574557
p -0.014634786301137787 0.64247111064279749 2.0774732208079456
p -0.2602729812538036 0.59369182774448082 2.0955759957647424
p -0.46876207454574914 0.4546439903636269 2.1110458418658324
p -0.60831310934704153 0.2461910851203763 2.1214552519488699
p -0.65737841313179546 -3.226304431491987e-07 2.1251256972355317
p -0.60831205661318566 -0.24619362141602144 2.1214551732558293
p -0.46876025881643307 -0.45464580241921443 2.1110457067141137
p -0.2602707773796224 -0.59369273885327289 2.0955758327503071
p -0.014632580312479907 -0.64247111076797325 2.0774730588254129
p 0.23102140680876715 -0.5937149998586857 2.0595000133646204
p 0.43953541820394537 -0.45467098864492689 2.0443448991688049
p 0.57910276887681411 -0.24620707774110268 2.0342516684228436
p 0.62817300873918025 -1.1102230246251565e-16 2.0307125645052082
ks_irrational_apex done 2 0
L open 0 1
p 0.92401551393431114 -2.2204460492503131e-16 1.0028910000018387
p 0.91141132103431666 -0.19948859243176753 1.0241125379498224
p 0.87749921989190438 -0.38764413570709511 1.0863667993734103
p 0.83268258485012892 -0.55642967836968282 1.1861259604405947
p 0.79123975294968418 -0.70176165038079208 1.3188614310114639
p 0.76889182230504827 -0.82155187179038824 1.4788075793813147
p 0.77956121629427999 -0.91322761777480121 1.6573310262058811
p 0.83037030491786012 -0.97286252181471822 1.8426334446818444
p 0.91803607590174119 -0.99639491360777588 2.0218881617037221
p 1.0321002140508166 -0.98188266248493861 2.1867512069042228
p 1.1599104787068577 -0.92933976655390926 2.3328005959198119
p 1.2896178179680509 -0.84038792279215746 2.4581153226295163
p 1.4109272304859524 -0.71799922664873406 2.56179702085372
p 1.5151084132747803 -0.56648076209388654 2.6432440343713415
p 1.5950070873213535 -0.39150489030245744 2.7019191469298089
p 1.6452188235342149 -0.20001925817912269 2.7373499625211393
p 1.6623433131911518 -4.4408920985006262e-16 2.7492004641422536
L open 0 1
p 1.6623433131911522 -4.0715668351671016e-16 2.7492004641422545
p 1.6452146917364587 0.20004318123012654 2.7373470866547067
p 1.5949913399008333 0.39154907980306675 2.7019078566480408
p 1.5150716985154407 0.56654555260689854 2.643216362781684
p 1.410863814855349 0.71807584359232246 2.5617455046431297
p 1.289525467559667 0.8404651362144997 2.4580320392397894
p 1.159793180642684 0.92940363633399958 2.3326785533857355
p 1.0319686421729442 0.98191865932415379 2.1865844371422356
p 0.91790838377920925 0.99638909587339919 2.021673400145223
p 0.83027192683612117 0.97280383618543609 1.8423767499768262
p 0.77955903914124969 0.91322209182788705 1.6573176214491148
p 0.76889244628422826 0.82154332799504259 1.4787938350219172
p 0.79124317979827152 0.70174845521912432 1.3188467863063926
p 0.83268802500861172 0.55641093512056228 1.1861120288814109
p 0.87750501141768211 0.38761910033538788 1.0863553991902
p 0.91141327452609144 0.19947303924213683 1.0241091786941996
p 0.92401551393431069 -2.2631852830043006e-16 1.0028910000018378
ks_tilted done 2 0
L closed 0 1
p 1.9744777054859144 2.8998697130661664 4.199826284088223
p 1.9068737069500581 3.125394022554933 3.9873275989000661
p 1.7259040578407838 3.2611844358673618 3.7643855294864705
p 1.4794657926125367 3.2883987984612988 3.5648651839318415
p 1.2145977863438899 3.2121092933636155 3.4048881584625139
p 0.96665262616411662 3.0480537152276583 3.2894419109081676
p 0.76012021034388932 2.8146705118432891 3.2213821803776987
p 0.61390592419127388 2.5317685663067575 3.2143954480242387
p 0.55521558603952426 2.2418658253237602 3.3226436419867666
p 0.61396640158044347 2.0568586781003386 3.5706820113442266
p 0.76020599340037309 1.9844033025246837 3.8441964047458108
p 0.9667451574865118 1.9844221667312163 4.0872634300427908
p 1.214682560960501 2.049333846772837 4.2770445131863788
p 1.4795308479949021 2.1815601620226892 4.3950440030051814
p 1.7259421587007004 2.3807178386547978 4.4247618155474937
p 1.9068862907922768 2.6327498907337987 4.3568188576652087
p 1.9744777054859144 2.8998697130661664 4.199826284088223
L closed 0 1
p 0.8093148183110872 1.4526273962662009 2.270169861688268
p 0.83858760343428773 1.3349652479531893 2.3226153057369481
p 0.90911966877488071 1.2219598256214759 2.3257347748915076
p 1.0012187180190579 1.1296805876672624 2.2964518043532238
p 1.1048274643644238 1.0634969719317127 2.2439390197021263
p 1.2119657795772638 1.0286169377082508 2.1721008339055046
p 1.3120320035594246 1.0317761470665461 2.0838981444504903
p 1.3881727128521979 1.0795910667969688 1.9858428278818576
p 1.4177719591421347 1.1705644106136963 1.8940853959286861
p 1.388172467005877 1.2841241132049124 1.8324432399437767
p 1.312031606232325 1.3916453223372383 1.8139965941872491
p 1.2119653206194696 1.4772043730580637 1.8356606628526113
p 1.1048270010009995 1.5364025050193764 1.8892603092637614
p 1.0012182877768168 1.5682832446299249 1.9675002533766628
p 0.9091193064729719 1.570556570449485 2.0642876205276623
p 0.83858736773885578 1.5359201751168001 2.1718993937274611
p 0.8093148183110872 1.4526273962662009 2.270169861688268
ks_miss done 0 0
