S spline_bulge coarse done 6 0 52 22 40 0 0 0 0 0 0.018557310365459934 0.040000000000000001 0.014406842638890617 0.014406842638890336 23.600079241941234 6.6543126405221251
S spline_bulge fine done 6 0 84 38 72 0 0 0 0 0 0.0023675078610829736 0.0040000000000000001 0.0019975877525778367 0.0019975877525778367 23.622727269124571 6.6640306784190333
S spline_cubic_bulge coarse done 6 0 64 28 52 0 0 0 0 0 0.014984033979721636 0.037499999999999999 0.012468987762155284 0.012468987762155513 24.705966182126446 7.0382586846980182
S spline_cubic_bulge fine done 6 0 104 48 92 0 0 0 0 0 0.0021755521325102626 0.0037499999999999999 0.0018732609922911005 0.0018732609922911202 24.727247829582527 7.0471419796327108
S spline_rounded_corner coarse done 7 0 58 24 44 0 0 0 0 0 0.0040119936169362522 0.029999999999999999 0.0037941343106258881 0.0037941343106259154 21.673556837137362 5.9448370375477939
S spline_rounded_corner fine done 7 0 78 34 64 0 0 0 0 0 0.0013696667974588321 0.0030000000000000001 0.0012833722161167504 0.0012833722161167346 21.676525946633156 5.9458258854001205
S spline_wave_holes coarse done 9 0 310 148 300 0 0 0 0 0 0.035625264944365423 0.080000000000000002 0.019891336205429013 0.019891336205429013 110.1193141766295 47.583881795901149
S spline_wave_holes fine done 9 0 522 254 512 0 0 0 0 0 0.0078333923135895083 0.0080000000000000002 0.0035879981005433937 0.0035879981005426673 110.13445726281758 47.575036854945218
S spline_sharp_rational coarse done 5 0 79 49 94 0 0 0 0 0 0.25555810116934169 0.040000000000000001 0.022499875448995784 0.016022235709999166 61.357532103359709 30.731342119244967
S spline_sharp_rational fine done 5 0 421 365 726 0 0 0 0 0 0.050275542461291851 0.0040000000000000001 0.0038710074765182191 0.0019777905879595271 61.473747578397251 30.786923797708141
S spline_bulge_far coarse done 6 0 64 28 52 0 0 0 0 0 0.014984033979699121 0.037499999999999999 0.012468987762443907 0.012468987762191203 24.705966182126257 7.0382587900506905
S spline_bulge_far fine done 6 0 104 48 92 0 0 0 0 0 0.0021755521324170321 0.0037499999999999999 0.0018732609922966141 0.0018732609922966141 24.72724782958241 7.0471419346057473
S spline_stadium_edge coarse done 6 0 120 56 108 0 0 0 0 0 0.0072911259019462962 0.050000000000000003 0.0072911259019464757 0.0072911259019462493 30.490114644753334 9.111103635738246
S spline_stadium_edge fine done 6 0 200 96 188 0 0 0 0 0 0.0023312308094612412 0.0050000000000000001 0.002331230809461017 0.0023312308094610712 30.541967887977165 9.1318329292136724
S spline_stadium_pcurve coarse done 6 0 120 56 108 0 0 0 0 0 0.0072911259019462962 0.050000000000000003 0.0072911259019464757 0.0072911259019462493 30.490114644753334 9.111103635738246
S spline_stadium_pcurve fine done 6 0 200 96 188 0 0 0 0 0 0.0023312308094612412 0.0050000000000000001 0.002331230809461017 0.0023312308094610712 30.541967887977165 9.1318329292136724
S face_spline_ring coarse done 1 0 32 32 30 0 32 0 0 0 4.4408920985006262e-16 0.05333333333333333 0 0.017471744404466374 19.928866581185801 0
S face_spline_ring fine done 1 0 73 73 71 0 73 0 0 0 6.6613381477509392e-16 0.0053333333333333332 0 0.002663089087290385 20.041344662193353 0
S spline_dome coarse done 6 0 44 28 52 0 0 0 0 0 0.028292181069958788 0.029999999999999999 0.029858738919296225 0 22.286297302681692 6.8046495385553865
S spline_dome fine done 6 0 387 371 738 0 0 0 0 0 0.0032020215731851653 0.0030000000000000001 0.0028812908515078585 0 22.277344075153174 6.807125090529345
S sheet_spline_hole coarse done 1 0 63 63 97 0 29 0 0 0 0.060081500279760905 0.053749999999999999 0.052896813432729367 0.026090107088789338 17.459608217230439 7.614503386575266
S sheet_spline_hole fine done 1 0 512 512 943 0 81 0 0 0 0.0074507810852592286 0.0053749999999999996 0.0049359725591876782 0.0026733179273500467 17.465811919773323 7.7565650330441924
S sheet_rational coarse done 1 0 99 99 172 0 24 0 0 0 0.086631541429162004 0.029999999999999999 0.023952375045815093 0.014914870653256668 10.51044262921665 4.0172673294312569
S sheet_rational fine done 1 0 937 937 1806 0 66 0 0 0 0.014789020493798134 0.0030000000000000001 0.0028051001834308933 0.0014989379936411011 10.501361700309102 4.0425719857319216
