case cyl_box_fuse
plane 5.0 5.0 -1.0 0.0 0.0 1.0 1.0 0.0 0.0
wire C 5.0 5.0 -1.0 3.0
prism 0.0 0.0 8.0
split 5.0 5.0 3.0 0.6 0.0 0.8 0.0 1.0 -0.0 below
boolean fuse
plane 0.0 0.0 -0.25 0.0 0.0 1.0 1.0 0.0 0.0
wire P 4 6.25 3.5 -0.25 9.5 3.5 -0.25 9.5 6.75 -0.25 6.25 6.75 -0.25
prism 0.0 0.0 3.0
end
case cyl_box_cut
plane 5.0 5.0 -1.0 0.0 0.0 1.0 1.0 0.0 0.0
wire C 5.0 5.0 -1.0 3.0
prism 0.0 0.0 8.0
split 5.0 5.0 3.0 0.6 0.0 0.8 0.0 1.0 -0.0 below
boolean cut
plane 0.0 0.0 -0.25 0.0 0.0 1.0 1.0 0.0 0.0
wire P 4 6.25 3.5 -0.25 9.5 3.5 -0.25 9.5 6.75 -0.25 6.25 6.75 -0.25
prism 0.0 0.0 3.0
end
case cyl_box_common
plane 5.0 5.0 -1.0 0.0 0.0 1.0 1.0 0.0 0.0
wire C 5.0 5.0 -1.0 3.0
prism 0.0 0.0 8.0
split 5.0 5.0 3.0 0.6 0.0 0.8 0.0 1.0 -0.0 below
boolean common
plane 0.0 0.0 -0.25 0.0 0.0 1.0 1.0 0.0 0.0
wire P 4 6.25 3.5 -0.25 9.5 3.5 -0.25 9.5 6.75 -0.25 6.25 6.75 -0.25
prism 0.0 0.0 3.0
end
case box_cyl_fuse
plane 0.0 0.0 -0.25 0.0 0.0 1.0 1.0 0.0 0.0
wire P 4 6.25 3.5 -0.25 9.5 3.5 -0.25 9.5 6.75 -0.25 6.25 6.75 -0.25
prism 0.0 0.0 3.0
boolean fuse
plane 5.0 5.0 -1.0 0.0 0.0 1.0 1.0 0.0 0.0
wire C 5.0 5.0 -1.0 3.0
prism 0.0 0.0 8.0
split 5.0 5.0 3.0 0.6 0.0 0.8 0.0 1.0 -0.0 below
end
case box_cyl_cut
plane 0.0 0.0 -0.25 0.0 0.0 1.0 1.0 0.0 0.0
wire P 4 6.25 3.5 -0.25 9.5 3.5 -0.25 9.5 6.75 -0.25 6.25 6.75 -0.25
prism 0.0 0.0 3.0
boolean cut
plane 5.0 5.0 -1.0 0.0 0.0 1.0 1.0 0.0 0.0
wire C 5.0 5.0 -1.0 3.0
prism 0.0 0.0 8.0
split 5.0 5.0 3.0 0.6 0.0 0.8 0.0 1.0 -0.0 below
end
case box_cyl_common
plane 0.0 0.0 -0.25 0.0 0.0 1.0 1.0 0.0 0.0
wire P 4 6.25 3.5 -0.25 9.5 3.5 -0.25 9.5 6.75 -0.25 6.25 6.75 -0.25
prism 0.0 0.0 3.0
boolean common
plane 5.0 5.0 -1.0 0.0 0.0 1.0 1.0 0.0 0.0
wire C 5.0 5.0 -1.0 3.0
prism 0.0 0.0 8.0
split 5.0 5.0 3.0 0.6 0.0 0.8 0.0 1.0 -0.0 below
end
case cyl_ball_fuse
plane 5.0 5.0 -1.0 0.0 0.0 1.0 1.0 0.0 0.0
wire C 5.0 5.0 -1.0 3.0
prism 0.0 0.0 8.0
split 5.0 5.0 3.0 0.6 0.0 0.8 0.0 1.0 -0.0 below
boolean fuse
sphere 3.25 6.5 3.75 0.8888888888888888 0.4444444444444444 0.1111111111111111 -0.1111111111111111 0.4444444444444444 -0.8888888888888888 2.0 -1.5707963267948966 1.5707963267948966
end
case cyl_ball_cut
plane 5.0 5.0 -1.0 0.0 0.0 1.0 1.0 0.0 0.0
wire C 5.0 5.0 -1.0 3.0
prism 0.0 0.0 8.0
split 5.0 5.0 3.0 0.6 0.0 0.8 0.0 1.0 -0.0 below
boolean cut
sphere 3.25 6.5 3.75 0.8888888888888888 0.4444444444444444 0.1111111111111111 -0.1111111111111111 0.4444444444444444 -0.8888888888888888 2.0 -1.5707963267948966 1.5707963267948966
end
case cyl_ball_common
plane 5.0 5.0 -1.0 0.0 0.0 1.0 1.0 0.0 0.0
wire C 5.0 5.0 -1.0 3.0
prism 0.0 0.0 8.0
split 5.0 5.0 3.0 0.6 0.0 0.8 0.0 1.0 -0.0 below
boolean common
sphere 3.25 6.5 3.75 0.8888888888888888 0.4444444444444444 0.1111111111111111 -0.1111111111111111 0.4444444444444444 -0.8888888888888888 2.0 -1.5707963267948966 1.5707963267948966
end
case cyl_rod_fuse
plane 5.0 5.0 -1.0 0.0 0.0 1.0 1.0 0.0 0.0
wire C 5.0 5.0 -1.0 3.0
prism 0.0 0.0 8.0
split 5.0 5.0 3.0 0.6 0.0 0.8 0.0 1.0 -0.0 below
boolean fuse
plane 0.0 0.0 0.0 0.0 1.0 0.0 1.0 -0.0 0.0
wire C 6.5 0.0 2.25 0.875
prism 0.0 12.0 0.0
end
case cyl_rod_cut
plane 5.0 5.0 -1.0 0.0 0.0 1.0 1.0 0.0 0.0
wire C 5.0 5.0 -1.0 3.0
prism 0.0 0.0 8.0
split 5.0 5.0 3.0 0.6 0.0 0.8 0.0 1.0 -0.0 below
boolean cut
plane 0.0 0.0 0.0 0.0 1.0 0.0 1.0 -0.0 0.0
wire C 6.5 0.0 2.25 0.875
prism 0.0 12.0 0.0
end
case cyl_rod_common
plane 5.0 5.0 -1.0 0.0 0.0 1.0 1.0 0.0 0.0
wire C 5.0 5.0 -1.0 3.0
prism 0.0 0.0 8.0
split 5.0 5.0 3.0 0.6 0.0 0.8 0.0 1.0 -0.0 below
boolean common
plane 0.0 0.0 0.0 0.0 1.0 0.0 1.0 -0.0 0.0
wire C 6.5 0.0 2.25 0.875
prism 0.0 12.0 0.0
end
case dee_rod_fuse
plane 0.0 0.0 0.0 0.0 0.0 1.0 1.0 0.0 0.0
wire S 4 0.0 0.0 0.0 L 10.0 0.0 0.0 A 10.0 5.0 0.0 5.0 1 10.0 10.0 0.0 L 0.0 10.0 0.0 L
prism 0.0 0.0 4.0
split 7.0 5.0 2.0 0.0 0.6 0.8 1.0 -0.0 0.0 below
boolean fuse
plane 0.0 0.0 -1.0 0.0 0.0 1.0 1.0 0.0 0.0
wire C 14.0 6.5 -1.0 1.25
prism 0.0 0.0 6.0
end
case dee_rod_cut
plane 0.0 0.0 0.0 0.0 0.0 1.0 1.0 0.0 0.0
wire S 4 0.0 0.0 0.0 L 10.0 0.0 0.0 A 10.0 5.0 0.0 5.0 1 10.0 10.0 0.0 L 0.0 10.0 0.0 L
prism 0.0 0.0 4.0
split 7.0 5.0 2.0 0.0 0.6 0.8 1.0 -0.0 0.0 below
boolean cut
plane 0.0 0.0 -1.0 0.0 0.0 1.0 1.0 0.0 0.0
wire C 14.0 6.5 -1.0 1.25
prism 0.0 0.0 6.0
end
case dee_rod_common
plane 0.0 0.0 0.0 0.0 0.0 1.0 1.0 0.0 0.0
wire S 4 0.0 0.0 0.0 L 10.0 0.0 0.0 A 10.0 5.0 0.0 5.0 1 10.0 10.0 0.0 L 0.0 10.0 0.0 L
prism 0.0 0.0 4.0
split 7.0 5.0 2.0 0.0 0.6 0.8 1.0 -0.0 0.0 below
boolean common
plane 0.0 0.0 -1.0 0.0 0.0 1.0 1.0 0.0 0.0
wire C 14.0 6.5 -1.0 1.25
prism 0.0 0.0 6.0
end
case block_rod_fuse
plane 0.0 0.0 0.0 0.0 0.0 1.0 1.0 0.0 0.0
wire P 4 1.0 1.0 0.0 9.0 1.0 0.0 9.0 7.0 0.0 1.0 7.0 0.0
prism 0.0 0.0 5.0
split 5.0 4.0 2.5 0.6 0.0 0.8 0.0 1.0 -0.0 above
boolean fuse
plane 0.0 -1.0 0.0 0.0 1.0 0.0 1.0 -0.0 0.0
wire C 6.25 -1.0 3.25 1.0
prism 0.0 10.0 0.0
end
case block_rod_cut
plane 0.0 0.0 0.0 0.0 0.0 1.0 1.0 0.0 0.0
wire P 4 1.0 1.0 0.0 9.0 1.0 0.0 9.0 7.0 0.0 1.0 7.0 0.0
prism 0.0 0.0 5.0
split 5.0 4.0 2.5 0.6 0.0 0.8 0.0 1.0 -0.0 above
boolean cut
plane 0.0 -1.0 0.0 0.0 1.0 0.0 1.0 -0.0 0.0
wire C 6.25 -1.0 3.25 1.0
prism 0.0 10.0 0.0
end
case block_rod_common
plane 0.0 0.0 0.0 0.0 0.0 1.0 1.0 0.0 0.0
wire P 4 1.0 1.0 0.0 9.0 1.0 0.0 9.0 7.0 0.0 1.0 7.0 0.0
prism 0.0 0.0 5.0
split 5.0 4.0 2.5 0.6 0.0 0.8 0.0 1.0 -0.0 above
boolean common
plane 0.0 -1.0 0.0 0.0 1.0 0.0 1.0 -0.0 0.0
wire C 6.25 -1.0 3.25 1.0
prism 0.0 10.0 0.0
end
case frustum_ball_fuse
cone 5.0 5.0 0.0 0.0 0.0 1.0 1.0 0.0 0.0 3.0 1.5 6.0
split 5.0 5.0 3.0 0.0 0.6 0.8 1.0 -0.0 0.0 below
boolean fuse
sphere 6.375 3.3125 4.1875 0.8888888888888888 0.4444444444444444 0.1111111111111111 -0.1111111111111111 0.4444444444444444 -0.8888888888888888 1.75 -1.5707963267948966 1.5707963267948966
end
case frustum_ball_cut
cone 5.0 5.0 0.0 0.0 0.0 1.0 1.0 0.0 0.0 3.0 1.5 6.0
split 5.0 5.0 3.0 0.0 0.6 0.8 1.0 -0.0 0.0 below
boolean cut
sphere 6.375 3.3125 4.1875 0.8888888888888888 0.4444444444444444 0.1111111111111111 -0.1111111111111111 0.4444444444444444 -0.8888888888888888 1.75 -1.5707963267948966 1.5707963267948966
end
case frustum_ball_common
cone 5.0 5.0 0.0 0.0 0.0 1.0 1.0 0.0 0.0 3.0 1.5 6.0
split 5.0 5.0 3.0 0.0 0.6 0.8 1.0 -0.0 0.0 below
boolean common
sphere 6.375 3.3125 4.1875 0.8888888888888888 0.4444444444444444 0.1111111111111111 -0.1111111111111111 0.4444444444444444 -0.8888888888888888 1.75 -1.5707963267948966 1.5707963267948966
end
case zone_box_fuse
sphere 5.0 5.0 5.0 0.4444444444444444 0.4444444444444444 0.7777777777777778 0.1111111111111111 -0.8888888888888888 0.4444444444444444 4.0 -0.5 0.75
split 5.0 5.0 5.0 0.1111111111111111 -0.8888888888888888 0.4444444444444444 0.4444444444444445 0.4444444444444445 0.7777777777777778 above
boolean fuse
plane 0.0 0.0 3.25 0.0 0.0 1.0 1.0 0.0 0.0
wire P 4 5.75 1.5 3.25 9.25 1.5 3.25 9.25 4.75 3.25 5.75 4.75 3.25
prism 0.0 0.0 3.25
end
case zone_box_cut
sphere 5.0 5.0 5.0 0.4444444444444444 0.4444444444444444 0.7777777777777778 0.1111111111111111 -0.8888888888888888 0.4444444444444444 4.0 -0.5 0.75
split 5.0 5.0 5.0 0.1111111111111111 -0.8888888888888888 0.4444444444444444 0.4444444444444445 0.4444444444444445 0.7777777777777778 above
boolean cut
plane 0.0 0.0 3.25 0.0 0.0 1.0 1.0 0.0 0.0
wire P 4 5.75 1.5 3.25 9.25 1.5 3.25 9.25 4.75 3.25 5.75 4.75 3.25
prism 0.0 0.0 3.25
end
case zone_box_common
sphere 5.0 5.0 5.0 0.4444444444444444 0.4444444444444444 0.7777777777777778 0.1111111111111111 -0.8888888888888888 0.4444444444444444 4.0 -0.5 0.75
split 5.0 5.0 5.0 0.1111111111111111 -0.8888888888888888 0.4444444444444444 0.4444444444444445 0.4444444444444445 0.7777777777777778 above
boolean common
plane 0.0 0.0 3.25 0.0 0.0 1.0 1.0 0.0 0.0
wire P 4 5.75 1.5 3.25 9.25 1.5 3.25 9.25 4.75 3.25 5.75 4.75 3.25
prism 0.0 0.0 3.25
end
case zone_cone_fuse
sphere 5.0 5.0 5.0 0.4444444444444444 0.4444444444444444 0.7777777777777778 0.1111111111111111 -0.8888888888888888 0.4444444444444444 4.0 -0.5 0.75
split 5.0 5.0 5.0 0.1111111111111111 -0.8888888888888888 0.4444444444444444 0.4444444444444445 0.4444444444444445 0.7777777777777778 above
boolean fuse
cone 7.875 3.4375 3.0 0.4444444444444444 0.4444444444444444 0.7777777777777778 0.1111111111111111 -0.8888888888888888 0.4444444444444444 1.25 1.0 3.0
end
case zone_cone_cut
sphere 5.0 5.0 5.0 0.4444444444444444 0.4444444444444444 0.7777777777777778 0.1111111111111111 -0.8888888888888888 0.4444444444444444 4.0 -0.5 0.75
split 5.0 5.0 5.0 0.1111111111111111 -0.8888888888888888 0.4444444444444444 0.4444444444444445 0.4444444444444445 0.7777777777777778 above
boolean cut
cone 7.875 3.4375 3.0 0.4444444444444444 0.4444444444444444 0.7777777777777778 0.1111111111111111 -0.8888888888888888 0.4444444444444444 1.25 1.0 3.0
end
case zone_cone_common
sphere 5.0 5.0 5.0 0.4444444444444444 0.4444444444444444 0.7777777777777778 0.1111111111111111 -0.8888888888888888 0.4444444444444444 4.0 -0.5 0.75
split 5.0 5.0 5.0 0.1111111111111111 -0.8888888888888888 0.4444444444444444 0.4444444444444445 0.4444444444444445 0.7777777777777778 above
boolean common
cone 7.875 3.4375 3.0 0.4444444444444444 0.4444444444444444 0.7777777777777778 0.1111111111111111 -0.8888888888888888 0.4444444444444444 1.25 1.0 3.0
end
case cut_rod_fuse
sphere 5.0 5.0 4.0 0.8888888888888888 0.4444444444444444 0.1111111111111111 -0.1111111111111111 0.4444444444444444 -0.8888888888888888 4.5 -0.75 1.0
split 5.0 5.0 5.0 0.0 0.6 0.8 1.0 -0.0 0.0 above
boolean fuse
plane 0.0 -1.0 0.0 0.0 1.0 0.0 1.0 -0.0 0.0
wire C 4.5 -1.0 5.25 1.0
prism 0.0 12.0 0.0
end
case cut_rod_cut
sphere 5.0 5.0 4.0 0.8888888888888888 0.4444444444444444 0.1111111111111111 -0.1111111111111111 0.4444444444444444 -0.8888888888888888 4.5 -0.75 1.0
split 5.0 5.0 5.0 0.0 0.6 0.8 1.0 -0.0 0.0 above
boolean cut
plane 0.0 -1.0 0.0 0.0 1.0 0.0 1.0 -0.0 0.0
wire C 4.5 -1.0 5.25 1.0
prism 0.0 12.0 0.0
end
case cut_rod_common
sphere 5.0 5.0 4.0 0.8888888888888888 0.4444444444444444 0.1111111111111111 -0.1111111111111111 0.4444444444444444 -0.8888888888888888 4.5 -0.75 1.0
split 5.0 5.0 5.0 0.0 0.6 0.8 1.0 -0.0 0.0 above
boolean common
plane 0.0 -1.0 0.0 0.0 1.0 0.0 1.0 -0.0 0.0
wire C 4.5 -1.0 5.25 1.0
prism 0.0 12.0 0.0
end
case band_ball_fuse
torus 5.0 5.0 4.0 0.0 0.0 1.0 1.0 0.0 0.0 3.0 1.25
split 5.0 5.0 4.5 0.0 0.0 1.0 1.0 0.0 0.0 above
boolean fuse
sphere 7.875 5.25 5.125 0.8888888888888888 0.4444444444444444 0.1111111111111111 -0.1111111111111111 0.4444444444444444 -0.8888888888888888 0.75 -1.5707963267948966 1.5707963267948966
end
case band_ball_cut
torus 5.0 5.0 4.0 0.0 0.0 1.0 1.0 0.0 0.0 3.0 1.25
split 5.0 5.0 4.5 0.0 0.0 1.0 1.0 0.0 0.0 above
boolean cut
sphere 7.875 5.25 5.125 0.8888888888888888 0.4444444444444444 0.1111111111111111 -0.1111111111111111 0.4444444444444444 -0.8888888888888888 0.75 -1.5707963267948966 1.5707963267948966
end
case band_ball_common
torus 5.0 5.0 4.0 0.0 0.0 1.0 1.0 0.0 0.0 3.0 1.25
split 5.0 5.0 4.5 0.0 0.0 1.0 1.0 0.0 0.0 above
boolean common
sphere 7.875 5.25 5.125 0.8888888888888888 0.4444444444444444 0.1111111111111111 -0.1111111111111111 0.4444444444444444 -0.8888888888888888 0.75 -1.5707963267948966 1.5707963267948966
end
case pair_fuse
plane 5.0 5.0 -1.0 0.0 0.0 1.0 1.0 0.0 0.0
wire C 5.0 5.0 -1.0 3.0
prism 0.0 0.0 8.0
split 5.0 5.0 3.0 0.6 0.0 0.8 0.0 1.0 -0.0 below
boolean fuse
plane 0.0 0.0 0.0 0.0 0.0 1.0 1.0 0.0 0.0
wire S 4 0.0 0.0 0.0 L 10.0 0.0 0.0 A 10.0 5.0 0.0 5.0 1 10.0 10.0 0.0 L 0.0 10.0 0.0 L
prism 0.0 0.0 4.0
split 7.0 5.0 2.0 0.0 0.6 0.8 1.0 -0.0 0.0 below
end
case pair_cut
plane 5.0 5.0 -1.0 0.0 0.0 1.0 1.0 0.0 0.0
wire C 5.0 5.0 -1.0 3.0
prism 0.0 0.0 8.0
split 5.0 5.0 3.0 0.6 0.0 0.8 0.0 1.0 -0.0 below
boolean cut
plane 0.0 0.0 0.0 0.0 0.0 1.0 1.0 0.0 0.0
wire S 4 0.0 0.0 0.0 L 10.0 0.0 0.0 A 10.0 5.0 0.0 5.0 1 10.0 10.0 0.0 L 0.0 10.0 0.0 L
prism 0.0 0.0 4.0
split 7.0 5.0 2.0 0.0 0.6 0.8 1.0 -0.0 0.0 below
end
case pair_common
plane 5.0 5.0 -1.0 0.0 0.0 1.0 1.0 0.0 0.0
wire C 5.0 5.0 -1.0 3.0
prism 0.0 0.0 8.0
split 5.0 5.0 3.0 0.6 0.0 0.8 0.0 1.0 -0.0 below
boolean common
plane 0.0 0.0 0.0 0.0 0.0 1.0 1.0 0.0 0.0
wire S 4 0.0 0.0 0.0 L 10.0 0.0 0.0 A 10.0 5.0 0.0 5.0 1 10.0 10.0 0.0 L 0.0 10.0 0.0 L
prism 0.0 0.0 4.0
split 7.0 5.0 2.0 0.0 0.6 0.8 1.0 -0.0 0.0 below
end
case chain_cyl_fuse
plane 5.0 5.0 -1.0 0.0 0.0 1.0 1.0 0.0 0.0
wire C 5.0 5.0 -1.0 3.0
prism 0.0 0.0 8.0
split 5.0 5.0 3.0 0.6 0.0 0.8 0.0 1.0 -0.0 below
boolean cut
plane 0.0 0.0 0.0 0.0 1.0 0.0 1.0 -0.0 0.0
wire C 6.5 0.0 2.25 0.875
prism 0.0 12.0 0.0
then fuse
plane 0.0 0.0 0.875 0.0 0.0 1.0 1.0 0.0 0.0
wire P 4 1.5 1.0 0.875 9.0 1.0 0.875 9.0 9.5 0.875 1.5 9.5 0.875
prism 0.0 0.0 1.25
end
case chain_cyl_cut
plane 5.0 5.0 -1.0 0.0 0.0 1.0 1.0 0.0 0.0
wire C 5.0 5.0 -1.0 3.0
prism 0.0 0.0 8.0
split 5.0 5.0 3.0 0.6 0.0 0.8 0.0 1.0 -0.0 below
boolean cut
plane 0.0 0.0 0.0 0.0 1.0 0.0 1.0 -0.0 0.0
wire C 6.5 0.0 2.25 0.875
prism 0.0 12.0 0.0
then cut
plane 0.0 0.0 0.875 0.0 0.0 1.0 1.0 0.0 0.0
wire P 4 1.5 1.0 0.875 9.0 1.0 0.875 9.0 9.5 0.875 1.5 9.5 0.875
prism 0.0 0.0 1.25
end
case chain_cyl_common
plane 5.0 5.0 -1.0 0.0 0.0 1.0 1.0 0.0 0.0
wire C 5.0 5.0 -1.0 3.0
prism 0.0 0.0 8.0
split 5.0 5.0 3.0 0.6 0.0 0.8 0.0 1.0 -0.0 below
boolean cut
plane 0.0 0.0 0.0 0.0 1.0 0.0 1.0 -0.0 0.0
wire C 6.5 0.0 2.25 0.875
prism 0.0 12.0 0.0
then common
plane 0.0 0.0 0.875 0.0 0.0 1.0 1.0 0.0 0.0
wire P 4 1.5 1.0 0.875 9.0 1.0 0.875 9.0 9.5 0.875 1.5 9.5 0.875
prism 0.0 0.0 1.25
end
case cone_axis_fuse
cone 5.0 5.0 0.0 0.0 0.0 1.0 1.0 0.0 0.0 3.0 1.5 6.0
split 5.0 5.0 3.0 1.0 0.0 0.0 0.0 1.0 0.0 above
boolean fuse
plane 0.0 0.0 1.25 0.0 0.0 1.0 1.0 0.0 0.0
wire P 4 3.5 4.25 1.25 6.75 4.25 1.25 6.75 7.5 1.25 3.5 7.5 1.25
prism 0.0 0.0 2.5
end
case cone_axis_cut
cone 5.0 5.0 0.0 0.0 0.0 1.0 1.0 0.0 0.0 3.0 1.5 6.0
split 5.0 5.0 3.0 1.0 0.0 0.0 0.0 1.0 0.0 above
boolean cut
plane 0.0 0.0 1.25 0.0 0.0 1.0 1.0 0.0 0.0
wire P 4 3.5 4.25 1.25 6.75 4.25 1.25 6.75 7.5 1.25 3.5 7.5 1.25
prism 0.0 0.0 2.5
end
case cone_axis_common
cone 5.0 5.0 0.0 0.0 0.0 1.0 1.0 0.0 0.0 3.0 1.5 6.0
split 5.0 5.0 3.0 1.0 0.0 0.0 0.0 1.0 0.0 above
boolean common
plane 0.0 0.0 1.25 0.0 0.0 1.0 1.0 0.0 0.0
wire P 4 3.5 4.25 1.25 6.75 4.25 1.25 6.75 7.5 1.25 3.5 7.5 1.25
prism 0.0 0.0 2.5
end
case cyl_flush_fuse
plane 5.0 5.0 -1.0 0.0 0.0 1.0 1.0 0.0 0.0
wire C 5.0 5.0 -1.0 3.0
prism 0.0 0.0 8.0
split 5.0 5.0 3.0 0.6 0.0 0.8 0.0 1.0 -0.0 below
boolean fuse
plane 5.0 5.0 3.0 0.6 0.0 0.8 0.0 1.0 -0.0
wire P 4 6.0 3.5 2.25 6.0 6.75 2.25 3.8 6.75 3.9 3.8 3.5 3.9
prism 1.2 0.0 1.6
end
case cyl_flush_cut
plane 5.0 5.0 -1.0 0.0 0.0 1.0 1.0 0.0 0.0
wire C 5.0 5.0 -1.0 3.0
prism 0.0 0.0 8.0
split 5.0 5.0 3.0 0.6 0.0 0.8 0.0 1.0 -0.0 below
boolean cut
plane 5.0 5.0 3.0 0.6 0.0 0.8 0.0 1.0 -0.0
wire P 4 6.0 3.5 2.25 6.0 6.75 2.25 3.8 6.75 3.9 3.8 3.5 3.9
prism 1.2 0.0 1.6
end
case cyl_flush_common
plane 5.0 5.0 -1.0 0.0 0.0 1.0 1.0 0.0 0.0
wire C 5.0 5.0 -1.0 3.0
prism 0.0 0.0 8.0
split 5.0 5.0 3.0 0.6 0.0 0.8 0.0 1.0 -0.0 below
boolean common
plane 5.0 5.0 3.0 0.6 0.0 0.8 0.0 1.0 -0.0
wire P 4 6.0 3.5 2.25 6.0 6.75 2.25 3.8 6.75 3.9 3.8 3.5 3.9
prism 1.2 0.0 1.6
end
case one_sphere_fuse
sphere 5.0 5.0 5.0 0.4444444444444444 0.4444444444444444 0.7777777777777778 0.1111111111111111 -0.8888888888888888 0.4444444444444444 4.0 -0.5 0.75
split 5.0 5.0 5.0 0.1111111111111111 -0.8888888888888888 0.4444444444444444 0.4444444444444445 0.4444444444444445 0.7777777777777778 above
boolean fuse
sphere 5.0 5.0 5.0 0.4444444444444444 0.4444444444444444 0.7777777777777778 0.1111111111111111 -0.8888888888888888 0.4444444444444444 4.0 -1.5707963267948966 1.5707963267948966
end
case one_sphere_cut
sphere 5.0 5.0 5.0 0.4444444444444444 0.4444444444444444 0.7777777777777778 0.1111111111111111 -0.8888888888888888 0.4444444444444444 4.0 -0.5 0.75
split 5.0 5.0 5.0 0.1111111111111111 -0.8888888888888888 0.4444444444444444 0.4444444444444445 0.4444444444444445 0.7777777777777778 above
boolean cut
sphere 5.0 5.0 5.0 0.4444444444444444 0.4444444444444444 0.7777777777777778 0.1111111111111111 -0.8888888888888888 0.4444444444444444 4.0 -1.5707963267948966 1.5707963267948966
end
case one_sphere_common
sphere 5.0 5.0 5.0 0.4444444444444444 0.4444444444444444 0.7777777777777778 0.1111111111111111 -0.8888888888888888 0.4444444444444444 4.0 -0.5 0.75
split 5.0 5.0 5.0 0.1111111111111111 -0.8888888888888888 0.4444444444444444 0.4444444444444445 0.4444444444444445 0.7777777777777778 above
boolean common
sphere 5.0 5.0 5.0 0.4444444444444444 0.4444444444444444 0.7777777777777778 0.1111111111111111 -0.8888888888888888 0.4444444444444444 4.0 -1.5707963267948966 1.5707963267948966
end
