cyl_box_fuse done 1 1 0
S 135.93197359427711 171.45918643229118 5.1918007160706843 5.0221790750354449 1.2132551552286279 9 21 14 9 21 14 1
cyl_box_cut done 1 1 0
S 104.24447359697702 146.02376270837891 4.3761807185714323 4.9909242953584902 1.2020857162584242 7 15 10 7 15 10 1
cyl_box_common done 1 1 0
S 8.8528620186047213 27.681288573475687 6.9560650688243895 5.1068685023529534 0.6414755988173888 7 15 10 6 13 9 1
box_cyl_fuse done 1 1 0
S 135.93197359427711 171.45918643229118 5.1918007160706825 5.022179075035444 1.2132551552286279 9 21 14 9 21 14 1
box_cyl_cut done 1 1 0
S 22.834637977813255 53.116712297387956 8.2312659569632682 5.1320294807033253 1.4859215226098923 9 21 14 8 19 13 1
box_cyl_common done 1 1 0
S 8.8528620186047213 27.681288573475683 6.9560650688243895 5.1068685023529543 0.64147559881738869 7 15 10 6 13 9 1
cyl_ball_fuse done 1 1 0
S 133.27434852232534 156.71868067129128 4.3676276009277943 5.2676888279656255 1.6080805517805847 4 12 8 4 12 8 1
cyl_ball_cut done 1 1 0
S 99.764032402354687 134.34755476127373 4.7430339539378217 4.8537607092298654 0.88861888248742049 5 9 6 4 7 5 1
cyl_ball_common done 1 1 0
S 13.333277006017759 32.562246384163281 3.3442194951589927 6.094208036822649 3.1753194911034162 4 6 4 3 4 3 1
cyl_rod_fuse done 1 1 0
S 138.19486527544521 187.78565046881062 4.9364305994166173 5.2088600416076885 1.367945920639186 7 12 8 7 12 8 1
cyl_rod_cut done 1 1 0
S 109.33148817495515 140.50953356692105 4.52365021152211 4.9999999996183453 1.1350847887250255 5 9 6 5 9 6 1
cyl_rod_common done 1 1 0
S 3.7656957608834443 22.013677369704244 6.1597376027187964 4.9999933811793715 1.8293988529821832 4 6 4 4 6 4 1
dee_rod_fuse done 1 1 0
S 304.2167182160432 370.04327492779873 7.5999680466805977 3.1702907488872332 1.6703984559279623 9 18 12 9 18 12 1
dee_rod_cut done 1 1 0
S 274.76428678814864 323.69186274020763 6.9139381983055719 2.8133737911226175 1.6350679310473208 7 15 10 7 15 10 1
dee_rod_common done 1 1 0
S 3.7755294786960967 15.92827057007475 13.868659083859724 6.1130632057580057 0.58260129437430996 4 6 4 4 6 4 1
block_rod_fuse done 1 1 0
S 132.56637061435913 193.13274122871832 6.5098279207978393 4.0000000000000009 3.199710725006871 10 18 12 10 18 12 1
block_rod_cut done 1 1 0
S 101.15044407846122 199.41592653589788 6.5905268731961888 4 3.1840915729297694 7 15 10 7 15 10 1
block_rod_common done 1 1 0
S 18.849555921538755 43.982297150257104 6.25 4 3.2499999999999996 3 3 2 3 3 2 1
frustum_ball_fuse done 1 1 0
S 82.036953766301664 121.86869368753773 5.3438757371681733 4.3886133204043185 2.0836705735948748 4 12 8 4 12 8 1
frustum_ball_cut done 1 1 0
S 59.587651700777627 94.285221987603961 4.9554056651735143 4.7940327830156519 1.291065029874745 5 9 6 4 8 6 1
frustum_ball_common done 1 1 0
S 3.1653399103391795 13.253349708015408 5.8394901914661084 3.6615716285067159 3.296622052942062 4 6 4 3 5 4 1
zone_box_fuse done 1 1 0
S 114.04618591917738 142.85903447524748 5.6289885953576446 3.6018324112066327 5.8252348529635629 13 33 22 12 30 20 1
zone_box_cut done 1 1 0
S 77.077435919309423 141.40974118083369 4.7315929822368545 3.8305361555896762 6.2809972210717646 11 27 18 10 24 16 1
zone_box_common done 1 1 0
S 25.339715012462065 49.65044057114271 7.0762935951043566 3.3424858324448059 4.9269209662955786 8 18 12 8 18 12 1
zone_cone_fuse done 1 1 0
S 108.40666374322542 135.42338735762746 5.5101544121658197 3.7286600422235234 5.834755124741303 9 21 14 7 15 10 1
zone_cone_cut done 1 1 0
S 96.429341818259914 127.21797984426152 5.1397241152910205 3.6881276159144476 6.0526355658687088 8 18 12 7 15 10 1
zone_cone_common done 1 1 0
S 5.9878094950138889 19.790673477372266 8.0814372775781003 4.0585502479615476 4.2283028049506255 5 9 6 5 9 6 1
cut_rod_fuse done 1 1 0
S 157.35050272458142 204.00547149600487 4.8539955751090158 5.9174183379346381 5.6735197671305979 8 12 8 8 12 8 1
cut_rod_cut done 1 1 0
S 119.65139145336218 178.90915571825499 4.9655305796495286 6.2064735414684256 5.8069600743420207 5 9 6 5 9 6 1
cut_rod_common done 1 1 0
S 14.342720040907977 36.874111399024528 4.5065048187062322 6.903649262433091 5.3067503402201242 3 3 2 3 3 2 1
band_ball_fuse done 1 1 0
S 24.153749317888622 99.547840670043826 5.0952594920704337 5.008283620598216 4.8289288997246409 5 15 10 4 14 9 1
band_ball_cut done 1 1 0
S 22.386587307733578 98.416116326415747 4.8758309867123879 4.9892027183778191 4.8055574551100495 4 12 8 3 10 7 1
band_ball_common done 1 1 0
S 0.95961752152212776 5.3401609544824336 7.896666277590044 5.2518837118844299 4.8981503868375693 5 9 6 3 6 5 1
pair_fuse done 1 1 0
S 342.78601378062092 378.26388428870621 6.5269014745103151 3.3639455729492567 1.538598638555303 10 24 16 10 24 16 1
pair_cut done 1 1 0
S 64.246197418850883 152.25039399818257 4.4401959969912062 5.5570417219488339 1.1822052456580801 6 12 8 6 12 8 1
pair_common done 1 1 0
S 48.851138175757853 89.781769205004522 4.7595212659170265 4.2674108797987049 1.1266369258794549 6 12 8 5 10 7 1
chain_cyl_fuse done 1 1 0
S 160.97253799364805 232.66041471541902 4.8816621500737192 5.1237594639464321 1.2628539230425875 12 24 16 12 24 16 1
chain_cyl_cut done 2 1 0
S 28.281706936365932 65.313837771780612 3.6231852095030201 4.9999999997268327 3.0788883769261677 4 6 4 4 6 4 1
S 53.00333104708649 91.779541323603297 4.9993897261066058 4.9999999999972866 -0.062687906212566674 4 6 4 4 6 4 1
chain_cyl_common done 1 1 0
S 28.046497800952068 75.349135116801023 4.5325958567654343 5.0000000001264349 1.4385756809879098 5 9 6 5 9 6 1
cone_axis_fuse done 1 1 0
S 63.2999298007527 109.01045232797154 5.6851122450891447 5.2251721640638431 2.3978726147778313 12 30 20 11 27 18 1
cone_axis_cut done 1 1 0
S 36.8936798013263 96.741405570977378 6.0860064917889698 4.7600649591324684 2.324776049725028 10 24 16 9 21 14 1
cone_axis_common done 1 1 0
S 12.586404490162339 33.002780752916038 5.838859440244617 5.7033054257906199 2.4520174997908226 7 15 10 7 15 10 1
cyl_flush_fuse done 1 1 0
S 130.97233552510446 163.01547492518145 4.7039417658443501 5.0170599006270455 1.5289893979555109 8 15 10 8 15 10 1
cyl_flush_cut done 1 1 0
S 113.09733552353252 139.01547492518145 4.5781250003909291 5.0000000002496128 1.1582031250724274 4 7 6 3 3 2 1
cyl_flush_common done 0 1 0
one_sphere_fuse done 1 1 0
S 268.08257310632899 201.06192982974676 5.0000000000000009 5.0000000000000009 5.0000000000000009 3 11 8 1 3 2 1
one_sphere_cut done 0 1 0
one_sphere_common done 1 1 0
S 102.41715093181085 125.88447504634335 5.3117111048174559 3.7097843480167296 5.9459761226307286 5 9 6 4 6 4 1
