box done 1 1
B solid 8 12 6 6 1 1 1 6000 2199.9999999999995 5 10 15 9.9999999999999995e-08
box_ap203 done 1 1
B solid 8 12 6 6 1 1 1 6000 2199.9999999999995 5 10 15 9.9999999999999995e-08
box_ap242 done 1 1
B solid 8 12 6 6 1 1 1 6000 2199.9999999999995 5 10 15 9.9999999999999995e-08
box_flipped done 1 1
B solid 8 12 6 6 1 1 1 6000 2199.9999999999995 5 10 15 9.9999999999999995e-08
box_metre done 1 1
B solid 8 12 6 6 1 1 1 6000 2199.9999999999995 5 10 15 9.9999999999999995e-08
box_inch done 1 1
B solid 8 12 6 6 1 1 1 98322.383999999991 14193.519999999997 12.699999999999998 25.399999999999995 38.099999999999994 9.9999999999999995e-08
l_prism done 1 1
B solid 12 18 8 8 1 1 1 339.99999999999994 346 4.8235294117647065 3.3235294117647056 0.5 9.9999999999999995e-08
plate_hole done 1 1
B solid 10 15 9 7 1 1 1 5748.6725877128165 3125.1327412287178 20.218596039739996 15.131157623844 2.5000000000000004 9.9999999999999995e-08
box_void done 1 1
B solid 16 24 12 12 2 1 1 7789.9999999999991 2613.9999999999995 10.067394094993581 10.026957637997432 9.9865211810012831 9.9999999999999995e-08
cylinder done 1 1
B solid 2 3 3 3 1 1 1 942.47779607693792 534.07075111026484 4.2218918438389792e-16 9.8262380060090502e-17 6 9.9999999999999995e-08
cylinder_tilted done 1 1
B solid 2 3 3 3 1 1 1 502.6548245743669 351.85837720205677 1.0000000000000009 5 7 9.9999999999999995e-08
half_cylinder done 1 1
B solid 4 6 4 4 1 1 1 452.38934211693015 359.89378290154258 -3.4191389839138392e-18 2.546479089470326 4.0000000000000009 9.9999999999999995e-08
cone done 1 1
B solid 2 3 2 2 1 1 1 2094.3951023931954 1016.640738463052 4.3425173250915216e-16 -4.052534284617097e-16 5 9.9999999999999995e-08
frustum done 1 1
B solid 2 3 3 3 1 1 1 1832.5957145940461 919.56018652677881 -3.7221577072213041e-16 3.7778858464599056e-16 6.0714285714285712 9.9999999999999995e-08
frustum_degree done 1 1
B solid 2 3 3 3 1 1 1 1832.5957145940463 919.56018652677881 -4.9628769429617381e-16 3.6931870418074166e-16 6.0714285714285712 9.9999999999999995e-08
sphere done 1 1
B solid 2 3 1 1 1 1 1 1436.7550402417212 615.75216010359611 1.0000000000000142 -2 3 9.9999999999999995e-08
hemisphere done 1 1
B solid 2 3 2 2 1 1 1 261.79938779914943 235.61944901923448 -1.3570366640911004e-16 1.2992333419767698e-17 1.875 9.9999999999999995e-08
torus done 1 1
B solid 1 2 1 1 1 1 1 1776.5287921960849 1184.3525281307229 -1.7763568394002505e-15 1.967056728300093e-16 1.1308638867425835e-16 9.9999999999999995e-08
elbow done 1 1
B solid 2 3 3 3 1 1 1 444.13219804902116 352.63679979729704 6.5094371724585187 6.5094371724585187 3.9266107178561941e-17 9.9999999999999995e-08
two_solids done 1 2
B solid 8 12 6 6 1 1 1 63.999999999999986 96 2.0000000000000004 2 2 9.9999999999999995e-08
B solid 2 3 3 3 1 1 1 50.26548245743669 75.398223686155035 10 7.5479644247306492e-17 2 9.9999999999999995e-08
open_box done 1 1
B sheet 8 12 5 5 1 0 1 - 299.99999999999994 5 5 1.6666666666666667 9.9999999999999995e-08
syntax done 1 1
B solid 4 6 4 4 1 1 1 166.66666666666666 236.60254037844385 2.4999999999999996 2.5 2.5000000000000004 9.9999999999999995e-08
