well_rod_fuse done 1 1 0
S 256.12484688411826 413.47062300920362 0.98696909143863742 -1.002229112555209 2.9011254038182743 22 51 34 22 51 34 1
well_rod_cut done 1 1 0
S 252.36966191537428 415.80416877720234 0.98348449244150993 -1.0137082044955197 2.895934254336932 19 48 32 19 48 32 1
well_rod_common done 1 1 0
S 2.3559740579643722 15.334385992796237 1.2019145181081323 -0.18459484345951724 2.9764199624702812 5 9 6 5 9 6 1
post_cyl_fuse done 1 1 0
S 303.62757751288558 329.93057214530523 4.9135099225988146 3.6065199263068974 1.6944495920633684 14 36 24 14 36 24 1
post_cyl_cut done 1 1 0
S 133.98157421903664 298.19245239626628 4.8039971329394033 1.8421107039970976 1.3075650087660211 14 36 24 13 33 22 1
post_cyl_common done 1 1 0
S 104.61132052558374 175.04284343572729 4.9659373465036944 4.7680681360645369 1.4133073437183865 14 36 24 12 30 20 1
chain_post_fuse done 1 1 0
S 241.14918492462138 360.43173055550739 4.9219894418753549 3.1501186884679568 1.4159596282631597 17 39 26 17 39 26 1
chain_post_cut done 1 1 0
S 232.55889251246174 357.34535421000123 4.8357254631861508 3.1037874380090922 1.3482135923291401 17 39 26 17 39 26 1
chain_post_common done 1 1 0
S 3.3832834306923463 18.092580718536166 7.3096396926748222 4.5024494237652943 1.4363999049329055 5 9 6 5 9 6 1
rod_post_fuse done 1 1 0
S 240.41509859645757 342.21740570556898 4.8691424335924003 3.1180436228896 1.36278615957796 18 39 26 18 39 26 1
rod_post_cut done 2 1 0
S 0.44178646691106499 3.2397674240144752 4.1249999999999991 2.2499999999999996 -1.7499999999999998 3 3 2 3 3 2 1
S 1.3804173849260981 9.6600125491344073 4.0948681594461291 2.1935027989614917 3.8900766488966192 5 9 6 5 9 6 1
rod_post_common done 1 1 0
S 1.7120878834513562 12.843135436975551 4.1492946153304553 2.2955524037446047 0.92764362996115357 5 9 6 5 9 6 1
post_rod_fuse done 1 1 0
S 242.05924692462938 345.29570669018966 4.8805804857992614 3.1430710508172521 1.3713461481654592 18 39 26 18 39 26 1
post_rod_cut done 1 1 0
S 235.77606161744967 343.72491036339471 4.8709317905235849 3.1110252262610865 1.3612554192677393 15 36 24 15 36 24 1
post_rod_common done 1 1 0
S 2.8168331271706308 16.735243152507387 5.215519429046954 4.2947239294630419 0.74059204026151304 5 9 6 5 9 6 1
tooth_pin_fuse done 1 1 0
S 158.96618048811288 195.75745514387523 4.1372393660244429 3.9986087834229114 2.9822392802572635 17 36 24 17 36 24 1
tooth_pin_cut done 1 1 0
S 156.51181122749588 197.72663053095232 4.1687946742547926 4.0025073885899385 2.9819607622065103 13 33 22 13 33 22 1
tooth_pin_common done 1 1 0
S 1.6104338228163924 12.065509750698379 2.1490327941824279 3.756316637105817 2.9642420695307514 7 12 8 7 12 8 1
post_touch_fuse done 2 1 0
S 4.1887902047863914 12.566370614359176 4.875 3.125 5.75 1 3 2 1 3 2 1
S 238.59289474462039 335.32741228718362 4.8749999999999982 3.1249999999999987 1.3539278533371712 13 27 19 13 27 19 1
post_touch_cut done 1 1 0
S 238.59289474462039 335.32741228718362 4.8749999999999982 3.1249999999999987 1.3539278533371712 13 27 19 13 27 19 1
post_touch_common done 0 1 0
