write sphere_hemi imported/sphere_hemi.brep
sphere 5.0 5.0 4.0 0.4444444444444444 0.1111111111111111 0.8888888888888888 -0.7777777777777778 -0.4444444444444445 0.4444444444444445 5.0 -1.5707963267948966 1.5707963267948966
boolean common
plane 5.0 5.0 4.0 0.4444444444444444 0.1111111111111111 0.8888888888888888 -0.7777777777777778 -0.4444444444444445 0.4444444444444445
wire P 4 7.000000000000002 13.0 1.9999999999999996 -2.3333333333333335 7.666666666666666 7.333333333333334 2.9999999999999996 -3.0 6.0 12.333333333333334 2.333333333333334 0.6666666666666664
prism 2.6666666666666665 0.6666666666666666 5.333333333333333
divide
end
write sphere_cap imported/sphere_cap.brep
sphere 5.0 5.0 4.0 0.4444444444444444 0.1111111111111111 0.8888888888888888 -0.7777777777777778 -0.4444444444444445 0.4444444444444445 5.0 -1.5707963267948966 1.5707963267948966
boolean common
plane 5.666666666666667 5.166666666666667 5.333333333333333 0.4444444444444444 0.1111111111111111 0.8888888888888888 -0.7777777777777778 -0.4444444444444445 0.4444444444444445
wire P 4 7.500000000000001 12.499999999999998 3.5 -1.0555555555555554 7.611111111111111 8.38888888888889 3.833333333333333 -2.1666666666666665 7.166666666666667 12.38888888888889 2.7222222222222228 2.2777777777777777
prism 1.8888888888888888 0.4722222222222222 3.7777777777777777
divide
end
write sphere_octant2 imported/sphere_octant2.brep
sphere 5.0 5.0 4.0 0.4444444444444444 0.4444444444444444 0.7777777777777778 0.1111111111111111 -0.8888888888888888 0.4444444444444444 5.0 -1.5707963267948966 1.5707963267948966
boolean common
plane 5.0 5.0 4.0 0.4444444444444444 0.4444444444444444 0.7777777777777778 0.1111111111111111 -0.8888888888888888 0.4444444444444444
wire P 4 5.0 5.0 4.0 5.888888888888889 -2.1111111111111107 7.555555555555555 13.0 -2.9999999999999996 4.0 12.11111111111111 4.111111111111111 0.44444444444444464
prism 3.5555555555555554 3.5555555555555554 6.222222222222222
end
write sphere_octant4 imported/sphere_octant4.brep
sphere 5.0 5.0 4.0 0.4444444444444444 0.1111111111111111 0.8888888888888888 -0.7777777777777778 -0.4444444444444445 0.4444444444444445 5.0 -1.5707963267948966 1.5707963267948966
boolean common
plane 5.0 5.0 4.0 0.4444444444444444 0.1111111111111111 0.8888888888888888 -0.7777777777777778 -0.4444444444444445 0.4444444444444445
wire P 4 5.0 5.0 4.0 -1.2222222222222223 1.4444444444444442 7.555555555555555 2.333333333333333 -5.666666666666666 6.666666666666666 8.555555555555555 -2.1111111111111107 3.111111111111111
prism 3.5555555555555554 0.8888888888888888 7.111111111111111
end
write sphere_wedge imported/sphere_wedge.brep
sphere 5.0 5.0 4.0 0.8888888888888888 0.4444444444444444 0.1111111111111111 -0.1111111111111111 0.4444444444444444 -0.8888888888888888 5.0 -1.5707963267948966 1.5707963267948966
boolean common
plane 5.888888888888889 5.444444444444445 4.111111111111111 0.8888888888888888 0.4444444444444444 0.1111111111111111 -0.1111111111111111 0.4444444444444444 -0.8888888888888888
wire P 4 5.888888888888889 5.444444444444445 4.111111111111111 5.0 9.0 -2.9999999999999996 1.4444444444444438 15.222222222222223 0.5555555555555562 2.333333333333333 11.666666666666666 7.666666666666666
prism 6.222222222222221 3.1111111111111107 0.7777777777777777
end
