case bulge_tilt_fuse 1e-07
op 91
frame 0.0 0.0 0.0 0.0 0.0 1.0 1.0 0.0 0.0
offsets 0.0 5.0
boundary S 4 0.0 0.0 L 10.0 0.0 B 2 3 10.0 0.0 12.0 3.0 10.0 6.0 2 0.0 1.0 3 3 10.0 6.0 L 0.0 6.0 L
boolean fuse 93
op 92
frame 6.0 3.0 2.0 0.0 3.0 4.0 1.0 0.0 0.0
offsets 0.0 6.0
boundary P 4 0.0 -8.0 8.0 -8.0 8.0 8.0 0.0 8.0
end
case bulge_tilt_cut 1e-07
op 91
frame 0.0 0.0 0.0 0.0 0.0 1.0 1.0 0.0 0.0
offsets 0.0 5.0
boundary S 4 0.0 0.0 L 10.0 0.0 B 2 3 10.0 0.0 12.0 3.0 10.0 6.0 2 0.0 1.0 3 3 10.0 6.0 L 0.0 6.0 L
boolean cut 93
op 92
frame 6.0 3.0 2.0 0.0 3.0 4.0 1.0 0.0 0.0
offsets 0.0 6.0
boundary P 4 0.0 -8.0 8.0 -8.0 8.0 8.0 0.0 8.0
end
case bulge_tilt_common 1e-07
op 91
frame 0.0 0.0 0.0 0.0 0.0 1.0 1.0 0.0 0.0
offsets 0.0 5.0
boundary S 4 0.0 0.0 L 10.0 0.0 B 2 3 10.0 0.0 12.0 3.0 10.0 6.0 2 0.0 1.0 3 3 10.0 6.0 L 0.0 6.0 L
boolean common 93
op 92
frame 6.0 3.0 2.0 0.0 3.0 4.0 1.0 0.0 0.0
offsets 0.0 6.0
boundary P 4 0.0 -8.0 8.0 -8.0 8.0 8.0 0.0 8.0
end
case dome_side_fuse 1e-07
op 91
frame 0.0 0.0 0.0 0.0 0.0 1.0 1.0 0.0 0.0
offsets 0.0 5.0
boundary S 2 0.0 0.0 L 4.0 0.0 B 2 3 4.0 0.0 2.0 4.0 0.0 0.0 2 0.0 1.0 3 3
boolean fuse 93
op 92
frame 1.0 0.0 0.0 1.0 0.0 0.0 0.0 1.0 0.0
offsets 0.0 2.0
boundary P 4 -1.0 1.0 3.0 1.0 3.0 6.0 -1.0 6.0
end
case dome_side_cut 1e-07
op 91
frame 0.0 0.0 0.0 0.0 0.0 1.0 1.0 0.0 0.0
offsets 0.0 5.0
boundary S 2 0.0 0.0 L 4.0 0.0 B 2 3 4.0 0.0 2.0 4.0 0.0 0.0 2 0.0 1.0 3 3
boolean cut 93
op 92
frame 1.0 0.0 0.0 1.0 0.0 0.0 0.0 1.0 0.0
offsets 0.0 2.0
boundary P 4 -1.0 1.0 3.0 1.0 3.0 6.0 -1.0 6.0
end
case dome_side_common 1e-07
op 91
frame 0.0 0.0 0.0 0.0 0.0 1.0 1.0 0.0 0.0
offsets 0.0 5.0
boundary S 2 0.0 0.0 L 4.0 0.0 B 2 3 4.0 0.0 2.0 4.0 0.0 0.0 2 0.0 1.0 3 3
boolean common 93
op 92
frame 1.0 0.0 0.0 1.0 0.0 0.0 0.0 1.0 0.0
offsets 0.0 2.0
boundary P 4 -1.0 1.0 3.0 1.0 3.0 6.0 -1.0 6.0
end
case blob_lean_fuse 1e-07
op 91
frame 0.0 0.0 0.0 0.0 0.0 1.0 1.0 0.0 0.0
offsets 0.0 5.0
boundary S 4 4.0 0.0 B 3 4 4.0 0.0 1.5 0.0 0.0 1.5 0.0 4.0 2 0.0 1.0 4 4 0.0 4.0 B 3 4 0.0 4.0 0.0 6.5 1.5 8.0 4.0 8.0 2 0.0 1.0 4 4 4.0 8.0 B 3 4 4.0 8.0 6.5 8.0 8.0 6.5 8.0 4.0 2 0.0 1.0 4 4 8.0 4.0 B 3 4 8.0 4.0 8.0 1.5 6.5 0.0 4.0 0.0 2 0.0 1.0 4 4
boolean fuse 93
op 92
frame 6.5 3.0 1.0 3.0 0.0 4.0 0.0 1.0 0.0
offsets 0.0 6.0
boundary P 4 -1.0 -1.0 1.0 -1.0 1.0 1.0 -1.0 1.0
end
case blob_lean_cut 1e-07
op 91
frame 0.0 0.0 0.0 0.0 0.0 1.0 1.0 0.0 0.0
offsets 0.0 5.0
boundary S 4 4.0 0.0 B 3 4 4.0 0.0 1.5 0.0 0.0 1.5 0.0 4.0 2 0.0 1.0 4 4 0.0 4.0 B 3 4 0.0 4.0 0.0 6.5 1.5 8.0 4.0 8.0 2 0.0 1.0 4 4 4.0 8.0 B 3 4 4.0 8.0 6.5 8.0 8.0 6.5 8.0 4.0 2 0.0 1.0 4 4 8.0 4.0 B 3 4 8.0 4.0 8.0 1.5 6.5 0.0 4.0 0.0 2 0.0 1.0 4 4
boolean cut 93
op 92
frame 6.5 3.0 1.0 3.0 0.0 4.0 0.0 1.0 0.0
offsets 0.0 6.0
boundary P 4 -1.0 -1.0 1.0 -1.0 1.0 1.0 -1.0 1.0
end
case blob_lean_common 1e-07
op 91
frame 0.0 0.0 0.0 0.0 0.0 1.0 1.0 0.0 0.0
offsets 0.0 5.0
boundary S 4 4.0 0.0 B 3 4 4.0 0.0 1.5 0.0 0.0 1.5 0.0 4.0 2 0.0 1.0 4 4 0.0 4.0 B 3 4 0.0 4.0 0.0 6.5 1.5 8.0 4.0 8.0 2 0.0 1.0 4 4 4.0 8.0 B 3 4 4.0 8.0 6.5 8.0 8.0 6.5 8.0 4.0 2 0.0 1.0 4 4 8.0 4.0 B 3 4 8.0 4.0 8.0 1.5 6.5 0.0 4.0 0.0 2 0.0 1.0 4 4
boolean common 93
op 92
frame 6.5 3.0 1.0 3.0 0.0 4.0 0.0 1.0 0.0
offsets 0.0 6.0
boundary P 4 -1.0 -1.0 1.0 -1.0 1.0 1.0 -1.0 1.0
end
case wave_tiltx_fuse 1e-07
op 91
frame 0.0 0.0 0.0 0.0 0.0 1.0 1.0 0.0 0.0
offsets 0.0 5.0
boundary S 4 0.0 0.0 L 10.0 0.0 L 10.0 6.0 B 2 5 10.0 6.0 8.0 8.0 5.0 5.0 2.0 8.0 0.0 6.0 4 0.0 1.0 2.0 3.0 3 1 1 3 0.0 6.0 L
boolean fuse 93
op 92
frame 3.0 6.0 2.5 0.0 -4.0 3.0 1.0 0.0 0.0
offsets -3.0 3.0
boundary P 4 0.0 -2.0 4.0 -2.0 4.0 1.5 0.0 1.5
end
case wave_tiltx_cut 1e-07
op 91
frame 0.0 0.0 0.0 0.0 0.0 1.0 1.0 0.0 0.0
offsets 0.0 5.0
boundary S 4 0.0 0.0 L 10.0 0.0 L 10.0 6.0 B 2 5 10.0 6.0 8.0 8.0 5.0 5.0 2.0 8.0 0.0 6.0 4 0.0 1.0 2.0 3.0 3 1 1 3 0.0 6.0 L
boolean cut 93
op 92
frame 3.0 6.0 2.5 0.0 -4.0 3.0 1.0 0.0 0.0
offsets -3.0 3.0
boundary P 4 0.0 -2.0 4.0 -2.0 4.0 1.5 0.0 1.5
end
case wave_tiltx_common 1e-07
op 91
frame 0.0 0.0 0.0 0.0 0.0 1.0 1.0 0.0 0.0
offsets 0.0 5.0
boundary S 4 0.0 0.0 L 10.0 0.0 L 10.0 6.0 B 2 5 10.0 6.0 8.0 8.0 5.0 5.0 2.0 8.0 0.0 6.0 4 0.0 1.0 2.0 3.0 3 1 1 3 0.0 6.0 L
boolean common 93
op 92
frame 3.0 6.0 2.5 0.0 -4.0 3.0 1.0 0.0 0.0
offsets -3.0 3.0
boundary P 4 0.0 -2.0 4.0 -2.0 4.0 1.5 0.0 1.5
end
case capsule_turned_fuse 1e-07
op 91
frame 0.0 0.0 0.0 0.0 0.0 1.0 1.0 0.0 0.0
offsets 0.0 2.0
boundary S 4 0.0 -1.0 L 3.0 -1.0 A 3.0 0.0 1.0 1 3.0 1.0 L 0.0 1.0 B 3 6 0.0 1.0 -1.0 1.0 -1.5 0.5 -1.5 -0.5 -1.0 -1.0 0.0 -1.0 3 0.0 1.0 2.0 4 2 4
boolean fuse 93
op 92
frame -0.5 0.0 0.0 0.0 0.0 1.0 12.0 5.0 0.0
offsets 0.0 1.0
boundary P 4 -2.0 -0.75 1.0 -0.75 1.0 0.75 -2.0 0.75
end
case capsule_turned_cut 1e-07
op 91
frame 0.0 0.0 0.0 0.0 0.0 1.0 1.0 0.0 0.0
offsets 0.0 2.0
boundary S 4 0.0 -1.0 L 3.0 -1.0 A 3.0 0.0 1.0 1 3.0 1.0 L 0.0 1.0 B 3 6 0.0 1.0 -1.0 1.0 -1.5 0.5 -1.5 -0.5 -1.0 -1.0 0.0 -1.0 3 0.0 1.0 2.0 4 2 4
boolean cut 93
op 92
frame -0.5 0.0 0.0 0.0 0.0 1.0 12.0 5.0 0.0
offsets 0.0 1.0
boundary P 4 -2.0 -0.75 1.0 -0.75 1.0 0.75 -2.0 0.75
end
case capsule_turned_common 1e-07
op 91
frame 0.0 0.0 0.0 0.0 0.0 1.0 1.0 0.0 0.0
offsets 0.0 2.0
boundary S 4 0.0 -1.0 L 3.0 -1.0 A 3.0 0.0 1.0 1 3.0 1.0 L 0.0 1.0 B 3 6 0.0 1.0 -1.0 1.0 -1.5 0.5 -1.5 -0.5 -1.0 -1.0 0.0 -1.0 3 0.0 1.0 2.0 4 2 4
boolean common 93
op 92
frame -0.5 0.0 0.0 0.0 0.0 1.0 12.0 5.0 0.0
offsets 0.0 1.0
boundary P 4 -2.0 -0.75 1.0 -0.75 1.0 0.75 -2.0 0.75
end
case capsule_stand_fuse 1e-07
op 91
frame 0.0 0.0 0.0 0.0 0.0 1.0 1.0 0.0 0.0
offsets 0.0 2.0
boundary S 4 0.0 -1.0 L 3.0 -1.0 A 3.0 0.0 1.0 1 3.0 1.0 L 0.0 1.0 B 3 6 0.0 1.0 -1.0 1.0 -1.5 0.5 -1.5 -0.5 -1.0 -1.0 0.0 -1.0 3 0.0 1.0 2.0 4 2 4
boolean fuse 93
op 92
frame -0.5 0.0 0.0 0.0 0.0 1.0 12.0 5.0 0.0
offsets 2.0 3.0
boundary P 4 -2.0 -0.75 1.0 -0.75 1.0 0.75 -2.0 0.75
end
case capsule_stand_cut 1e-07
op 91
frame 0.0 0.0 0.0 0.0 0.0 1.0 1.0 0.0 0.0
offsets 0.0 2.0
boundary S 4 0.0 -1.0 L 3.0 -1.0 A 3.0 0.0 1.0 1 3.0 1.0 L 0.0 1.0 B 3 6 0.0 1.0 -1.0 1.0 -1.5 0.5 -1.5 -0.5 -1.0 -1.0 0.0 -1.0 3 0.0 1.0 2.0 4 2 4
boolean cut 93
op 92
frame -0.5 0.0 0.0 0.0 0.0 1.0 12.0 5.0 0.0
offsets 2.0 3.0
boundary P 4 -2.0 -0.75 1.0 -0.75 1.0 0.75 -2.0 0.75
end
case capsule_stand_common 1e-07
op 91
frame 0.0 0.0 0.0 0.0 0.0 1.0 1.0 0.0 0.0
offsets 0.0 2.0
boundary S 4 0.0 -1.0 L 3.0 -1.0 A 3.0 0.0 1.0 1 3.0 1.0 L 0.0 1.0 B 3 6 0.0 1.0 -1.0 1.0 -1.5 0.5 -1.5 -0.5 -1.0 -1.0 0.0 -1.0 3 0.0 1.0 2.0 4 2 4
boolean common 93
op 92
frame -0.5 0.0 0.0 0.0 0.0 1.0 12.0 5.0 0.0
offsets 2.0 3.0
boundary P 4 -2.0 -0.75 1.0 -0.75 1.0 0.75 -2.0 0.75
end
case lens_pin_fuse 1e-07
op 91
frame 0.0 0.0 0.0 0.0 0.0 1.0 1.0 0.0 0.0
offsets 0.0 4.0
boundary P 4 0.0 0.0 10.0 0.0 10.0 10.0 0.0 10.0
boundary S 2 3.0 5.0 B 3 4 3.0 5.0 4.0 8.0 6.0 8.0 7.0 5.0 2 0.0 1.0 4 4 7.0 5.0 B 3 4 7.0 5.0 6.0 2.0 4.0 2.0 3.0 5.0 2 0.0 1.0 4 4
boolean fuse 93
op 92
frame 5.0 5.0 2.0 0.0 3.0 4.0 0.0 -4.0 3.0
offsets -4.0 4.0
boundary P 4 -0.5 -2.5 0.5 -2.5 0.5 2.5 -0.5 2.5
end
case lens_pin_cut 1e-07
op 91
frame 0.0 0.0 0.0 0.0 0.0 1.0 1.0 0.0 0.0
offsets 0.0 4.0
boundary P 4 0.0 0.0 10.0 0.0 10.0 10.0 0.0 10.0
boundary S 2 3.0 5.0 B 3 4 3.0 5.0 4.0 8.0 6.0 8.0 7.0 5.0 2 0.0 1.0 4 4 7.0 5.0 B 3 4 7.0 5.0 6.0 2.0 4.0 2.0 3.0 5.0 2 0.0 1.0 4 4
boolean cut 93
op 92
frame 5.0 5.0 2.0 0.0 3.0 4.0 0.0 -4.0 3.0
offsets -4.0 4.0
boundary P 4 -0.5 -2.5 0.5 -2.5 0.5 2.5 -0.5 2.5
end
case lens_pin_common 1e-07
op 91
frame 0.0 0.0 0.0 0.0 0.0 1.0 1.0 0.0 0.0
offsets 0.0 4.0
boundary P 4 0.0 0.0 10.0 0.0 10.0 10.0 0.0 10.0
boundary S 2 3.0 5.0 B 3 4 3.0 5.0 4.0 8.0 6.0 8.0 7.0 5.0 2 0.0 1.0 4 4 7.0 5.0 B 3 4 7.0 5.0 6.0 2.0 4.0 2.0 3.0 5.0 2 0.0 1.0 4 4
boolean common 93
op 92
frame 5.0 5.0 2.0 0.0 3.0 4.0 0.0 -4.0 3.0
offsets -4.0 4.0
boundary P 4 -0.5 -2.5 0.5 -2.5 0.5 2.5 -0.5 2.5
end
case bulge_offset_fuse 1e-07
op 91
frame 1.0 -2.0 0.5 0.0 3.0 4.0 1.0 0.0 0.0
offsets 0.0 5.0
boundary S 4 0.0 0.0 L 10.0 0.0 B 2 3 10.0 0.0 12.0 3.0 10.0 6.0 2 0.0 1.0 3 3 10.0 6.0 L 0.0 6.0 L
boolean fuse 93
op 92
frame 1.1 -2.3 0.7 0.0 3.0 4.0 1.0 0.0 0.0
offsets -1.0 3.0
boundary P 4 7.0 1.0 13.0 1.0 13.0 4.0 7.0 4.0
end
case bulge_offset_cut 1e-07
op 91
frame 1.0 -2.0 0.5 0.0 3.0 4.0 1.0 0.0 0.0
offsets 0.0 5.0
boundary S 4 0.0 0.0 L 10.0 0.0 B 2 3 10.0 0.0 12.0 3.0 10.0 6.0 2 0.0 1.0 3 3 10.0 6.0 L 0.0 6.0 L
boolean cut 93
op 92
frame 1.1 -2.3 0.7 0.0 3.0 4.0 1.0 0.0 0.0
offsets -1.0 3.0
boundary P 4 7.0 1.0 13.0 1.0 13.0 4.0 7.0 4.0
end
case bulge_offset_common 1e-07
op 91
frame 1.0 -2.0 0.5 0.0 3.0 4.0 1.0 0.0 0.0
offsets 0.0 5.0
boundary S 4 0.0 0.0 L 10.0 0.0 B 2 3 10.0 0.0 12.0 3.0 10.0 6.0 2 0.0 1.0 3 3 10.0 6.0 L 0.0 6.0 L
boolean common 93
op 92
frame 1.1 -2.3 0.7 0.0 3.0 4.0 1.0 0.0 0.0
offsets -1.0 3.0
boundary P 4 7.0 1.0 13.0 1.0 13.0 4.0 7.0 4.0
end
case dome_turned_fuse 1e-07
op 91
frame 0.0 0.0 0.0 0.0 3.0 4.0 1.0 0.0 0.0
offsets 0.0 5.0
boundary S 2 0.0 0.0 L 4.0 0.0 B 2 3 4.0 0.0 2.0 4.0 0.0 0.0 2 0.0 1.0 3 3
boolean fuse 93
op 92
frame 0.0 0.0 1.0 0.0 0.0 1.0 1.0 0.0 0.0
offsets 0.0 8.0
boundary P 4 1.0 -5.0 3.0 -5.0 3.0 8.0 1.0 8.0
end
case dome_turned_cut 1e-07
op 91
frame 0.0 0.0 0.0 0.0 3.0 4.0 1.0 0.0 0.0
offsets 0.0 5.0
boundary S 2 0.0 0.0 L 4.0 0.0 B 2 3 4.0 0.0 2.0 4.0 0.0 0.0 2 0.0 1.0 3 3
boolean cut 93
op 92
frame 0.0 0.0 1.0 0.0 0.0 1.0 1.0 0.0 0.0
offsets 0.0 8.0
boundary P 4 1.0 -5.0 3.0 -5.0 3.0 8.0 1.0 8.0
end
case dome_turned_common 1e-07
op 91
frame 0.0 0.0 0.0 0.0 3.0 4.0 1.0 0.0 0.0
offsets 0.0 5.0
boundary S 2 0.0 0.0 L 4.0 0.0 B 2 3 4.0 0.0 2.0 4.0 0.0 0.0 2 0.0 1.0 3 3
boolean common 93
op 92
frame 0.0 0.0 1.0 0.0 0.0 1.0 1.0 0.0 0.0
offsets 0.0 8.0
boundary P 4 1.0 -5.0 3.0 -5.0 3.0 8.0 1.0 8.0
end
case kink_lean_fuse 1e-07
op 91
frame 0.0 0.0 0.0 0.0 3.0 4.0 1.0 0.0 0.0
offsets 0.0 4.0
boundary S 2 0.0 0.0 L 8.0 0.0 B 2 5 8.0 0.0 6.0 4.0 4.0 4.0 2.0 4.0 0.0 0.0 3 0.0 1.0 2.0 3 2 3
boolean fuse 93
op 92
frame 4.0 4.4 0.8 3.0 0.0 4.0 0.0 1.0 0.0
offsets -3.0 3.0
boundary P 4 -1.0 -1.0 1.0 -1.0 1.0 1.0 -1.0 1.0
end
case kink_lean_cut 1e-07
op 91
frame 0.0 0.0 0.0 0.0 3.0 4.0 1.0 0.0 0.0
offsets 0.0 4.0
boundary S 2 0.0 0.0 L 8.0 0.0 B 2 5 8.0 0.0 6.0 4.0 4.0 4.0 2.0 4.0 0.0 0.0 3 0.0 1.0 2.0 3 2 3
boolean cut 93
op 92
frame 4.0 4.4 0.8 3.0 0.0 4.0 0.0 1.0 0.0
offsets -3.0 3.0
boundary P 4 -1.0 -1.0 1.0 -1.0 1.0 1.0 -1.0 1.0
end
case kink_lean_common 1e-07
op 91
frame 0.0 0.0 0.0 0.0 3.0 4.0 1.0 0.0 0.0
offsets 0.0 4.0
boundary S 2 0.0 0.0 L 8.0 0.0 B 2 5 8.0 0.0 6.0 4.0 4.0 4.0 2.0 4.0 0.0 0.0 3 0.0 1.0 2.0 3 2 3
boolean common 93
op 92
frame 4.0 4.4 0.8 3.0 0.0 4.0 0.0 1.0 0.0
offsets -3.0 3.0
boundary P 4 -1.0 -1.0 1.0 -1.0 1.0 1.0 -1.0 1.0
end
case blob_tool_fuse 1e-07
op 91
frame 0.0 0.0 0.0 0.0 0.0 1.0 1.0 0.0 0.0
offsets 0.0 4.0
boundary P 4 0.0 0.0 10.0 0.0 10.0 10.0 0.0 10.0
boolean fuse 93
op 92
frame 6.0 1.0 1.0 3.0 0.0 4.0 0.0 1.0 0.0
offsets 0.0 6.0
boundary S 4 4.0 0.0 B 3 4 4.0 0.0 1.5 0.0 0.0 1.5 0.0 4.0 2 0.0 1.0 4 4 0.0 4.0 B 3 4 0.0 4.0 0.0 6.5 1.5 8.0 4.0 8.0 2 0.0 1.0 4 4 4.0 8.0 B 3 4 4.0 8.0 6.5 8.0 8.0 6.5 8.0 4.0 2 0.0 1.0 4 4 8.0 4.0 B 3 4 8.0 4.0 8.0 1.5 6.5 0.0 4.0 0.0 2 0.0 1.0 4 4
end
case blob_tool_cut 1e-07
op 91
frame 0.0 0.0 0.0 0.0 0.0 1.0 1.0 0.0 0.0
offsets 0.0 4.0
boundary P 4 0.0 0.0 10.0 0.0 10.0 10.0 0.0 10.0
boolean cut 93
op 92
frame 6.0 1.0 1.0 3.0 0.0 4.0 0.0 1.0 0.0
offsets 0.0 6.0
boundary S 4 4.0 0.0 B 3 4 4.0 0.0 1.5 0.0 0.0 1.5 0.0 4.0 2 0.0 1.0 4 4 0.0 4.0 B 3 4 0.0 4.0 0.0 6.5 1.5 8.0 4.0 8.0 2 0.0 1.0 4 4 4.0 8.0 B 3 4 4.0 8.0 6.5 8.0 8.0 6.5 8.0 4.0 2 0.0 1.0 4 4 8.0 4.0 B 3 4 8.0 4.0 8.0 1.5 6.5 0.0 4.0 0.0 2 0.0 1.0 4 4
end
case blob_tool_common 1e-07
op 91
frame 0.0 0.0 0.0 0.0 0.0 1.0 1.0 0.0 0.0
offsets 0.0 4.0
boundary P 4 0.0 0.0 10.0 0.0 10.0 10.0 0.0 10.0
boolean common 93
op 92
frame 6.0 1.0 1.0 3.0 0.0 4.0 0.0 1.0 0.0
offsets 0.0 6.0
boundary S 4 4.0 0.0 B 3 4 4.0 0.0 1.5 0.0 0.0 1.5 0.0 4.0 2 0.0 1.0 4 4 0.0 4.0 B 3 4 0.0 4.0 0.0 6.5 1.5 8.0 4.0 8.0 2 0.0 1.0 4 4 4.0 8.0 B 3 4 4.0 8.0 6.5 8.0 8.0 6.5 8.0 4.0 2 0.0 1.0 4 4 8.0 4.0 B 3 4 8.0 4.0 8.0 1.5 6.5 0.0 4.0 0.0 2 0.0 1.0 4 4
end
case dome_tangent_fuse 1e-07
op 91
frame 0.0 0.0 0.0 0.0 0.0 1.0 1.0 0.0 0.0
offsets 0.0 5.0
boundary S 2 0.0 0.0 L 4.0 0.0 B 2 3 4.0 0.0 2.0 4.0 0.0 0.0 2 0.0 1.0 3 3
boolean fuse 93
op 92
frame 0.0 0.0 -1.0 0.0 0.0 1.0 0.0 1.0 0.0
offsets 0.0 7.0
boundary P 4 2.0 -5.0 5.0 -5.0 5.0 1.0 2.0 1.0
end
case dome_tangent_common 1e-07
op 91
frame 0.0 0.0 0.0 0.0 0.0 1.0 1.0 0.0 0.0
offsets 0.0 5.0
boundary S 2 0.0 0.0 L 4.0 0.0 B 2 3 4.0 0.0 2.0 4.0 0.0 0.0 2 0.0 1.0 3 3
boolean common 93
op 92
frame 0.0 0.0 -1.0 0.0 0.0 1.0 0.0 1.0 0.0
offsets 0.0 7.0
boundary P 4 2.0 -5.0 5.0 -5.0 5.0 1.0 2.0 1.0
end
case kink_knot_cut 1e-07
op 91
frame 0.0 0.0 0.0 0.0 0.0 1.0 1.0 0.0 0.0
offsets 0.0 4.0
boundary S 2 0.0 0.0 L 8.0 0.0 B 2 5 8.0 0.0 6.0 4.0 4.0 4.0 2.0 4.0 0.0 0.0 3 0.0 1.0 2.0 3 2 3
boolean cut 93
op 92
frame 0.0 0.0 -1.0 0.0 0.0 1.0 0.0 1.0 0.0
offsets 0.0 6.0
boundary P 4 4.0 -9.0 6.0 -9.0 6.0 1.0 4.0 1.0
end
case blob_rounding_cut 1e-07
op 91
frame 0.0 0.0 0.0 0.0 3.0 4.0 1.0 0.0 0.0
offsets 0.0 5.0
boundary S 4 4.0 0.0 B 3 4 4.0 0.0 1.5 0.0 0.0 1.5 0.0 4.0 2 0.0 1.0 4 4 0.0 4.0 B 3 4 0.0 4.0 0.0 6.5 1.5 8.0 4.0 8.0 2 0.0 1.0 4 4 4.0 8.0 B 3 4 4.0 8.0 6.5 8.0 8.0 6.5 8.0 4.0 2 0.0 1.0 4 4 8.0 4.0 B 3 4 8.0 4.0 8.0 1.5 6.5 0.0 4.0 0.0 2 0.0 1.0 4 4
boolean cut 93
op 92
frame 0.0 3.2 2.4 0.0 -4.0 3.0 1.0 0.0 0.0
offsets 0.0 6.0
boundary P 4 -6.0 -6.0 12.0 -6.0 12.0 6.0 -6.0 6.0
end
case blob_rounding_common 1e-07
op 91
frame 0.0 0.0 0.0 0.0 3.0 4.0 1.0 0.0 0.0
offsets 0.0 5.0
boundary S 4 4.0 0.0 B 3 4 4.0 0.0 1.5 0.0 0.0 1.5 0.0 4.0 2 0.0 1.0 4 4 0.0 4.0 B 3 4 0.0 4.0 0.0 6.5 1.5 8.0 4.0 8.0 2 0.0 1.0 4 4 4.0 8.0 B 3 4 4.0 8.0 6.5 8.0 8.0 6.5 8.0 4.0 2 0.0 1.0 4 4 8.0 4.0 B 3 4 8.0 4.0 8.0 1.5 6.5 0.0 4.0 0.0 2 0.0 1.0 4 4
boolean common 93
op 92
frame 0.0 3.2 2.4 0.0 -4.0 3.0 1.0 0.0 0.0
offsets 0.0 6.0
boundary P 4 -6.0 -6.0 12.0 -6.0 12.0 6.0 -6.0 6.0
end
