write quad imported/quad.brep
plane 5.0 5.0 0.0 0.0 0.0 1.0 0.9230769230769231 0.38461538461538464 -0.0
wire S 4 8.923076923076923 3.384615384615385 0.0 A 4.076923076923077 4.615384615384615 0.0 5.0 1 6.615384615384615 8.923076923076923 0.0 A 5.384615384615385 4.076923076923077 0.0 5.0 1 1.0769230769230769 6.615384615384615 0.0 A 5.923076923076923 5.384615384615385 0.0 5.0 1 3.384615384615385 1.0769230769230766 0.0 A 4.615384615384615 5.923076923076923 0.0 5.0 1
prism 0.0 0.0 4.0
end
write arch imported/arch.brep
plane 5.0 3.0 -0.5 0.0 0.0 1.0 0.8660254037844386 0.5 -0.0
wire S 3 3.267949192431123 2.0 -0.5 L 6.732050807568877 4.0 -0.5 A 2.401923788646684 1.5 -0.5 5.0 1 3.0 6.464101615137754 -0.5 A 7.598076211353316 4.5 -0.5 5.0 1
prism 0.0 0.0 3.0
end
write cam imported/cam.brep
plane 5.0 5.0 0.0 0.0 0.0 1.0 0.9230769230769231 0.38461538461538464 -0.0
wire S 4 3.769230769230769 0.1538461538461533 0.0 A 5.0 5.0 0.0 5.0 1 9.615384615384617 6.923076923076923 0.0 A 6.846153846153847 5.769230769230769 0.0 3.0 1 5.6923076923076925 8.538461538461538 0.0 L 1.0769230769230769 6.615384615384615 0.0 L
prism 0.0 0.0 3.0
end
write blade imported/blade.brep
plane 0.0 0.0 0.0 0.0 0.0 1.0 0.8660254037844386 0.5 -0.0
wire S 5 12.142304845413264 2.968911086754465 0.0 A 0.0 0.0 0.0 12.5 1 8.642304845413264 9.031088913245535 0.0 A 4.696152422706632 3.8660254037844384 0.0 6.5 1 1.446152422706632 9.49519052838329 0.0 L -3.75 6.495190528383289 0.0 L 1.75 -3.031088913245535 0.0 L
prism 0.0 0.0 3.0
end
write split_lens imported/split_lens.brep
plane 5.0 3.0 0.5 0.0 0.0 1.0 0.8660254037844386 0.5 -0.0
wire S 4 7.0 -0.4641016151377544 0.5 A 2.401923788646684 1.5 0.5 5.0 1 6.732050807568877 4.0 0.5 A 2.401923788646684 1.5 0.5 5.0 1 3.0 6.464101615137754 0.5 A 7.598076211353316 4.5 0.5 5.0 1 3.267949192431123 2.0 0.5 A 7.598076211353316 4.5 0.5 5.0 1
prism 0.0 0.0 4.0
end
