write tetra imported/tetra.brep
polyhedron 4 2.0 1.0 -0.5 8.92820323027551 5.000000000000001 -0.5 0.23205080756887664 8.062177826491071 -0.5 3.598076211353316 4.232050807568878 5.5 4 3 0 2 1 3 0 1 3 3 1 2 3 3 2 0 3
end
write octa imported/octa.brep
polyhedron 6 9.0 5.0 4.0 1.0 5.0 4.0 5.0 9.0 4.0 5.0 1.0 4.0 5.0 5.0 8.0 5.0 5.0 0.0 8 3 0 2 4 3 2 1 4 3 1 3 4 3 3 0 4 3 2 0 5 3 1 2 5 3 3 1 5 3 0 3 5
end
write pyramid imported/pyramid.brep
wedge 1.0 1.0 0.0 0.0 3.0 4.0 1.0 0.0 0.0 8.0 6.0 8.0 4.0 4.0 4.0 4.0
end
write truncated imported/truncated.brep
wedge 1.0 1.0 0.0 0.0 0.0 1.0 0.8660254037844386 0.5 0.0 8.0 3.0 8.0 2.0 2.0 6.0 6.0
end
write wedge imported/wedge.brep
wedge 2.0 2.0 1.0 0.0 0.0 1.0 12.0 5.0 0.0 8.0 4.0 6.0 1.0 0.0 5.0 4.0
end
write notched imported/notched.brep
box 0.0 0.0 0.0 0.0 0.0 1.0 1.0 0.0 0.0 10.0 10.0 4.0
boolean cut
box 8.2 7.9 2.4 1.0 2.0 2.0 2.0 -2.0 1.0 6.0 6.0 6.0
end
write ell imported/ell.brep
box 0.0 0.0 0.0 0.0 0.0 1.0 1.0 0.0 0.0 6.0 6.0 3.0
boolean fuse
box 3.0 2.0 2.0 0.0 0.0 1.0 0.8660254037844386 0.5 0.0 6.0 4.0 3.0
end
write hollow imported/hollow.brep
box 0.0 0.0 0.0 0.0 0.0 1.0 1.0 0.0 0.0 10.0 10.0 10.0
boolean cut
box 3.0 3.0 3.0 0.0 0.0 1.0 1.0 0.0 0.0 4.0 4.0 4.0
end
write steps_low imported/steps_low.brep
polyhedron 8 100.0 -40.0 6.0 116.0 -40.0 6.0 116.0 -32.0 6.0 100.0 -32.0 6.0 101.0 -39.0 8.0 115.0 -39.0 8.0 115.0 -33.0 8.0 101.0 -33.0 8.0 6 4 0 1 2 3 4 4 5 6 7 4 0 1 5 4 4 1 2 6 5 4 2 3 7 6 4 3 0 4 7
end
write steps_high imported/steps_high.brep
polyhedron 8 101.0 -39.0 8.0 115.0 -39.0 8.0 115.0 -33.0 8.0 101.0 -33.0 8.0 103.0 -38.0 9.0 113.0 -38.0 9.0 113.0 -34.0 9.0 103.0 -34.0 9.0 6 4 0 1 2 3 4 4 5 6 7 4 0 1 5 4 4 1 2 6 5 4 2 3 7 6 4 3 0 4 7
end
write pedestal imported/pedestal.brep
polyhedron 8 -12.7239959266648 -9.76227793225116 0.0 9.94168505699231 -9.76227793225116 0.0 9.94168505699231 12.61096837757 0.0 -12.7239959266648 12.61096837757 0.0 -2.93153733476602 0.0301806596475927 21.0 0.149226465093557 0.0301806596475927 21.0 0.149226465093557 2.81850978567122 21.0 -2.93153733476602 2.81850978567122 21.0 6 4 0 1 2 3 4 4 5 6 7 4 0 1 5 4 4 1 2 6 5 4 2 3 7 6 4 3 0 4 7
end
write draft imported/draft.brep
polyhedron 16 0.0 0.0 0.0 0.0 12.0 0.0 0.0 12.0 6.0 0.0 9.0 9.0 0.0 7.0 9.0 0.0 7.0 7.0 0.0 3.0 7.0 0.0 0.0 4.0 4.0 0.0 0.0 4.0 12.0 0.0 4.0 12.0 5.5 4.0 9.0 8.5 4.0 7.0 8.5 4.0 7.0 7.0 4.0 3.0 7.0 4.0 0.0 4.0 10 8 0 1 2 3 4 5 6 7 8 8 9 10 11 12 13 14 15 4 0 1 9 8 4 1 2 10 9 4 2 3 11 10 4 3 4 12 11 4 4 5 13 12 4 5 6 14 13 4 6 7 15 14 4 7 0 8 15
end
write ridge imported/ridge.brep
plane 4.0 0.0 0.0 1.0 0.0 0.0 0.0 1.0 0.0
wire P 6 4.0 0.0 0.0 4.0 12.0 0.0 4.0 12.0 5.5 4.0 10.5 7.0 4.0 3.0 7.0 4.0 0.0 4.0
prism 6.0 0.0 0.0
end
write vane_up imported/vane_up.brep
wedge 2.5 7.5 5.0 0.0 -1.0 0.0 1.0 0.0 0.0 5.0 0.5 5.0 1.0 1.0 4.0 4.0
end
write vane_down imported/vane_down.brep
wedge 2.5 2.5 5.0 0.0 1.0 0.0 1.0 0.0 0.0 5.0 3.0 5.0 1.0 1.0 4.0 4.0
end
