write bore imported/leaf_bore.brep
plane 1.0 2.0 0.5 0.0 0.0 1.0 1.0 0.0 0.0
wire S 8 3.0 2.0 0.5 L 8.0 2.0 0.5 A 8.0 4.0 0.5 2.0 1 10.0 4.0 0.5 L 10.0 9.0 0.5 A 8.0 9.0 0.5 2.0 1 8.0 11.0 0.5 L 3.0 11.0 0.5 A 3.0 9.0 0.5 2.0 1 1.0 9.0 0.5 L 1.0 4.0 0.5 A 3.0 4.0 0.5 2.0 1
prism 0.0 0.0 6.0
boolean cut
plane 1.0 1.0 0.5 0.0 1.0 0.0 0.0 0.0 1.0
wire C 5.5 1.0 3.5 1.5
prism 0.0 11.0 0.0
end
write boss imported/leaf_boss.brep
plane 3.0 4.5 5.0 0.4444444444444444 0.4444444444444444 0.7777777777777778 0.1111111111111111 -0.8888888888888888 0.4444444444444444
wire S 4 0.7777777777777777 4.777777777777778 6.111111111111111 L 1.4444444444444442 -0.5555555555555552 8.777777777777777 A 3.6666666666666665 -0.833333333333333 7.666666666666666 2.5 1 5.888888888888889 -1.1111111111111107 6.555555555555555 L 5.222222222222222 4.222222222222222 3.888888888888889 A 3.0 4.5 5.0 2.5 1
prism 0.8888888888888888 0.8888888888888888 1.5555555555555556
boolean fuse
plane 3.4444444444444446 4.944444444444445 5.777777777777778 0.4444444444444444 0.4444444444444444 0.7777777777777778 0.1111111111111111 -0.8888888888888888 0.4444444444444444
wire C 3.7777777777777777 2.2777777777777777 7.111111111111111 1.25
prism 1.7777777777777777 1.7777777777777777 3.111111111111111
end
write dimple imported/leaf_dimple.brep
plane 0.0 0.0 0.0 0.0 0.0 1.0 1.0 0.0 0.0
wire S 8 2.0 0.0 0.0 L 7.0 0.0 0.0 A 7.0 2.0 0.0 2.0 1 9.0 2.0 0.0 L 9.0 7.0 0.0 A 7.0 7.0 0.0 2.0 1 7.0 9.0 0.0 L 2.0 9.0 0.0 A 2.0 7.0 0.0 2.0 1 0.0 7.0 0.0 L 0.0 2.0 0.0 A 2.0 2.0 0.0 2.0 1
prism 0.0 0.0 3.0
boolean cut
sphere 4.5 4.5 4.5 0.0 0.0 1.0 1.0 0.0 0.0 2.5 -1.5707963267948966 1.5707963267948966
end
write pocket imported/leaf_pocket.brep
plane 2.1666666666666665 2.6666666666666665 4.916666666666666 0.8888888888888888 0.4444444444444444 0.1111111111111111 -0.1111111111111111 0.4444444444444444 -0.8888888888888888
wire S 4 3.2777777777777777 0.7222222222222221 3.805555555555555 L 2.611111111111111 3.3888888888888884 -1.5277777777777781 A 1.5 5.333333333333333 -0.41666666666666696 2.5 1 0.38888888888888884 7.277777777777778 0.6944444444444442 L 1.0555555555555554 4.611111111111111 6.027777777777777 A 2.1666666666666665 2.6666666666666665 4.916666666666666 2.5 1
prism 2.6666666666666665 1.3333333333333333 0.3333333333333333
boolean cut
cone 2.722222222222222 4.444444444444445 2.3611111111111107 0.8888888888888888 0.4444444444444444 0.1111111111111111 -0.1111111111111111 0.4444444444444444 -0.8888888888888888 0.5 2.0 3.0
end
write dome imported/leaf_dome.brep
plane 1.0 -1.0 0.5 0.4444444444444444 0.4444444444444444 0.7777777777777778 0.1111111111111111 -0.8888888888888888 0.4444444444444444
wire S 8 1.2222222222222223 -2.7777777777777777 1.3888888888888888 L 1.7777777777777777 -7.222222222222221 3.6111111111111107 A 3.5555555555555554 -7.444444444444444 2.722222222222222 2.0 1 3.7777777777777777 -9.222222222222221 3.611111111111111 L 8.222222222222221 -9.777777777777779 1.3888888888888893 A 7.999999999999999 -7.999999999999999 0.5 2.0 1 9.777777777777779 -8.222222222222221 -0.3888888888888893 L 9.222222222222221 -3.7777777777777777 -2.611111111111111 A 7.444444444444444 -3.5555555555555554 -1.7222222222222219 2.0 1 7.222222222222221 -1.7777777777777777 -2.6111111111111107 L 2.7777777777777777 -1.2222222222222223 -0.38888888888888884 A 3.0 -3.0 0.5 2.0 1
prism 1.3333333333333333 1.3333333333333333 2.3333333333333335
boolean fuse
sphere 6.611111111111111 -4.388888888888888 2.4444444444444446 0.4444444444444444 0.4444444444444444 0.7777777777777778 0.1111111111111111 -0.8888888888888888 0.4444444444444444 2.0 -1.5707963267948966 1.5707963267948966
end
write post imported/leaf_post.brep
plane 0.0 0.0 0.0 0.0 0.0 1.0 1.0 0.0 0.0
wire S 8 2.0 0.0 0.0 L 7.0 0.0 0.0 A 7.0 2.0 0.0 2.0 1 9.0 2.0 0.0 L 9.0 7.0 0.0 A 7.0 7.0 0.0 2.0 1 7.0 9.0 0.0 L 2.0 9.0 0.0 A 2.0 7.0 0.0 2.0 1 0.0 7.0 0.0 L 0.0 2.0 0.0 A 2.0 2.0 0.0 2.0 1
prism 0.0 0.0 3.0
boolean fuse
plane 0.0 0.0 1.0 0.0 0.0 1.0 1.0 0.0 0.0
wire C 2.0 2.0 1.0 2.0
prism 0.0 0.0 4.0
end
write notch imported/leaf_notch.brep
plane 0.0 0.0 0.0 0.0 0.0 1.0 1.0 0.0 0.0
wire S 8 2.0 0.0 0.0 L 7.0 0.0 0.0 A 7.0 2.0 0.0 2.0 1 9.0 2.0 0.0 L 9.0 7.0 0.0 A 7.0 7.0 0.0 2.0 1 7.0 9.0 0.0 L 2.0 9.0 0.0 A 2.0 7.0 0.0 2.0 1 0.0 7.0 0.0 L 0.0 2.0 0.0 A 2.0 2.0 0.0 2.0 1
prism 0.0 0.0 2.0
boolean cut
plane 0.0 -1.0 0.0 0.0 1.0 0.0 0.0 0.0 1.0
wire C 4.5 -1.0 1.0 1.5
prism 0.0 5.0 0.0
end
