case pipe_hole_fuse 1e-07
op 91
frame 0.0 0.0 0.0 0.0 0.0 1.0 1.0 0.0 0.0
torus 2.5 1.0 0.0 6.283185307179586 6.283185307179586
boolean fuse 93
op 92
frame 0.0 0.0 0.0 0.0 0.0 1.0 1.0 0.0 0.0
offsets -2.0 2.0
boundary C 0.0 0.0 1.75
end
case pipe_hole_cut 1e-07
op 91
frame 0.0 0.0 0.0 0.0 0.0 1.0 1.0 0.0 0.0
torus 2.5 1.0 0.0 6.283185307179586 6.283185307179586
boolean cut 93
op 92
frame 0.0 0.0 0.0 0.0 0.0 1.0 1.0 0.0 0.0
offsets -2.0 2.0
boundary C 0.0 0.0 1.75
end
case pipe_hole_common 1e-07
op 91
frame 0.0 0.0 0.0 0.0 0.0 1.0 1.0 0.0 0.0
torus 2.5 1.0 0.0 6.283185307179586 6.283185307179586
boolean common 93
op 92
frame 0.0 0.0 0.0 0.0 0.0 1.0 1.0 0.0 0.0
offsets -2.0 2.0
boundary C 0.0 0.0 1.75
end
case hole_pipe_cut 1e-07
op 91
frame 0.0 0.0 0.0 0.0 0.0 1.0 1.0 0.0 0.0
offsets -2.0 2.0
boundary C 0.0 0.0 1.75
boolean cut 93
op 92
frame 0.0 0.0 0.0 0.0 0.0 1.0 1.0 0.0 0.0
torus 2.5 1.0 0.0 6.283185307179586 6.283185307179586
end
case sleeve_common 1e-07
op 91
frame 0.0 0.0 0.0 0.0 0.0 1.0 1.0 0.0 0.0
torus 2.5 1.0 0.0 6.283185307179586 6.283185307179586
boolean common 93
op 92
frame 0.0 0.0 0.0 0.0 0.0 1.0 1.0 0.0 0.0
offsets -0.5 2.0
boundary C 0.0 0.0 3.25
end
case ball_coax_cut 1e-07
op 91
frame 0.0 0.0 0.0 0.0 0.0 1.0 1.0 0.0 0.0
torus 2.5 1.0 0.0 6.283185307179586 6.283185307179586
boolean cut 93
op 92
frame 0.0 0.0 0.0 0.0 0.0 1.0 1.0 0.0 0.0
sphere 2.75 -1.5707963267948966 1.5707963267948966
end
case ball_coax_common 1e-07
op 91
frame 0.0 0.0 0.0 0.0 0.0 1.0 1.0 0.0 0.0
torus 2.5 1.0 0.0 6.283185307179586 6.283185307179586
boolean common 93
op 92
frame 0.0 0.0 0.0 0.0 0.0 1.0 1.0 0.0 0.0
sphere 2.75 -1.5707963267948966 1.5707963267948966
end
case ball_axis_common 1e-07
op 91
frame 0.0 0.0 0.0 0.0 0.0 1.0 1.0 0.0 0.0
torus 2.5 1.0 0.0 6.283185307179586 6.283185307179586
boolean common 93
op 92
frame 0.0 0.0 1.5 0.0 0.0 1.0 1.0 0.0 0.0
sphere 2.25 -1.5707963267948966 1.5707963267948966
end
case cone_coax_cut 1e-07
op 91
frame 0.0 0.0 0.0 0.0 0.0 1.0 1.0 0.0 0.0
torus 2.5 1.0 0.0 6.283185307179586 6.283185307179586
boolean cut 93
op 92
frame 0.0 0.0 -2.0 0.0 0.0 1.0 1.0 0.0 0.0
cone 4.0 0.0 4.0
end
case cone_coax_common 1e-07
op 91
frame 0.0 0.0 0.0 0.0 0.0 1.0 1.0 0.0 0.0
torus 2.5 1.0 0.0 6.283185307179586 6.283185307179586
boolean common 93
op 92
frame 0.0 0.0 -2.0 0.0 0.0 1.0 1.0 0.0 0.0
cone 4.0 0.0 4.0
end
case tori_coax_fuse 1e-07
op 91
frame 0.0 0.0 0.0 0.0 0.0 1.0 1.0 0.0 0.0
torus 2.5 1.0 0.0 6.283185307179586 6.283185307179586
boolean fuse 93
op 92
frame 0.0 0.0 0.5 0.0 0.0 1.0 1.0 0.0 0.0
torus 3.25 0.75 0.0 6.283185307179586 6.283185307179586
end
case tori_coax_common 1e-07
op 91
frame 0.0 0.0 0.0 0.0 0.0 1.0 1.0 0.0 0.0
torus 2.5 1.0 0.0 6.283185307179586 6.283185307179586
boolean common 93
op 92
frame 0.0 0.0 0.5 0.0 0.0 1.0 1.0 0.0 0.0
torus 3.25 0.75 0.0 6.283185307179586 6.283185307179586
end
case rod_cut 1e-07
op 91
frame 0.0 0.0 0.0 0.0 0.0 1.0 1.0 0.0 0.0
torus 2.5 1.0 0.0 6.283185307179586 6.283185307179586
boolean cut 93
op 92
frame -4.5 0.0 0.0 1.0 0.0 0.0 0.0 1.0 0.0
offsets 0.0 9.0
boundary C 0.0 0.0 0.5
end
case rod_common 1e-07
op 91
frame 0.0 0.0 0.0 0.0 0.0 1.0 1.0 0.0 0.0
torus 2.5 1.0 0.0 6.283185307179586 6.283185307179586
boolean common 93
op 92
frame -4.5 0.0 0.0 1.0 0.0 0.0 0.0 1.0 0.0
offsets 0.0 9.0
boundary C 0.0 0.0 0.5
end
case rod_ends_cut 1e-07
op 91
frame -4.5 0.0 0.0 1.0 0.0 0.0 0.0 1.0 0.0
offsets 0.0 9.0
boundary C 0.0 0.0 0.5
boolean cut 93
op 92
frame 0.0 0.0 0.0 0.0 0.0 1.0 1.0 0.0 0.0
torus 2.5 1.0 0.0 6.283185307179586 6.283185307179586
end
case bore_cut 1e-07
op 91
frame 0.0 0.0 0.0 0.0 0.0 1.0 1.0 0.0 0.0
torus 2.5 1.0 0.0 6.283185307179586 6.283185307179586
boolean cut 93
op 92
frame 0.0 0.0 0.0 0.0 0.0 1.0 1.0 0.0 0.0
offsets -2.0 2.0
boundary C 2.75 0.25 0.5
end
case bore_common 1e-07
op 91
frame 0.0 0.0 0.0 0.0 0.0 1.0 1.0 0.0 0.0
torus 2.5 1.0 0.0 6.283185307179586 6.283185307179586
boolean common 93
op 92
frame 0.0 0.0 0.0 0.0 0.0 1.0 1.0 0.0 0.0
offsets -2.0 2.0
boundary C 2.75 0.25 0.5
end
case stadium_cut 1e-07
op 91
frame 0.0 0.0 0.0 0.0 0.0 1.0 1.0 0.0 0.0
torus 2.5 1.0 0.0 6.283185307179586 6.283185307179586
boolean cut 93
op 92
frame 2.5 0.0 -2.0 0.0 0.0 1.0 1.0 0.0 0.0
offsets 0.0 4.0
boundary S 4 -0.75 -0.5 L 0.75 -0.5 A 0.75 0.0 0.5 1 0.75 0.5 L -0.75 0.5 A -0.75 0.0 0.5 1
end
case stadium_common 1e-07
op 91
frame 0.0 0.0 0.0 0.0 0.0 1.0 1.0 0.0 0.0
torus 2.5 1.0 0.0 6.283185307179586 6.283185307179586
boolean common 93
op 92
frame 2.5 0.0 -2.0 0.0 0.0 1.0 1.0 0.0 0.0
offsets 0.0 4.0
boundary S 4 -0.75 -0.5 L 0.75 -0.5 A 0.75 0.0 0.5 1 0.75 0.5 L -0.75 0.5 A -0.75 0.0 0.5 1
end
case ball_top_fuse 1e-07
op 91
frame 0.0 0.0 0.0 0.0 0.0 1.0 1.0 0.0 0.0
torus 2.5 1.0 0.0 6.283185307179586 6.283185307179586
boolean fuse 93
op 92
frame 2.5 0.0 1.0 0.0 0.0 1.0 1.0 0.0 0.0
sphere 0.75 -1.5707963267948966 1.5707963267948966
end
case ball_top_cut 1e-07
op 91
frame 0.0 0.0 0.0 0.0 0.0 1.0 1.0 0.0 0.0
torus 2.5 1.0 0.0 6.283185307179586 6.283185307179586
boolean cut 93
op 92
frame 2.5 0.0 1.0 0.0 0.0 1.0 1.0 0.0 0.0
sphere 0.75 -1.5707963267948966 1.5707963267948966
end
case ball_top_common 1e-07
op 91
frame 0.0 0.0 0.0 0.0 0.0 1.0 1.0 0.0 0.0
torus 2.5 1.0 0.0 6.283185307179586 6.283185307179586
boolean common 93
op 92
frame 2.5 0.0 1.0 0.0 0.0 1.0 1.0 0.0 0.0
sphere 0.75 -1.5707963267948966 1.5707963267948966
end
case ball_core_cut 1e-07
op 91
frame 0.0 0.0 0.0 0.0 0.0 1.0 1.0 0.0 0.0
torus 2.5 1.0 0.0 6.283185307179586 6.283185307179586
boolean cut 93
op 92
frame 0.0 2.5 0.0 0.0 0.0 1.0 1.0 0.0 0.0
sphere 1.25 -1.5707963267948966 1.5707963267948966
end
case core_ball_cut 1e-07
op 91
frame 0.0 2.5 0.0 0.0 0.0 1.0 1.0 0.0 0.0
sphere 1.25 -1.5707963267948966 1.5707963267948966
boolean cut 93
op 92
frame 0.0 0.0 0.0 0.0 0.0 1.0 1.0 0.0 0.0
torus 2.5 1.0 0.0 6.283185307179586 6.283185307179586
end
case spike_cut 1e-07
op 91
frame 0.0 0.0 0.0 0.0 0.0 1.0 1.0 0.0 0.0
torus 2.5 1.0 0.0 6.283185307179586 6.283185307179586
boolean cut 93
op 92
frame 2.75 0.25 -1.5 0.0 0.0 1.0 1.0 0.0 0.0
cone 0.75 0.25 3.0
end
case spike_common 1e-07
op 91
frame 0.0 0.0 0.0 0.0 0.0 1.0 1.0 0.0 0.0
torus 2.5 1.0 0.0 6.283185307179586 6.283185307179586
boolean common 93
op 92
frame 2.75 0.25 -1.5 0.0 0.0 1.0 1.0 0.0 0.0
cone 0.75 0.25 3.0
end
case cone_lean_common 1e-07
op 91
frame 0.0 0.0 0.0 0.0 0.0 1.0 1.0 0.0 0.0
torus 2.5 1.0 0.0 6.283185307179586 6.283185307179586
boolean common 93
op 92
frame 0.75 0.25 -1.75 3.0 0.0 4.0 0.0 1.0 0.0
cone 1.0 0.0 3.0
end
case tori_link_fuse 1e-07
op 91
frame 0.0 0.0 0.0 0.0 0.0 1.0 1.0 0.0 0.0
torus 2.5 1.0 0.0 6.283185307179586 6.283185307179586
boolean fuse 93
op 92
frame 0.0 2.5 0.0 1.0 0.0 0.0 0.0 1.0 0.0
torus 2.5 0.75 0.0 6.283185307179586 6.283185307179586
end
case tori_link_common 1e-07
op 91
frame 0.0 0.0 0.0 0.0 0.0 1.0 1.0 0.0 0.0
torus 2.5 1.0 0.0 6.283185307179586 6.283185307179586
boolean common 93
op 92
frame 0.0 2.5 0.0 1.0 0.0 0.0 0.0 1.0 0.0
torus 2.5 0.75 0.0 6.283185307179586 6.283185307179586
end
case tori_ring_fuse 1e-07
op 91
frame 0.0 0.0 0.0 0.0 0.0 1.0 1.0 0.0 0.0
torus 2.5 1.0 0.0 6.283185307179586 6.283185307179586
boolean fuse 93
op 92
frame 0.0 2.5 0.0 1.0 0.0 0.0 0.0 1.0 0.0
torus 1.25 0.5 0.0 6.283185307179586 6.283185307179586
end
case tori_ring_cut 1e-07
op 91
frame 0.0 0.0 0.0 0.0 0.0 1.0 1.0 0.0 0.0
torus 2.5 1.0 0.0 6.283185307179586 6.283185307179586
boolean cut 93
op 92
frame 0.0 2.5 0.0 1.0 0.0 0.0 0.0 1.0 0.0
torus 1.25 0.5 0.0 6.283185307179586 6.283185307179586
end
case tori_ring_common 1e-07
op 91
frame 0.0 0.0 0.0 0.0 0.0 1.0 1.0 0.0 0.0
torus 2.5 1.0 0.0 6.283185307179586 6.283185307179586
boolean common 93
op 92
frame 0.0 2.5 0.0 1.0 0.0 0.0 0.0 1.0 0.0
torus 1.25 0.5 0.0 6.283185307179586 6.283185307179586
end
case tori_side_cut 1e-07
op 91
frame 0.0 0.0 0.0 0.0 0.0 1.0 1.0 0.0 0.0
torus 2.5 1.0 0.0 6.283185307179586 6.283185307179586
boolean cut 93
op 92
frame 2.5 0.0 0.125 0.0 0.0 1.0 1.0 0.0 0.0
torus 2.5 0.75 0.0 6.283185307179586 6.283185307179586
end
case tori_side_common 1e-07
op 91
frame 0.0 0.0 0.0 0.0 0.0 1.0 1.0 0.0 0.0
torus 2.5 1.0 0.0 6.283185307179586 6.283185307179586
boolean common 93
op 92
frame 2.5 0.0 0.125 0.0 0.0 1.0 1.0 0.0 0.0
torus 2.5 0.75 0.0 6.283185307179586 6.283185307179586
end
case tori_cross_cut 1e-07
op 91
frame 0.0 0.0 0.0 0.0 0.0 1.0 1.0 0.0 0.0
torus 2.5 1.0 0.0 6.283185307179586 6.283185307179586
boolean cut 93
op 92
frame 0.0 4.25 0.0 1.0 0.0 0.0 0.0 1.0 0.0
torus 2.5 0.75 0.0 6.283185307179586 6.283185307179586
end
case tori_cross_common 1e-07
op 91
frame 0.0 0.0 0.0 0.0 0.0 1.0 1.0 0.0 0.0
torus 2.5 1.0 0.0 6.283185307179586 6.283185307179586
boolean common 93
op 92
frame 0.0 4.25 0.0 1.0 0.0 0.0 0.0 1.0 0.0
torus 2.5 0.75 0.0 6.283185307179586 6.283185307179586
end
case pin_hole_fuse 1e-07
op 91
frame 0.0 0.0 0.0 0.0 0.0 1.0 1.0 0.0 0.0
torus 2.5 1.0 0.0 6.283185307179586 6.283185307179586
boolean fuse 93
op 92
frame 0.0 0.0 0.0 0.0 0.0 1.0 1.0 0.0 0.0
offsets -2.0 2.0
boundary C 0.0 0.0 1.25
end
case pin_hole_common 1e-07
op 91
frame 0.0 0.0 0.0 0.0 0.0 1.0 1.0 0.0 0.0
torus 2.5 1.0 0.0 6.283185307179586 6.283185307179586
boolean common 93
op 92
frame 0.0 0.0 0.0 0.0 0.0 1.0 1.0 0.0 0.0
offsets -2.0 2.0
boundary C 0.0 0.0 1.25
end
case ball_hole_fuse 1e-07
op 91
frame 0.0 0.0 0.0 0.0 0.0 1.0 1.0 0.0 0.0
torus 2.5 1.0 0.0 6.283185307179586 6.283185307179586
boolean fuse 93
op 92
frame 0.0 0.0 0.0 0.0 0.0 1.0 1.0 0.0 0.0
sphere 1.25 -1.5707963267948966 1.5707963267948966
end
case pipe_equator_fuse 1e-07
op 91
frame 0.0 0.0 0.0 0.0 0.0 1.0 1.0 0.0 0.0
torus 2.5 1.0 0.0 6.283185307179586 6.283185307179586
boolean fuse 93
op 92
frame 0.0 0.0 0.0 0.0 0.0 1.0 1.0 0.0 0.0
offsets -2.0 2.0
boundary C 0.0 0.0 3.5
end
case ball_touch_fuse 1e-07
op 91
frame 0.0 0.0 0.0 0.0 0.0 1.0 1.0 0.0 0.0
torus 2.5 1.0 0.0 6.283185307179586 6.283185307179586
boolean fuse 93
op 92
frame 4.0 0.0 0.0 0.0 0.0 1.0 1.0 0.0 0.0
sphere 0.5 -1.5707963267948966 1.5707963267948966
end
case tori_kiss_fuse 1e-07
op 91
frame 0.0 0.0 0.0 0.0 0.0 1.0 1.0 0.0 0.0
torus 2.5 1.0 0.0 6.283185307179586 6.283185307179586
boolean fuse 93
op 92
frame 0.0 0.0 0.0 0.0 0.0 1.0 1.0 0.0 0.0
torus 4.25 0.75 0.0 6.283185307179586 6.283185307179586
end
case pipe_tilt_common 1e-07
op 91
frame 0.0 0.0 0.0 0.0 3.0 4.0 1.0 0.0 0.0
torus 2.5 1.0 0.0 6.283185307179586 6.283185307179586
boolean common 93
op 92
frame 0.0 0.0 0.0 0.0 3.0 4.0 1.0 0.0 0.0
offsets -2.0 2.0
boundary C 0.0 0.0 1.75
end
case ball_tilt_cut 1e-07
op 91
frame 0.0 0.0 0.0 0.0 3.0 4.0 1.0 0.0 0.0
torus 2.5 1.0 0.0 6.283185307179586 6.283185307179586
boolean cut 93
op 92
frame 2.5 0.6 0.8 0.0 0.0 1.0 1.0 0.0 0.0
sphere 0.75 -1.5707963267948966 1.5707963267948966
end
