case bulge_ball_fuse 1e-07
op 91
frame 0.0 0.0 0.0 0.0 0.0 1.0 1.0 0.0 0.0
offsets 0.0 3.0
boundary S 4 0.0 0.0 L 10.0 0.0 B 2 3 10.0 0.0 12.0 3.0 10.0 6.0 2 0.0 1.0 3 3 10.0 6.0 L 0.0 6.0 L
boolean fuse 93
op 92
frame 11.125 3.0 1.5 0.0 0.0 1.0 1.0 0.0 0.0
sphere 1.0 -1.5707963267948966 1.5707963267948966
end
case bulge_ball_cut 1e-07
op 91
frame 0.0 0.0 0.0 0.0 0.0 1.0 1.0 0.0 0.0
offsets 0.0 3.0
boundary S 4 0.0 0.0 L 10.0 0.0 B 2 3 10.0 0.0 12.0 3.0 10.0 6.0 2 0.0 1.0 3 3 10.0 6.0 L 0.0 6.0 L
boolean cut 93
op 92
frame 11.125 3.0 1.5 0.0 0.0 1.0 1.0 0.0 0.0
sphere 1.0 -1.5707963267948966 1.5707963267948966
end
case bulge_ball_common 1e-07
op 91
frame 0.0 0.0 0.0 0.0 0.0 1.0 1.0 0.0 0.0
offsets 0.0 3.0
boundary S 4 0.0 0.0 L 10.0 0.0 B 2 3 10.0 0.0 12.0 3.0 10.0 6.0 2 0.0 1.0 3 3 10.0 6.0 L 0.0 6.0 L
boolean common 93
op 92
frame 11.125 3.0 1.5 0.0 0.0 1.0 1.0 0.0 0.0
sphere 1.0 -1.5707963267948966 1.5707963267948966
end
case lens_ball_fuse 1e-07
op 91
frame 0.0 0.0 0.0 0.0 0.0 1.0 1.0 0.0 0.0
offsets 0.0 4.0
boundary S 2 3.0 5.0 B 3 4 3.0 5.0 4.0 2.0 6.0 2.0 7.0 5.0 2 0.0 1.0 4 4 7.0 5.0 B 3 4 7.0 5.0 6.0 8.0 4.0 8.0 3.0 5.0 2 0.0 1.0 4 4
boolean fuse 93
op 92
frame 5.0 2.875 2.0 0.0 0.0 1.0 1.0 0.0 0.0
sphere 0.8 -1.5707963267948966 1.5707963267948966
end
case lens_ball_cut 1e-07
op 91
frame 0.0 0.0 0.0 0.0 0.0 1.0 1.0 0.0 0.0
offsets 0.0 4.0
boundary S 2 3.0 5.0 B 3 4 3.0 5.0 4.0 2.0 6.0 2.0 7.0 5.0 2 0.0 1.0 4 4 7.0 5.0 B 3 4 7.0 5.0 6.0 8.0 4.0 8.0 3.0 5.0 2 0.0 1.0 4 4
boolean cut 93
op 92
frame 5.0 2.875 2.0 0.0 0.0 1.0 1.0 0.0 0.0
sphere 0.8 -1.5707963267948966 1.5707963267948966
end
case lens_ball_common 1e-07
op 91
frame 0.0 0.0 0.0 0.0 0.0 1.0 1.0 0.0 0.0
offsets 0.0 4.0
boundary S 2 3.0 5.0 B 3 4 3.0 5.0 4.0 2.0 6.0 2.0 7.0 5.0 2 0.0 1.0 4 4 7.0 5.0 B 3 4 7.0 5.0 6.0 8.0 4.0 8.0 3.0 5.0 2 0.0 1.0 4 4
boolean common 93
op 92
frame 5.0 2.875 2.0 0.0 0.0 1.0 1.0 0.0 0.0
sphere 0.8 -1.5707963267948966 1.5707963267948966
end
case blob_cap_ball_fuse 1e-07
op 91
frame 0.0 0.0 0.0 0.0 0.0 1.0 1.0 0.0 0.0
offsets 0.0 3.0
boundary S 4 4.0 0.0 B 3 4 4.0 0.0 1.5 0.0 0.0 1.5 0.0 4.0 2 0.0 1.0 4 4 0.0 4.0 B 3 4 0.0 4.0 0.0 6.5 1.5 8.0 4.0 8.0 2 0.0 1.0 4 4 4.0 8.0 B 3 4 4.0 8.0 6.5 8.0 8.0 6.5 8.0 4.0 2 0.0 1.0 4 4 8.0 4.0 B 3 4 8.0 4.0 8.0 1.5 6.5 0.0 4.0 0.0 2 0.0 1.0 4 4
boolean fuse 93
op 92
frame 8.125 4.0 2.625 0.0 0.0 1.0 1.0 0.0 0.0
sphere 1.0 -1.5707963267948966 1.5707963267948966
end
case blob_cap_ball_cut 1e-07
op 91
frame 0.0 0.0 0.0 0.0 0.0 1.0 1.0 0.0 0.0
offsets 0.0 3.0
boundary S 4 4.0 0.0 B 3 4 4.0 0.0 1.5 0.0 0.0 1.5 0.0 4.0 2 0.0 1.0 4 4 0.0 4.0 B 3 4 0.0 4.0 0.0 6.5 1.5 8.0 4.0 8.0 2 0.0 1.0 4 4 4.0 8.0 B 3 4 4.0 8.0 6.5 8.0 8.0 6.5 8.0 4.0 2 0.0 1.0 4 4 8.0 4.0 B 3 4 8.0 4.0 8.0 1.5 6.5 0.0 4.0 0.0 2 0.0 1.0 4 4
boolean cut 93
op 92
frame 8.125 4.0 2.625 0.0 0.0 1.0 1.0 0.0 0.0
sphere 1.0 -1.5707963267948966 1.5707963267948966
end
case blob_cap_ball_common 1e-07
op 91
frame 0.0 0.0 0.0 0.0 0.0 1.0 1.0 0.0 0.0
offsets 0.0 3.0
boundary S 4 4.0 0.0 B 3 4 4.0 0.0 1.5 0.0 0.0 1.5 0.0 4.0 2 0.0 1.0 4 4 0.0 4.0 B 3 4 0.0 4.0 0.0 6.5 1.5 8.0 4.0 8.0 2 0.0 1.0 4 4 4.0 8.0 B 3 4 4.0 8.0 6.5 8.0 8.0 6.5 8.0 4.0 2 0.0 1.0 4 4 8.0 4.0 B 3 4 8.0 4.0 8.0 1.5 6.5 0.0 4.0 0.0 2 0.0 1.0 4 4
boolean common 93
op 92
frame 8.125 4.0 2.625 0.0 0.0 1.0 1.0 0.0 0.0
sphere 1.0 -1.5707963267948966 1.5707963267948966
end
case knot_tilt_ball_fuse 1e-07
op 91
frame 0.0 0.0 0.0 0.0 3.0 4.0 1.0 0.0 0.0
offsets 0.0 3.0
boundary S 4 0.0 0.0 L 10.0 0.0 L 10.0 2.0 B 2 5 10.0 2.0 7.0 3.0 5.0 4.0 3.0 5.0 0.0 6.0 3 0.0 1.0 2.0 3 2 3 0.0 6.0 L
boolean fuse 93
op 92
frame 2.75 5.0 -1.8749999999999991 0.0 0.0 1.0 1.0 0.0 0.0
sphere 0.75 -1.5707963267948966 1.5707963267948966
end
case knot_tilt_ball_cut 1e-07
op 91
frame 0.0 0.0 0.0 0.0 3.0 4.0 1.0 0.0 0.0
offsets 0.0 3.0
boundary S 4 0.0 0.0 L 10.0 0.0 L 10.0 2.0 B 2 5 10.0 2.0 7.0 3.0 5.0 4.0 3.0 5.0 0.0 6.0 3 0.0 1.0 2.0 3 2 3 0.0 6.0 L
boolean cut 93
op 92
frame 2.75 5.0 -1.8749999999999991 0.0 0.0 1.0 1.0 0.0 0.0
sphere 0.75 -1.5707963267948966 1.5707963267948966
end
case knot_tilt_ball_common 1e-07
op 91
frame 0.0 0.0 0.0 0.0 3.0 4.0 1.0 0.0 0.0
offsets 0.0 3.0
boundary S 4 0.0 0.0 L 10.0 0.0 L 10.0 2.0 B 2 5 10.0 2.0 7.0 3.0 5.0 4.0 3.0 5.0 0.0 6.0 3 0.0 1.0 2.0 3 2 3 0.0 6.0 L
boolean common 93
op 92
frame 2.75 5.0 -1.8749999999999991 0.0 0.0 1.0 1.0 0.0 0.0
sphere 0.75 -1.5707963267948966 1.5707963267948966
end
case ball_wave_fuse 1e-07
op 91
frame 6.5 6.625 1.5 0.0 0.0 1.0 1.0 0.0 0.0
sphere 1.0 -1.5707963267948966 1.5707963267948966
boolean fuse 93
op 92
frame 0.0 0.0 0.0 0.0 0.0 1.0 1.0 0.0 0.0
offsets 0.0 3.0
boundary S 4 0.0 0.0 L 10.0 0.0 L 10.0 6.0 B 2 5 10.0 6.0 8.0 8.0 5.0 5.0 2.0 8.0 0.0 6.0 4 0.0 1.0 2.0 3.0 3 1 1 3 0.0 6.0 L
end
case ball_wave_cut 1e-07
op 91
frame 6.5 6.625 1.5 0.0 0.0 1.0 1.0 0.0 0.0
sphere 1.0 -1.5707963267948966 1.5707963267948966
boolean cut 93
op 92
frame 0.0 0.0 0.0 0.0 0.0 1.0 1.0 0.0 0.0
offsets 0.0 3.0
boundary S 4 0.0 0.0 L 10.0 0.0 L 10.0 6.0 B 2 5 10.0 6.0 8.0 8.0 5.0 5.0 2.0 8.0 0.0 6.0 4 0.0 1.0 2.0 3.0 3 1 1 3 0.0 6.0 L
end
case ball_wave_common 1e-07
op 91
frame 6.5 6.625 1.5 0.0 0.0 1.0 1.0 0.0 0.0
sphere 1.0 -1.5707963267948966 1.5707963267948966
boolean common 93
op 92
frame 0.0 0.0 0.0 0.0 0.0 1.0 1.0 0.0 0.0
offsets 0.0 3.0
boundary S 4 0.0 0.0 L 10.0 0.0 L 10.0 6.0 B 2 5 10.0 6.0 8.0 8.0 5.0 5.0 2.0 8.0 0.0 6.0 4 0.0 1.0 2.0 3.0 3 1 1 3 0.0 6.0 L
end
case dome_ball_fuse 1e-07
op 91
frame 0.0 0.0 0.0 0.0 0.0 1.0 1.0 0.0 0.0
offsets 0.0 3.0
boundary S 2 0.0 0.0 L 4.0 0.0 B 2 3 4.0 0.0 2.0 4.0 0.0 0.0 2 0.0 1.0 3 3
boolean fuse 93
op 92
frame 2.0 0.5 4.25 0.0 0.0 1.0 1.0 0.0 0.0
sphere 3.0 -1.5707963267948966 1.5707963267948966
end
case dome_ball_cut 1e-07
op 91
frame 0.0 0.0 0.0 0.0 0.0 1.0 1.0 0.0 0.0
offsets 0.0 3.0
boundary S 2 0.0 0.0 L 4.0 0.0 B 2 3 4.0 0.0 2.0 4.0 0.0 0.0 2 0.0 1.0 3 3
boolean cut 93
op 92
frame 2.0 0.5 4.25 0.0 0.0 1.0 1.0 0.0 0.0
sphere 3.0 -1.5707963267948966 1.5707963267948966
end
case dome_ball_common 1e-07
op 91
frame 0.0 0.0 0.0 0.0 0.0 1.0 1.0 0.0 0.0
offsets 0.0 3.0
boundary S 2 0.0 0.0 L 4.0 0.0 B 2 3 4.0 0.0 2.0 4.0 0.0 0.0 2 0.0 1.0 3 3
boolean common 93
op 92
frame 2.0 0.5 4.25 0.0 0.0 1.0 1.0 0.0 0.0
sphere 3.0 -1.5707963267948966 1.5707963267948966
end
case tilt_blob_low_fuse 1e-07
op 91
frame 0.0 0.0 0.0 0.0 3.0 4.0 1.0 0.0 0.0
offsets 0.0 3.0
boundary S 4 4.0 0.0 B 3 4 4.0 0.0 1.5 0.0 0.0 1.5 0.0 4.0 2 0.0 1.0 4 4 0.0 4.0 B 3 4 0.0 4.0 0.0 6.5 1.5 8.0 4.0 8.0 2 0.0 1.0 4 4 4.0 8.0 B 3 4 4.0 8.0 6.5 8.0 8.0 6.5 8.0 4.0 2 0.0 1.0 4 4 8.0 4.0 B 3 4 8.0 4.0 8.0 1.5 6.5 0.0 4.0 0.0 2 0.0 1.0 4 4
boolean fuse 93
op 92
frame 7.875 2.8000000000000003 -3.3499999999999996 0.0 0.0 1.0 1.0 0.0 0.0
sphere 2.0 -1.5707963267948966 1.5707963267948966
end
case tilt_blob_low_cut 1e-07
op 91
frame 0.0 0.0 0.0 0.0 3.0 4.0 1.0 0.0 0.0
offsets 0.0 3.0
boundary S 4 4.0 0.0 B 3 4 4.0 0.0 1.5 0.0 0.0 1.5 0.0 4.0 2 0.0 1.0 4 4 0.0 4.0 B 3 4 0.0 4.0 0.0 6.5 1.5 8.0 4.0 8.0 2 0.0 1.0 4 4 4.0 8.0 B 3 4 4.0 8.0 6.5 8.0 8.0 6.5 8.0 4.0 2 0.0 1.0 4 4 8.0 4.0 B 3 4 8.0 4.0 8.0 1.5 6.5 0.0 4.0 0.0 2 0.0 1.0 4 4
boolean cut 93
op 92
frame 7.875 2.8000000000000003 -3.3499999999999996 0.0 0.0 1.0 1.0 0.0 0.0
sphere 2.0 -1.5707963267948966 1.5707963267948966
end
case tilt_blob_low_common 1e-07
op 91
frame 0.0 0.0 0.0 0.0 3.0 4.0 1.0 0.0 0.0
offsets 0.0 3.0
boundary S 4 4.0 0.0 B 3 4 4.0 0.0 1.5 0.0 0.0 1.5 0.0 4.0 2 0.0 1.0 4 4 0.0 4.0 B 3 4 0.0 4.0 0.0 6.5 1.5 8.0 4.0 8.0 2 0.0 1.0 4 4 4.0 8.0 B 3 4 4.0 8.0 6.5 8.0 8.0 6.5 8.0 4.0 2 0.0 1.0 4 4 8.0 4.0 B 3 4 8.0 4.0 8.0 1.5 6.5 0.0 4.0 0.0 2 0.0 1.0 4 4
boolean common 93
op 92
frame 7.875 2.8000000000000003 -3.3499999999999996 0.0 0.0 1.0 1.0 0.0 0.0
sphere 2.0 -1.5707963267948966 1.5707963267948966
end
case hemi_bulge_fuse 1e-07
op 91
frame 0.0 0.0 0.0 0.0 0.0 1.0 1.0 0.0 0.0
offsets 0.0 3.0
boundary S 4 0.0 0.0 L 10.0 0.0 B 2 3 10.0 0.0 12.0 3.0 10.0 6.0 2 0.0 1.0 3 3 10.0 6.0 L 0.0 6.0 L
boolean fuse 93
op 92
frame 11.25 3.0 -0.5 0.0 0.0 1.0 1.0 0.0 0.0
sphere 1.5 0.0 1.5707963267948966
end
case hemi_bulge_cut 1e-07
op 91
frame 0.0 0.0 0.0 0.0 0.0 1.0 1.0 0.0 0.0
offsets 0.0 3.0
boundary S 4 0.0 0.0 L 10.0 0.0 B 2 3 10.0 0.0 12.0 3.0 10.0 6.0 2 0.0 1.0 3 3 10.0 6.0 L 0.0 6.0 L
boolean cut 93
op 92
frame 11.25 3.0 -0.5 0.0 0.0 1.0 1.0 0.0 0.0
sphere 1.5 0.0 1.5707963267948966
end
case hemi_bulge_common 1e-07
op 91
frame 0.0 0.0 0.0 0.0 0.0 1.0 1.0 0.0 0.0
offsets 0.0 3.0
boundary S 4 0.0 0.0 L 10.0 0.0 B 2 3 10.0 0.0 12.0 3.0 10.0 6.0 2 0.0 1.0 3 3 10.0 6.0 L 0.0 6.0 L
boolean common 93
op 92
frame 11.25 3.0 -0.5 0.0 0.0 1.0 1.0 0.0 0.0
sphere 1.5 0.0 1.5707963267948966
end
case side_hemi_bulge_fuse 1e-07
op 91
frame 0.0 0.0 0.0 0.0 0.0 1.0 1.0 0.0 0.0
offsets 0.0 3.0
boundary S 4 0.0 0.0 L 10.0 0.0 B 2 3 10.0 0.0 12.0 3.0 10.0 6.0 2 0.0 1.0 3 3 10.0 6.0 L 0.0 6.0 L
boolean fuse 93
op 92
frame 10.6 4.6 1.5 1.0 0.0 0.0 0.0 1.0 0.0
sphere 0.9 0.0 1.5707963267948966
end
case side_hemi_bulge_cut 1e-07
op 91
frame 0.0 0.0 0.0 0.0 0.0 1.0 1.0 0.0 0.0
offsets 0.0 3.0
boundary S 4 0.0 0.0 L 10.0 0.0 B 2 3 10.0 0.0 12.0 3.0 10.0 6.0 2 0.0 1.0 3 3 10.0 6.0 L 0.0 6.0 L
boolean cut 93
op 92
frame 10.6 4.6 1.5 1.0 0.0 0.0 0.0 1.0 0.0
sphere 0.9 0.0 1.5707963267948966
end
case side_hemi_bulge_common 1e-07
op 91
frame 0.0 0.0 0.0 0.0 0.0 1.0 1.0 0.0 0.0
offsets 0.0 3.0
boundary S 4 0.0 0.0 L 10.0 0.0 B 2 3 10.0 0.0 12.0 3.0 10.0 6.0 2 0.0 1.0 3 3 10.0 6.0 L 0.0 6.0 L
boolean common 93
op 92
frame 10.6 4.6 1.5 1.0 0.0 0.0 0.0 1.0 0.0
sphere 0.9 0.0 1.5707963267948966
end
case dome_touch_cut 1e-07
op 91
frame 0.0 0.0 0.0 0.0 0.0 1.0 1.0 0.0 0.0
offsets 0.0 3.0
boundary S 2 0.0 0.0 L 4.0 0.0 B 2 3 4.0 0.0 2.0 4.0 0.0 0.0 2 0.0 1.0 3 3
boolean cut 93
op 92
frame 2.0 3.0 1.5 0.0 0.0 1.0 1.0 0.0 0.0
sphere 1.0 -1.5707963267948966 1.5707963267948966
end
case dome_touch_common 1e-07
op 91
frame 0.0 0.0 0.0 0.0 0.0 1.0 1.0 0.0 0.0
offsets 0.0 3.0
boundary S 2 0.0 0.0 L 4.0 0.0 B 2 3 4.0 0.0 2.0 4.0 0.0 0.0 2 0.0 1.0 3 3
boolean common 93
op 92
frame 2.0 3.0 1.5 0.0 0.0 1.0 1.0 0.0 0.0
sphere 1.0 -1.5707963267948966 1.5707963267948966
end
case knot_turn_cut 1e-07
op 91
frame 0.0 0.0 0.0 0.0 0.0 1.0 1.0 0.0 0.0
offsets 0.0 3.0
boundary S 4 0.0 0.0 L 10.0 0.0 L 10.0 2.0 B 2 5 10.0 2.0 7.0 3.0 5.0 4.0 3.0 5.0 0.0 6.0 3 0.0 1.0 2.0 3 2 3 0.0 6.0 L
boolean cut 93
op 92
frame 6.5 6.0 1.5 0.0 0.0 1.0 1.0 0.0 0.0
sphere 2.5 -1.5707963267948966 1.5707963267948966
end
case knot_turn_common 1e-07
op 91
frame 0.0 0.0 0.0 0.0 0.0 1.0 1.0 0.0 0.0
offsets 0.0 3.0
boundary S 4 0.0 0.0 L 10.0 0.0 L 10.0 2.0 B 2 5 10.0 2.0 7.0 3.0 5.0 4.0 3.0 5.0 0.0 6.0 3 0.0 1.0 2.0 3 2 3 0.0 6.0 L
boolean common 93
op 92
frame 6.5 6.0 1.5 0.0 0.0 1.0 1.0 0.0 0.0
sphere 2.5 -1.5707963267948966 1.5707963267948966
end
case cap_turn_cut 1e-07
op 91
frame 0.0 0.0 0.0 0.0 0.0 1.0 1.0 0.0 0.0
offsets 0.0 3.0
boundary S 4 0.0 0.0 L 10.0 0.0 B 2 3 10.0 0.0 12.0 3.0 10.0 6.0 2 0.0 1.0 3 3 10.0 6.0 L 0.0 6.0 L
boolean cut 93
op 92
frame 11.0 3.0 3.0 0.0 0.0 1.0 1.0 0.0 0.0
sphere 1.0 -1.5707963267948966 1.5707963267948966
end
case cap_turn_common 1e-07
op 91
frame 0.0 0.0 0.0 0.0 0.0 1.0 1.0 0.0 0.0
offsets 0.0 3.0
boundary S 4 0.0 0.0 L 10.0 0.0 B 2 3 10.0 0.0 12.0 3.0 10.0 6.0 2 0.0 1.0 3 3 10.0 6.0 L 0.0 6.0 L
boolean common 93
op 92
frame 11.0 3.0 3.0 0.0 0.0 1.0 1.0 0.0 0.0
sphere 1.0 -1.5707963267948966 1.5707963267948966
end
