write post imported/deep_post.brep
plane 4.875 3.125 -1.25 0.0 0.0 1.0 0.47058823529411764 0.8823529411764706 -0.0
wire C 4.875 3.125 -1.25 4.0
prism 0.0 0.0 6.0
boolean cut
plane 4.875 3.125 1.75 0.0 0.0 1.0 0.47058823529411764 0.8823529411764706 -0.0
wire P 4 5.904411764705882 -0.2573529411764708 1.75 8.257352941176471 4.154411764705882 1.75 3.8455882352941178 6.507352941176471 1.75 1.492647058823529 2.0955882352941178 1.75
wire P 4 5.286764705882353 1.7720588235294117 1.75 6.227941176470589 3.5367647058823533 1.75 4.463235294117647 4.477941176470589 1.75 3.5220588235294117 2.713235294117647 1.75
prism 0.0 0.0 4.0
end
write well imported/deep_well.brep
plane 1.0 -1.0 0.0 0.0 0.0 1.0 0.9230769230769231 0.38461538461538464 -0.0
wire C 1.0 -1.0 0.0 4.0
prism 0.0 0.0 6.5
boolean cut
plane 1.0 -1.0 2.5 0.0 0.0 1.0 0.9230769230769231 0.38461538461538464 -0.0
wire P 4 -0.34615384615384637 -4.26923076923077 2.5 4.269230769230769 -2.3461538461538463 2.5 2.3461538461538463 2.2692307692307696 2.5 -2.2692307692307696 0.34615384615384626 2.5
wire P 8 0.1923076923076924 -2.9615384615384617 2.5 2.9615384615384617 -1.8076923076923075 2.5 2.576923076923077 -0.8846153846153846 2.5 0.7307692307692307 -1.6538461538461537 2.5 0.34615384615384615 -0.7307692307692307 2.5 2.192307692307692 0.03846153846153855 2.5 1.8076923076923075 0.9615384615384616 2.5 -0.9615384615384616 -0.1923076923076925 2.5
prism 0.0 0.0 5.0
end
