write boss imported/form_boss.brep
plane 0.0 0.0 0.0 0.0 1.0 0.0 0.0 0.0 1.0
wire P 4 0.0 0.0 0.0 0.0 0.0 10.0 10.0 0.0 10.0 10.0 0.0 0.0
prism 0.0 8.0 0.0
boolean fuse
plane 0.0 -4.0 0.0 0.0 1.0 0.0 0.0 0.0 1.0
wire C 4.0 -4.0 6.0 2.5
prism 0.0 4.0 0.0
end
write scoop imported/form_scoop.brep
plane 1.0 2.0 0.5 0.4444444444444444 0.1111111111111111 0.8888888888888888 -0.7777777777777778 -0.4444444444444445 0.4444444444444445
wire P 4 1.0 2.0 0.5 -8.333333333333334 -3.333333333333334 5.833333333333334 -5.666666666666668 -8.666666666666668 5.166666666666667 3.6666666666666665 -3.333333333333333 -0.16666666666666663
prism 2.6666666666666665 0.6666666666666666 5.333333333333333
boolean cut
sphere 0.33333333333333237 -2.666666666666667 8.166666666666666 0.4444444444444444 -0.8888888888888888 -0.1111111111111111 0.4444444444444444 0.1111111111111111 0.8888888888888888 4.5 -1.5707963267948966 1.5707963267948966
end
write slot imported/form_slot.brep
plane 4.0 1.25 2.5 0.0 0.0 1.0 1.0 0.0 0.0
wire P 4 4.0 1.25 2.5 12.0 1.25 2.5 12.0 7.25 2.5 4.0 7.25 2.5
prism 0.0 0.0 4.0
boolean cut
plane 3.0 1.25 2.5 1.0 0.0 0.0 0.0 1.0 0.0
wire C 3.0 4.25 7.0 1.25
prism 6.0 0.0 0.0
end
write dimple imported/form_dimple.brep
plane 1.0 2.0 0.5 0.8888888888888888 0.4444444444444444 0.1111111111111111 -0.1111111111111111 0.4444444444444444 -0.8888888888888888
wire P 4 1.0 2.0 0.5 0.11111111111111116 5.555555555555555 -6.611111111111111 -3.4444444444444446 11.777777777777779 -3.055555555555555 -2.555555555555556 8.222222222222221 4.055555555555555
prism 3.5555555555555554 1.7777777777777777 0.4444444444444444
boolean cut
sphere 3.666666666666666 9.333333333333334 -0.6666666666666664 0.8888888888888888 0.4444444444444444 0.1111111111111111 -0.1111111111111111 0.4444444444444444 -0.8888888888888888 2.5 -1.5707963267948966 1.5707963267948966
end
write ball_boss imported/form_ball_boss.brep
plane 0.5 1.0 1.5 0.4444444444444444 0.4444444444444444 0.7777777777777778 0.1111111111111111 -0.8888888888888888 0.4444444444444444
wire P 4 0.5 1.0 1.5 1.3888888888888888 -6.111111111111111 5.055555555555555 8.5 -7.0 1.5 7.611111111111111 0.11111111111111116 -2.0555555555555554
prism 1.7777777777777777 1.7777777777777777 3.111111111111111
boolean fuse
sphere 5.833333333333333 -1.6666666666666663 3.833333333333334 0.4444444444444444 0.4444444444444444 0.7777777777777778 0.1111111111111111 -0.8888888888888888 0.4444444444444444 2.5 -1.5707963267948966 1.5707963267948966
end
write sink imported/form_sink.brep
plane 2.0 1.0 0.5 0.4444444444444444 0.1111111111111111 0.8888888888888888 -0.7777777777777778 -0.4444444444444445 0.4444444444444445
wire P 4 2.0 1.0 0.5 -4.222222222222222 -2.555555555555556 4.055555555555555 -0.666666666666667 -9.666666666666666 3.1666666666666665 5.555555555555555 -6.111111111111111 -0.38888888888888884
prism 1.7777777777777777 0.4444444444444444 3.5555555555555554
boolean cut
cone 0.22222222222222165 -4.444444444444445 0.9444444444444446 0.4444444444444444 0.1111111111111111 0.8888888888888888 -0.7777777777777778 -0.4444444444444445 0.4444444444444445 1.0 3.0 6.0
end
write bite imported/form_bite.brep
plane 0.0 0.0 0.0 0.0 0.0 1.0 1.0 0.0 0.0
wire C 4.0 3.0 0.0 3.0
prism 0.0 0.0 6.0
boolean cut
plane 0.0 0.0 2.0 0.0 0.0 1.0 1.0 0.0 0.0
wire P 4 5.0 4.0 2.0 12.0 4.0 2.0 12.0 12.0 2.0 5.0 12.0 2.0
prism 0.0 0.0 2.5
end
write notch imported/form_notch.brep
plane 0.0 0.0 0.0 0.0 0.0 1.0 1.0 0.0 0.0
wire P 4 0.0 0.0 0.0 8.0 0.0 0.0 8.0 6.0 0.0 0.0 6.0 0.0
prism 0.0 0.0 3.0
boolean cut
plane 0.0 0.0 -1.0 0.0 0.0 1.0 -1.0 0.0 0.0
wire C 0.0 3.0 -1.0 3.0
prism 0.0 0.0 5.0
end
write quarter imported/form_quarter.brep
cone 1.0 1.0 1.0 0.0 0.0 1.0 0.7071067811865476 0.7071067811865476 -0.0 2.0 1.0 2.0
boolean cut
plane 1.0 1.0 0.0 0.0 0.0 1.0 1.0 0.0 0.0
wire P 4 1.0 1.0 0.0 6.0 1.0 0.0 6.0 6.0 0.0 1.0 6.0 0.0
prism 0.0 0.0 4.0
end
