case bulge_rect_fuse 1e-07
op 91
frame 0.0 0.0 0.0 0.0 0.0 1.0 1.0 0.0 0.0
offsets 0.0 5.0
boundary S 4 0.0 0.0 L 10.0 0.0 B 2 3 10.0 0.0 12.0 3.0 10.0 6.0 2 0.0 1.0 3 3 10.0 6.0 L 0.0 6.0 L
boolean fuse 93
op 92
frame 9.0 -1.0 0.0 0.0 0.0 1.0 1.0 0.0 0.0
offsets 0.0 5.0
boundary P 4 0.0 0.0 4.0 0.0 4.0 3.0 0.0 3.0
end
case bulge_rect_cut_tilted 1e-07
op 91
frame 1.0 -2.0 0.5 0.0 3.0 4.0 1.0 0.0 0.0
offsets 0.0 5.0
boundary S 4 0.0 0.0 L 10.0 0.0 B 2 3 10.0 0.0 12.0 3.0 10.0 6.0 2 0.0 1.0 3 3 10.0 6.0 L 0.0 6.0 L
boolean cut 93
op 92
frame 1.0 -2.0 0.5 0.0 3.0 4.0 1.0 0.0 0.0
offsets -1.0 6.0
boundary P 4 9.0 -1.0 13.0 -1.0 13.0 2.0 9.0 2.0
end
case dome_rect_common 1e-07
op 91
frame 0.0 0.0 0.0 0.0 0.0 1.0 1.0 0.0 0.0
offsets 0.0 5.0
boundary S 2 0.0 0.0 L 4.0 0.0 B 2 3 4.0 0.0 2.0 4.0 0.0 0.0 2 0.0 1.0 3 3
boolean common 93
op 92
frame 0.0 0.0 0.0 0.0 0.0 1.0 1.0 0.0 0.0
offsets -1.0 6.0
boundary P 4 -1.0 -1.0 5.0 -1.0 5.0 1.0 -1.0 1.0
end
case dome_bar_cut 1e-07
op 91
frame 0.0 0.0 0.0 0.0 0.0 1.0 1.0 0.0 0.0
offsets 0.0 5.0
boundary S 2 0.0 0.0 L 4.0 0.0 B 2 3 4.0 0.0 2.0 4.0 0.0 0.0 2 0.0 1.0 3 3
boolean cut 93
op 92
frame 0.0 0.0 0.0 0.0 0.0 1.0 1.0 0.0 0.0
offsets -1.0 6.0
boundary P 4 1.5 -1.0 2.5 -1.0 2.5 5.0 1.5 5.0
end
case straight_spline_rects_fuse 1e-07
op 91
frame 0.0 0.0 0.0 0.0 0.0 1.0 1.0 0.0 0.0
offsets 0.0 5.0
boundary S 4 0.0 0.0 B 2 3 0.0 0.0 5.0 0.0 10.0 0.0 2 0.0 1.0 3 3 10.0 0.0 B 3 5 10.0 0.0 10.0 2.5 10.0 5.0 10.0 7.5 10.0 10.0 3 0.0 1.0 2.0 4 1 4 10.0 10.0 L 0.0 10.0 L
boolean fuse 93
op 92
frame 5.0 5.0 0.0 0.0 0.0 1.0 1.0 0.0 0.0
offsets 0.0 5.0
boundary P 4 0.0 0.0 10.0 0.0 10.0 10.0 0.0 10.0
end
case wave_bar_common_tilted 1e-07
op 91
frame 1.0 -2.0 0.5 0.0 3.0 4.0 1.0 0.0 0.0
offsets 0.0 5.0
boundary S 4 0.0 0.0 L 10.0 0.0 L 10.0 6.0 B 2 5 10.0 6.0 8.0 8.0 5.0 5.0 2.0 8.0 0.0 6.0 4 0.0 1.0 2.0 3.0 3 1 1 3 0.0 6.0 L
boolean common 93
op 92
frame 1.0 -2.0 0.5 0.0 3.0 4.0 1.0 0.0 0.0
offsets -1.0 6.0
boundary P 4 4.0 -1.0 6.0 -1.0 6.0 9.0 4.0 9.0
end
case bulge_disc_cut 1e-07
op 91
frame 0.0 0.0 0.0 0.0 0.0 1.0 1.0 0.0 0.0
offsets 0.0 5.0
boundary S 4 0.0 0.0 L 10.0 0.0 B 2 3 10.0 0.0 12.0 3.0 10.0 6.0 2 0.0 1.0 3 3 10.0 6.0 L 0.0 6.0 L
boolean cut 93
op 92
frame 11.0 3.0 0.0 0.0 0.0 1.0 1.0 0.0 0.0
offsets -1.0 6.0
boundary C 0.0 0.0 1.5
end
case blob_disc_common_tilted 1e-07
op 91
frame 1.0 -2.0 0.5 0.0 3.0 4.0 1.0 0.0 0.0
offsets 0.0 5.0
boundary S 4 4.0 0.0 B 3 4 4.0 0.0 1.5 0.0 0.0 1.5 0.0 4.0 2 0.0 1.0 4 4 0.0 4.0 B 3 4 0.0 4.0 0.0 6.5 1.5 8.0 4.0 8.0 2 0.0 1.0 4 4 4.0 8.0 B 3 4 4.0 8.0 6.5 8.0 8.0 6.5 8.0 4.0 2 0.0 1.0 4 4 8.0 4.0 B 3 4 8.0 4.0 8.0 1.5 6.5 0.0 4.0 0.0 2 0.0 1.0 4 4
boolean common 93
op 92
frame 1.0 -2.0 0.5 0.0 3.0 4.0 1.0 0.0 0.0
offsets -1.0 6.0
boundary C 8.0 5.0 2.0
end
case capsule_disc_fuse 1e-07
op 91
frame 0.0 0.0 0.0 0.0 0.0 1.0 1.0 0.0 0.0
offsets 0.0 2.0
boundary S 4 0.0 -1.0 L 3.0 -1.0 A 3.0 0.0 1.0 1 3.0 1.0 L 0.0 1.0 B 3 6 0.0 1.0 -1.0 1.0 -1.5 0.5 -1.5 -0.5 -1.0 -1.0 0.0 -1.0 3 0.0 1.0 2.0 4 2 4
boolean fuse 93
op 92
frame 0.0 0.0 0.0 0.0 0.0 1.0 1.0 0.0 0.0
offsets 0.0 2.0
boundary C -1.5 0.0 0.75
end
case capsule_parabola_common 1e-07
op 91
frame 0.0 0.0 0.0 0.0 0.0 1.0 1.0 0.0 0.0
offsets 0.0 2.0
boundary S 4 0.0 -1.0 L 3.0 -1.0 A 3.0 0.0 1.0 1 3.0 1.0 L 0.0 1.0 B 3 6 0.0 1.0 -1.0 1.0 -1.5 0.5 -1.5 -0.5 -1.0 -1.0 0.0 -1.0 3 0.0 1.0 2.0 4 2 4
boolean common 93
op 92
frame 0.0 0.0 0.0 0.0 0.0 1.0 1.0 0.0 0.0
offsets -1.0 3.0
boundary S 2 2.5 -2.0 L 5.5 -2.0 B 2 3 5.5 -2.0 4.0 3.0 2.5 -2.0 2 0.0 1.0 3 3
end
case capsule_parabola_cut_tilted 1e-07
op 91
frame 1.0 -2.0 0.5 0.0 3.0 4.0 1.0 0.0 0.0
offsets 0.0 2.0
boundary S 4 0.0 -1.0 L 3.0 -1.0 A 3.0 0.0 1.0 1 3.0 1.0 L 0.0 1.0 B 3 6 0.0 1.0 -1.0 1.0 -1.5 0.5 -1.5 -0.5 -1.0 -1.0 0.0 -1.0 3 0.0 1.0 2.0 4 2 4
boolean cut 93
op 92
frame 1.0 -2.0 0.5 0.0 3.0 4.0 1.0 0.0 0.0
offsets -1.0 3.0
boundary S 2 2.5 -2.0 L 5.5 -2.0 B 2 3 5.5 -2.0 4.0 3.0 2.5 -2.0 2 0.0 1.0 3 3
end
case waves_common 1e-07
op 91
frame 0.0 0.0 0.0 0.0 0.0 1.0 1.0 0.0 0.0
offsets 0.0 5.0
boundary S 4 0.0 0.0 L 10.0 0.0 L 10.0 6.0 B 2 5 10.0 6.0 8.0 8.0 5.0 5.0 2.0 8.0 0.0 6.0 4 0.0 1.0 2.0 3.0 3 1 1 3 0.0 6.0 L
boolean common 93
op 92
frame 0.0 0.0 0.0 0.0 0.0 1.0 1.0 0.0 0.0
offsets -1.0 6.0
boundary S 4 11.0 7.0 L 11.0 12.0 L -1.0 12.0 L -1.0 7.0 B 2 5 -1.0 7.0 2.0 5.0 5.0 7.75 8.0 5.0 11.0 7.0 4 0.0 1.0 2.0 3.0 3 1 1 3
end
case waves_fuse_tilted 1e-07
op 91
frame 1.0 -2.0 0.5 0.0 3.0 4.0 1.0 0.0 0.0
offsets 0.0 5.0
boundary S 4 0.0 0.0 L 10.0 0.0 L 10.0 6.0 B 2 5 10.0 6.0 8.0 8.0 5.0 5.0 2.0 8.0 0.0 6.0 4 0.0 1.0 2.0 3.0 3 1 1 3 0.0 6.0 L
boolean fuse 93
op 92
frame 1.0 -2.0 0.5 0.0 3.0 4.0 1.0 0.0 0.0
offsets 0.0 5.0
boundary S 4 11.0 7.0 L 11.0 12.0 L -1.0 12.0 L -1.0 7.0 B 2 5 -1.0 7.0 2.0 5.0 5.0 7.75 8.0 5.0 11.0 7.0 4 0.0 1.0 2.0 3.0 3 1 1 3
end
case waves_at_knots_cut 1e-07
op 91
frame 0.0 0.0 0.0 0.0 0.0 1.0 1.0 0.0 0.0
offsets 0.0 5.0
boundary S 4 0.0 0.0 L 10.0 0.0 L 10.0 6.0 B 2 5 10.0 6.0 8.0 8.0 5.0 5.0 2.0 8.0 0.0 6.0 4 0.0 1.0 2.0 3.0 3 1 1 3 0.0 6.0 L
boolean cut 93
op 92
frame 0.0 0.0 0.0 0.0 0.0 1.0 1.0 0.0 0.0
offsets -1.0 6.0
boundary S 4 11.0 7.0 L 11.0 12.0 L -1.0 12.0 L -1.0 7.0 B 2 5 -1.0 7.0 2.0 5.0 5.0 8.0 8.0 5.0 11.0 7.0 4 0.0 1.0 2.0 3.0 3 1 1 3
end
case blobs_common 1e-07
op 91
frame 0.0 0.0 0.0 0.0 0.0 1.0 1.0 0.0 0.0
offsets 0.0 5.0
boundary S 4 4.0 0.0 B 3 4 4.0 0.0 1.5 0.0 0.0 1.5 0.0 4.0 2 0.0 1.0 4 4 0.0 4.0 B 3 4 0.0 4.0 0.0 6.5 1.5 8.0 4.0 8.0 2 0.0 1.0 4 4 4.0 8.0 B 3 4 4.0 8.0 6.5 8.0 8.0 6.5 8.0 4.0 2 0.0 1.0 4 4 8.0 4.0 B 3 4 8.0 4.0 8.0 1.5 6.5 0.0 4.0 0.0 2 0.0 1.0 4 4
boolean common 93
op 92
frame 0.0 0.0 0.0 0.0 0.0 1.0 1.0 0.0 0.0
offsets -1.0 6.0
boundary S 4 7.0 1.0 B 3 4 7.0 1.0 4.5 1.0 3.0 2.5 3.0 5.0 2 0.0 1.0 4 4 3.0 5.0 B 3 4 3.0 5.0 3.0 7.5 4.5 9.0 7.0 9.0 2 0.0 1.0 4 4 7.0 9.0 B 3 4 7.0 9.0 9.5 9.0 11.0 7.5 11.0 5.0 2 0.0 1.0 4 4 11.0 5.0 B 3 4 11.0 5.0 11.0 2.5 9.5 1.0 7.0 1.0 2 0.0 1.0 4 4
end
case blobs_cut_tilted 1e-07
op 91
frame 1.0 -2.0 0.5 0.0 3.0 4.0 1.0 0.0 0.0
offsets 0.0 5.0
boundary S 4 4.0 0.0 B 3 4 4.0 0.0 1.5 0.0 0.0 1.5 0.0 4.0 2 0.0 1.0 4 4 0.0 4.0 B 3 4 0.0 4.0 0.0 6.5 1.5 8.0 4.0 8.0 2 0.0 1.0 4 4 4.0 8.0 B 3 4 4.0 8.0 6.5 8.0 8.0 6.5 8.0 4.0 2 0.0 1.0 4 4 8.0 4.0 B 3 4 8.0 4.0 8.0 1.5 6.5 0.0 4.0 0.0 2 0.0 1.0 4 4
boolean cut 93
op 92
frame 1.0 -2.0 0.5 0.0 3.0 4.0 1.0 0.0 0.0
offsets -1.0 6.0
boundary S 4 7.0 1.0 B 3 4 7.0 1.0 4.5 1.0 3.0 2.5 3.0 5.0 2 0.0 1.0 4 4 3.0 5.0 B 3 4 3.0 5.0 3.0 7.5 4.5 9.0 7.0 9.0 2 0.0 1.0 4 4 7.0 9.0 B 3 4 7.0 9.0 9.5 9.0 11.0 7.5 11.0 5.0 2 0.0 1.0 4 4 11.0 5.0 B 3 4 11.0 5.0 11.0 2.5 9.5 1.0 7.0 1.0 2 0.0 1.0 4 4
end
case dome_tangent_line_common 1e-07
op 91
frame 0.0 0.0 0.0 0.0 0.0 1.0 1.0 0.0 0.0
offsets 0.0 5.0
boundary S 2 0.0 0.0 L 4.0 0.0 B 2 3 4.0 0.0 2.0 4.0 0.0 0.0 2 0.0 1.0 3 3
boolean common 93
op 92
frame 0.0 0.0 0.0 0.0 0.0 1.0 1.0 0.0 0.0
offsets -1.0 6.0
boundary P 4 1.0 -1.0 3.0 -1.0 3.0 2.0 1.0 2.0
end
case dome_tangent_line_fuse_tilted 1e-07
op 91
frame 1.0 -2.0 0.5 0.0 3.0 4.0 1.0 0.0 0.0
offsets 0.0 5.0
boundary S 2 0.0 0.0 L 4.0 0.0 B 2 3 4.0 0.0 2.0 4.0 0.0 0.0 2 0.0 1.0 3 3
boolean fuse 93
op 92
frame 1.0 -2.0 0.5 0.0 3.0 4.0 1.0 0.0 0.0
offsets 0.0 5.0
boundary P 4 1.0 -1.0 3.0 -1.0 3.0 2.0 1.0 2.0
end
case dome_tangent_line_cut 1e-07
op 91
frame 0.0 0.0 0.0 0.0 0.0 1.0 1.0 0.0 0.0
offsets 0.0 5.0
boundary S 2 0.0 0.0 L 4.0 0.0 B 2 3 4.0 0.0 2.0 4.0 0.0 0.0 2 0.0 1.0 3 3
boolean cut 93
op 92
frame 0.0 0.0 0.0 0.0 0.0 1.0 1.0 0.0 0.0
offsets -1.0 6.0
boundary P 4 1.0 -1.0 3.0 -1.0 3.0 2.0 1.0 2.0
end
case dome_touch_line_cut_tilted 1e-07
op 91
frame 1.0 -2.0 0.5 0.0 3.0 4.0 1.0 0.0 0.0
offsets 0.0 5.0
boundary S 2 0.0 0.0 L 4.0 0.0 B 2 3 4.0 0.0 2.0 4.0 0.0 0.0 2 0.0 1.0 3 3
boolean cut 93
op 92
frame 1.0 -2.0 0.5 0.0 3.0 4.0 1.0 0.0 0.0
offsets -1.0 6.0
boundary P 4 -1.0 2.0 5.0 2.0 5.0 3.0 -1.0 3.0
end
case dome_touch_line_common 1e-07
op 91
frame 0.0 0.0 0.0 0.0 0.0 1.0 1.0 0.0 0.0
offsets 0.0 5.0
boundary S 2 0.0 0.0 L 4.0 0.0 B 2 3 4.0 0.0 2.0 4.0 0.0 0.0 2 0.0 1.0 3 3
boolean common 93
op 92
frame 0.0 0.0 0.0 0.0 0.0 1.0 1.0 0.0 0.0
offsets -1.0 6.0
boundary P 4 -1.0 2.0 5.0 2.0 5.0 3.0 -1.0 3.0
end
case dome_tangent_disc_common 1e-07
op 91
frame 0.0 0.0 0.0 0.0 0.0 1.0 1.0 0.0 0.0
offsets 0.0 5.0
boundary S 2 0.0 0.0 L 4.0 0.0 B 2 3 4.0 0.0 2.0 4.0 0.0 0.0 2 0.0 1.0 3 3
boolean common 93
op 92
frame 2.0 1.5 0.0 0.0 0.0 1.0 1.0 0.0 0.0
offsets -1.0 6.0
boundary C 0.0 0.0 0.5
end
case dome_tangent_disc_cut 1e-07
op 91
frame 0.0 0.0 0.0 0.0 0.0 1.0 1.0 0.0 0.0
offsets 0.0 5.0
boundary S 2 0.0 0.0 L 4.0 0.0 B 2 3 4.0 0.0 2.0 4.0 0.0 0.0 2 0.0 1.0 3 3
boolean cut 93
op 92
frame 2.0 1.5 0.0 0.0 0.0 1.0 1.0 0.0 0.0
offsets -1.0 6.0
boundary C 0.0 0.0 0.5
end
case dome_tangent_disc_fuse_tilted 1e-07
op 91
frame 1.0 -2.0 0.5 0.0 3.0 4.0 1.0 0.0 0.0
offsets 0.0 5.0
boundary S 2 0.0 0.0 L 4.0 0.0 B 2 3 4.0 0.0 2.0 4.0 0.0 0.0 2 0.0 1.0 3 3
boolean fuse 93
op 92
frame 1.0 -2.0 0.5 0.0 3.0 4.0 1.0 0.0 0.0
offsets 0.0 5.0
boundary C 2.0 1.5 0.5
end
case blob_identical_common_tilted 1e-07
op 91
frame 1.0 -2.0 0.5 0.0 3.0 4.0 1.0 0.0 0.0
offsets 0.0 5.0
boundary S 4 4.0 0.0 B 3 4 4.0 0.0 1.5 0.0 0.0 1.5 0.0 4.0 2 0.0 1.0 4 4 0.0 4.0 B 3 4 0.0 4.0 0.0 6.5 1.5 8.0 4.0 8.0 2 0.0 1.0 4 4 4.0 8.0 B 3 4 4.0 8.0 6.5 8.0 8.0 6.5 8.0 4.0 2 0.0 1.0 4 4 8.0 4.0 B 3 4 8.0 4.0 8.0 1.5 6.5 0.0 4.0 0.0 2 0.0 1.0 4 4
boolean common 93
op 92
frame 1.0 -2.0 0.5 0.0 3.0 4.0 1.0 0.0 0.0
offsets 0.0 5.0
boundary S 4 4.0 0.0 B 3 4 4.0 0.0 1.5 0.0 0.0 1.5 0.0 4.0 2 0.0 1.0 4 4 0.0 4.0 B 3 4 0.0 4.0 0.0 6.5 1.5 8.0 4.0 8.0 2 0.0 1.0 4 4 4.0 8.0 B 3 4 4.0 8.0 6.5 8.0 8.0 6.5 8.0 4.0 2 0.0 1.0 4 4 8.0 4.0 B 3 4 8.0 4.0 8.0 1.5 6.5 0.0 4.0 0.0 2 0.0 1.0 4 4
end
case blob_identical_cut 1e-07
op 91
frame 0.0 0.0 0.0 0.0 0.0 1.0 1.0 0.0 0.0
offsets 0.0 5.0
boundary S 4 4.0 0.0 B 3 4 4.0 0.0 1.5 0.0 0.0 1.5 0.0 4.0 2 0.0 1.0 4 4 0.0 4.0 B 3 4 0.0 4.0 0.0 6.5 1.5 8.0 4.0 8.0 2 0.0 1.0 4 4 4.0 8.0 B 3 4 4.0 8.0 6.5 8.0 8.0 6.5 8.0 4.0 2 0.0 1.0 4 4 8.0 4.0 B 3 4 8.0 4.0 8.0 1.5 6.5 0.0 4.0 0.0 2 0.0 1.0 4 4
boolean cut 93
op 92
frame 0.0 0.0 0.0 0.0 0.0 1.0 1.0 0.0 0.0
offsets 0.0 5.0
boundary S 4 4.0 0.0 B 3 4 4.0 0.0 1.5 0.0 0.0 1.5 0.0 4.0 2 0.0 1.0 4 4 0.0 4.0 B 3 4 0.0 4.0 0.0 6.5 1.5 8.0 4.0 8.0 2 0.0 1.0 4 4 4.0 8.0 B 3 4 4.0 8.0 6.5 8.0 8.0 6.5 8.0 4.0 2 0.0 1.0 4 4 8.0 4.0 B 3 4 8.0 4.0 8.0 1.5 6.5 0.0 4.0 0.0 2 0.0 1.0 4 4
end
case bulge_identical_fuse 1e-07
op 91
frame 0.0 0.0 0.0 0.0 0.0 1.0 1.0 0.0 0.0
offsets 0.0 5.0
boundary S 4 0.0 0.0 L 10.0 0.0 B 2 3 10.0 0.0 12.0 3.0 10.0 6.0 2 0.0 1.0 3 3 10.0 6.0 L 0.0 6.0 L
boolean fuse 93
op 92
frame 0.0 0.0 0.0 0.0 0.0 1.0 1.0 0.0 0.0
offsets 0.0 5.0
boundary S 4 0.0 0.0 L 10.0 0.0 B 2 3 10.0 0.0 12.0 3.0 10.0 6.0 2 0.0 1.0 3 3 10.0 6.0 L 0.0 6.0 L
end
case bulge_shared_same_common 1e-07
op 91
frame 0.0 0.0 0.0 0.0 0.0 1.0 1.0 0.0 0.0
offsets 0.0 5.0
boundary S 4 0.0 0.0 L 10.0 0.0 B 2 3 10.0 0.0 12.0 3.0 10.0 6.0 2 0.0 1.0 3 3 10.0 6.0 L 0.0 6.0 L
boolean common 93
op 92
frame 0.0 0.0 0.0 0.0 0.0 1.0 1.0 0.0 0.0
offsets -1.0 6.0
boundary S 4 8.0 0.0 L 10.0 0.0 B 2 3 10.0 0.0 12.0 3.0 10.0 6.0 2 0.0 1.0 3 3 10.0 6.0 L 8.0 6.0 L
end
case bulge_shared_same_cut_tilted 1e-07
op 91
frame 1.0 -2.0 0.5 0.0 3.0 4.0 1.0 0.0 0.0
offsets 0.0 5.0
boundary S 4 0.0 0.0 L 10.0 0.0 B 2 3 10.0 0.0 12.0 3.0 10.0 6.0 2 0.0 1.0 3 3 10.0 6.0 L 0.0 6.0 L
boolean cut 93
op 92
frame 1.0 -2.0 0.5 0.0 3.0 4.0 1.0 0.0 0.0
offsets -1.0 6.0
boundary S 4 8.0 0.0 L 10.0 0.0 B 2 3 10.0 0.0 12.0 3.0 10.0 6.0 2 0.0 1.0 3 3 10.0 6.0 L 8.0 6.0 L
end
case bulge_shared_opposite_fuse 1e-07
op 91
frame 0.0 0.0 0.0 0.0 0.0 1.0 1.0 0.0 0.0
offsets 0.0 5.0
boundary S 4 0.0 0.0 L 10.0 0.0 B 2 3 10.0 0.0 12.0 3.0 10.0 6.0 2 0.0 1.0 3 3 10.0 6.0 L 0.0 6.0 L
boolean fuse 93
op 92
frame 0.0 0.0 0.0 0.0 0.0 1.0 1.0 0.0 0.0
offsets 0.0 5.0
boundary S 4 10.0 0.0 L 14.0 0.0 L 14.0 6.0 L 10.0 6.0 B 2 3 10.0 6.0 12.0 3.0 10.0 0.0 2 0.0 1.0 3 3
end
case bulge_shared_opposite_common_tilted 1e-07
op 91
frame 1.0 -2.0 0.5 0.0 3.0 4.0 1.0 0.0 0.0
offsets 0.0 5.0
boundary S 4 0.0 0.0 L 10.0 0.0 B 2 3 10.0 0.0 12.0 3.0 10.0 6.0 2 0.0 1.0 3 3 10.0 6.0 L 0.0 6.0 L
boolean common 93
op 92
frame 1.0 -2.0 0.5 0.0 3.0 4.0 1.0 0.0 0.0
offsets 0.0 5.0
boundary S 4 10.0 0.0 L 14.0 0.0 L 14.0 6.0 L 10.0 6.0 B 2 3 10.0 6.0 12.0 3.0 10.0 0.0 2 0.0 1.0 3 3
end
case lens_hole_disc_cut 1e-07
op 91
frame 0.0 0.0 0.0 0.0 0.0 1.0 1.0 0.0 0.0
offsets 0.0 5.0
boundary P 4 0.0 0.0 10.0 0.0 10.0 10.0 0.0 10.0
boundary S 2 3.0 5.0 B 3 4 3.0 5.0 4.0 8.0 6.0 8.0 7.0 5.0 2 0.0 1.0 4 4 7.0 5.0 B 3 4 7.0 5.0 6.0 2.0 4.0 2.0 3.0 5.0 2 0.0 1.0 4 4
boolean cut 93
op 92
frame 5.0 5.0 0.0 0.0 0.0 1.0 1.0 0.0 0.0
offsets -1.0 6.0
boundary C 0.0 0.0 2.125
end
case lens_hole_fill_fuse 1e-07
op 91
frame 0.0 0.0 0.0 0.0 0.0 1.0 1.0 0.0 0.0
offsets 0.0 5.0
boundary P 4 0.0 0.0 10.0 0.0 10.0 10.0 0.0 10.0
boundary S 2 3.0 5.0 B 3 4 3.0 5.0 4.0 8.0 6.0 8.0 7.0 5.0 2 0.0 1.0 4 4 7.0 5.0 B 3 4 7.0 5.0 6.0 2.0 4.0 2.0 3.0 5.0 2 0.0 1.0 4 4
boolean fuse 93
op 92
frame 0.0 0.0 0.0 0.0 0.0 1.0 1.0 0.0 0.0
offsets 0.0 5.0
boundary S 2 3.0 5.0 B 3 4 3.0 5.0 4.0 2.0 6.0 2.0 7.0 5.0 2 0.0 1.0 4 4 7.0 5.0 B 3 4 7.0 5.0 6.0 8.0 4.0 8.0 3.0 5.0 2 0.0 1.0 4 4
end
case lens_hole_square_common_tilted 1e-07
op 91
frame 1.0 -2.0 0.5 0.0 3.0 4.0 1.0 0.0 0.0
offsets 0.0 5.0
boundary P 4 0.0 0.0 10.0 0.0 10.0 10.0 0.0 10.0
boundary S 2 3.0 5.0 B 3 4 3.0 5.0 4.0 8.0 6.0 8.0 7.0 5.0 2 0.0 1.0 4 4 7.0 5.0 B 3 4 7.0 5.0 6.0 2.0 4.0 2.0 3.0 5.0 2 0.0 1.0 4 4
boolean common 93
op 92
frame 1.0 -2.0 0.5 0.0 3.0 4.0 1.0 0.0 0.0
offsets -1.0 6.0
boundary P 4 4.0 4.0 9.0 4.0 9.0 9.0 4.0 9.0
end
case vertex_on_spline_cut 1e-07
op 91
frame 0.0 0.0 0.0 0.0 0.0 1.0 1.0 0.0 0.0
offsets 0.0 5.0
boundary S 4 0.0 0.0 L 10.0 0.0 B 2 3 10.0 0.0 12.0 3.0 10.0 6.0 2 0.0 1.0 3 3 10.0 6.0 L 0.0 6.0 L
boolean cut 93
op 92
frame 10.75 1.5 0.0 0.0 0.0 1.0 1.0 0.0 0.0
offsets -1.0 6.0
boundary P 3 0.0 0.0 2.25 3.5 -2.75 3.5
end
case vertex_on_spline_fuse_tilted 1e-07
op 91
frame 1.0 -2.0 0.5 0.0 3.0 4.0 1.0 0.0 0.0
offsets 0.0 5.0
boundary S 4 0.0 0.0 L 10.0 0.0 B 2 3 10.0 0.0 12.0 3.0 10.0 6.0 2 0.0 1.0 3 3 10.0 6.0 L 0.0 6.0 L
boolean fuse 93
op 92
frame 1.0 -2.0 0.5 0.0 3.0 4.0 1.0 0.0 0.0
offsets 0.0 5.0
boundary P 3 10.75 1.5 13.0 5.0 8.0 5.0
end
case spline_end_on_edge_common 1e-07
op 91
frame 0.0 0.0 0.0 0.0 0.0 1.0 1.0 0.0 0.0
offsets 0.0 5.0
boundary S 4 0.0 0.0 L 10.0 0.0 B 2 3 10.0 0.0 12.0 3.0 10.0 6.0 2 0.0 1.0 3 3 10.0 6.0 L 0.0 6.0 L
boolean common 93
op 92
frame 10.0 -1.0 0.0 0.0 0.0 1.0 1.0 0.0 0.0
offsets -1.0 6.0
boundary P 4 0.0 0.0 3.0 0.0 3.0 5.0 0.0 5.0
end
case blob_inside_cut 1e-07
op 91
frame 0.0 0.0 0.0 0.0 0.0 1.0 1.0 0.0 0.0
offsets 0.0 5.0
boundary P 4 -1.0 -1.0 9.0 -1.0 9.0 9.0 -1.0 9.0
boolean cut 93
op 92
frame 0.0 0.0 0.0 0.0 0.0 1.0 1.0 0.0 0.0
offsets -1.0 6.0
boundary S 4 4.0 0.0 B 3 4 4.0 0.0 1.5 0.0 0.0 1.5 0.0 4.0 2 0.0 1.0 4 4 0.0 4.0 B 3 4 0.0 4.0 0.0 6.5 1.5 8.0 4.0 8.0 2 0.0 1.0 4 4 4.0 8.0 B 3 4 4.0 8.0 6.5 8.0 8.0 6.5 8.0 4.0 2 0.0 1.0 4 4 8.0 4.0 B 3 4 8.0 4.0 8.0 1.5 6.5 0.0 4.0 0.0 2 0.0 1.0 4 4
end
case blob_inside_common_tilted 1e-07
op 91
frame 1.0 -2.0 0.5 0.0 3.0 4.0 1.0 0.0 0.0
offsets 0.0 5.0
boundary P 4 -1.0 -1.0 9.0 -1.0 9.0 9.0 -1.0 9.0
boolean common 93
op 92
frame 1.0 -2.0 0.5 0.0 3.0 4.0 1.0 0.0 0.0
offsets -1.0 6.0
boundary S 4 4.0 0.0 B 3 4 4.0 0.0 1.5 0.0 0.0 1.5 0.0 4.0 2 0.0 1.0 4 4 0.0 4.0 B 3 4 0.0 4.0 0.0 6.5 1.5 8.0 4.0 8.0 2 0.0 1.0 4 4 4.0 8.0 B 3 4 4.0 8.0 6.5 8.0 8.0 6.5 8.0 4.0 2 0.0 1.0 4 4 8.0 4.0 B 3 4 8.0 4.0 8.0 1.5 6.5 0.0 4.0 0.0 2 0.0 1.0 4 4
end
case blob_apart_fuse 1e-07
op 91
frame 0.0 0.0 0.0 0.0 0.0 1.0 1.0 0.0 0.0
offsets 0.0 5.0
boundary S 4 4.0 0.0 B 3 4 4.0 0.0 1.5 0.0 0.0 1.5 0.0 4.0 2 0.0 1.0 4 4 0.0 4.0 B 3 4 0.0 4.0 0.0 6.5 1.5 8.0 4.0 8.0 2 0.0 1.0 4 4 4.0 8.0 B 3 4 4.0 8.0 6.5 8.0 8.0 6.5 8.0 4.0 2 0.0 1.0 4 4 8.0 4.0 B 3 4 8.0 4.0 8.0 1.5 6.5 0.0 4.0 0.0 2 0.0 1.0 4 4
boolean fuse 93
op 92
frame 12.0 0.0 0.0 0.0 0.0 1.0 1.0 0.0 0.0
offsets 0.0 5.0
boundary P 4 0.0 0.0 3.0 0.0 3.0 3.0 0.0 3.0
end
case blob_apart_common_tilted 1e-07
op 91
frame 1.0 -2.0 0.5 0.0 3.0 4.0 1.0 0.0 0.0
offsets 0.0 5.0
boundary S 4 4.0 0.0 B 3 4 4.0 0.0 1.5 0.0 0.0 1.5 0.0 4.0 2 0.0 1.0 4 4 0.0 4.0 B 3 4 0.0 4.0 0.0 6.5 1.5 8.0 4.0 8.0 2 0.0 1.0 4 4 4.0 8.0 B 3 4 4.0 8.0 6.5 8.0 8.0 6.5 8.0 4.0 2 0.0 1.0 4 4 8.0 4.0 B 3 4 8.0 4.0 8.0 1.5 6.5 0.0 4.0 0.0 2 0.0 1.0 4 4
boolean common 93
op 92
frame 1.0 -2.0 0.5 0.0 3.0 4.0 1.0 0.0 0.0
offsets 0.0 5.0
boundary P 4 12.0 0.0 15.0 0.0 15.0 3.0 12.0 3.0
end
case bulge_step_fuse 1e-07
op 91
frame 0.0 0.0 0.0 0.0 0.0 1.0 1.0 0.0 0.0
offsets 0.0 5.0
boundary S 4 0.0 0.0 L 10.0 0.0 B 2 3 10.0 0.0 12.0 3.0 10.0 6.0 2 0.0 1.0 3 3 10.0 6.0 L 0.0 6.0 L
boolean fuse 93
op 92
frame 9.0 -1.0 0.0 0.0 0.0 1.0 1.0 0.0 0.0
offsets 0.0 8.0
boundary P 4 0.0 0.0 4.0 0.0 4.0 3.0 0.0 3.0
end
case blob_pocket_cut 1e-07
op 91
frame 0.0 0.0 0.0 0.0 0.0 1.0 1.0 0.0 0.0
offsets 0.0 5.0
boundary P 4 -1.0 -1.0 9.0 -1.0 9.0 9.0 -1.0 9.0
boolean cut 93
op 92
frame 0.0 0.0 0.0 0.0 0.0 1.0 1.0 0.0 0.0
offsets 3.0 6.0
boundary S 4 4.0 0.0 B 3 4 4.0 0.0 1.5 0.0 0.0 1.5 0.0 4.0 2 0.0 1.0 4 4 0.0 4.0 B 3 4 0.0 4.0 0.0 6.5 1.5 8.0 4.0 8.0 2 0.0 1.0 4 4 4.0 8.0 B 3 4 4.0 8.0 6.5 8.0 8.0 6.5 8.0 4.0 2 0.0 1.0 4 4 8.0 4.0 B 3 4 8.0 4.0 8.0 1.5 6.5 0.0 4.0 0.0 2 0.0 1.0 4 4
end
case bulge_slot_cut_tilted 1e-07
op 91
frame 1.0 -2.0 0.5 0.0 3.0 4.0 1.0 0.0 0.0
offsets 0.0 5.0
boundary S 4 0.0 0.0 L 10.0 0.0 B 2 3 10.0 0.0 12.0 3.0 10.0 6.0 2 0.0 1.0 3 3 10.0 6.0 L 0.0 6.0 L
boolean cut 93
op 92
frame 1.0 -2.0 0.5 0.0 3.0 4.0 1.0 0.0 0.0
offsets 2.0 3.0
boundary P 4 9.0 2.0 13.0 2.0 13.0 4.0 9.0 4.0
end
case lens_plug_fuse 1e-07
op 91
frame 0.0 0.0 0.0 0.0 0.0 1.0 1.0 0.0 0.0
offsets 0.0 5.0
boundary P 4 0.0 0.0 10.0 0.0 10.0 10.0 0.0 10.0
boundary S 2 3.0 5.0 B 3 4 3.0 5.0 4.0 8.0 6.0 8.0 7.0 5.0 2 0.0 1.0 4 4 7.0 5.0 B 3 4 7.0 5.0 6.0 2.0 4.0 2.0 3.0 5.0 2 0.0 1.0 4 4
boolean fuse 93
op 92
frame 0.0 0.0 0.0 0.0 0.0 1.0 1.0 0.0 0.0
offsets 0.0 3.0
boundary S 2 3.0 5.0 B 3 4 3.0 5.0 4.0 2.0 6.0 2.0 7.0 5.0 2 0.0 1.0 4 4 7.0 5.0 B 3 4 7.0 5.0 6.0 8.0 4.0 8.0 3.0 5.0 2 0.0 1.0 4 4
end
case waves_step_fuse_tilted 1e-07
op 91
frame 1.0 -2.0 0.5 0.0 3.0 4.0 1.0 0.0 0.0
offsets 0.0 5.0
boundary S 4 0.0 0.0 L 10.0 0.0 L 10.0 6.0 B 2 5 10.0 6.0 8.0 8.0 5.0 5.0 2.0 8.0 0.0 6.0 4 0.0 1.0 2.0 3.0 3 1 1 3 0.0 6.0 L
boolean fuse 93
op 92
frame 1.0 -2.0 0.5 0.0 3.0 4.0 1.0 0.0 0.0
offsets 2.0 8.0
boundary S 4 11.0 7.0 L 11.0 12.0 L -1.0 12.0 L -1.0 7.0 B 2 5 -1.0 7.0 2.0 5.0 5.0 7.75 8.0 5.0 11.0 7.0 4 0.0 1.0 2.0 3.0 3 1 1 3
end
