write flat imported/part_flat.brep
sphere 6.833333333333333 0.5833333333333338 10.833333333333334 0.8888888888888888 0.4444444444444444 0.1111111111111111 -0.1111111111111111 0.4444444444444444 -0.8888888888888888 3.0 -1.5707963267948966 0.0
boolean fuse
cone 6.083333333333333 0.08333333333333395 9.833333333333334 0.8888888888888888 0.4444444444444444 0.1111111111111111 -0.1111111111111111 0.4444444444444444 -0.8888888888888888 1.25 0.75 3.5
end
write stack imported/part_stack.brep
plane 3.0 4.5 5.0 0.4444444444444444 0.4444444444444444 0.7777777777777778 0.1111111111111111 -0.8888888888888888 0.4444444444444444
wire P 6 1.777777777777778 3.7777777777777777 6.111111111111112 2.1111111111111116 1.1111111111111114 7.444444444444445 3.611111111111111 -0.3888888888888884 7.444444444444445 4.777777777777778 0.777777777777778 6.111111111111111 4.444444444444445 3.4444444444444446 4.777777777777778 2.9444444444444446 4.944444444444445 4.777777777777778
prism 0.4444444444444444 0.4444444444444444 0.7777777777777778
boolean fuse
plane 3.4444444444444446 4.944444444444445 5.777777777777778 0.4444444444444444 0.4444444444444444 0.7777777777777778 0.1111111111111111 -0.8888888888888888 0.4444444444444444
wire S 4 1.222222222222222 5.222222222222222 6.888888888888888 L 1.8888888888888886 -0.11111111111111083 9.555555555555555 A 4.111111111111111 -0.3888888888888886 8.444444444444445 2.5 1 6.333333333333334 -0.6666666666666663 7.333333333333333 L 5.666666666666667 4.666666666666667 4.666666666666667 A 3.4444444444444446 4.944444444444445 5.777777777777778 2.5 1
prism 0.8888888888888888 0.8888888888888888 1.5555555555555556
end
write cake imported/part_cake.brep
plane 3.4444444444444446 1.9444444444444446 8.777777777777779 0.4444444444444444 0.1111111111111111 0.8888888888888888 -0.7777777777777778 -0.4444444444444445 0.4444444444444445
wire P 4 3.4444444444444446 1.9444444444444446 8.777777777777779 -3.5555555555555554 -2.0555555555555554 12.777777777777779 -0.44444444444444464 -8.277777777777777 12.0 6.555555555555555 -4.277777777777777 8.0
prism 0.8888888888888888 0.2222222222222222 1.7777777777777777
boolean fuse
plane 3.722222222222222 -2.111111111111111 10.833333333333336 0.4444444444444444 0.1111111111111111 0.8888888888888888 -0.7777777777777778 -0.4444444444444445 0.4444444444444445
wire S 4 3.0555555555555554 -0.7777777777777778 11.000000000000002 L -0.0555555555555558 -2.555555555555556 12.77777777777778 A 0.6111111111111108 -3.888888888888889 12.611111111111114 1.5 1 1.2777777777777775 -5.222222222222221 12.444444444444448 L 4.388888888888888 -3.444444444444444 10.66666666666667 A 3.722222222222222 -2.111111111111111 10.833333333333336 1.5 1
prism 1.1111111111111112 0.2777777777777778 2.2222222222222223
end
write slot imported/part_slot.brep
plane 0.0 0.0 0.0 0.0 0.0 1.0 1.0 0.0 0.0
wire P 4 0.0 0.0 0.0 8.0 0.0 0.0 8.0 8.0 0.0 0.0 8.0 0.0
wire C 4.0 4.0 0.0 2.0
prism 0.0 0.0 3.0
boolean cut
plane 10.0 10.0 1.0 0.0 0.0 1.0 -1.0 0.0 0.0
wire P 4 8.75 9.25 1.0 0.75 9.25 1.0 0.75 1.25 1.0 8.75 1.25 1.0
wire C 5.5 4.0 1.0 1.5
prism 0.0 0.0 1.0
end
