write octant imported/octant.brep
sphere 5.0 5.0 4.0 0.8888888888888888 0.4444444444444444 0.1111111111111111 -0.1111111111111111 0.4444444444444444 -0.8888888888888888 5.0 -1.5707963267948966 1.5707963267948966
boolean common
plane 5.0 5.0 4.0 0.8888888888888888 0.4444444444444444 0.1111111111111111 -0.1111111111111111 0.4444444444444444 -0.8888888888888888
wire P 4 5.0 5.0 4.0 4.111111111111111 8.555555555555555 -3.1111111111111107 0.5555555555555549 14.777777777777779 0.4444444444444451 1.4444444444444442 11.222222222222221 7.555555555555555
prism 7.111111111111111 3.5555555555555554 0.8888888888888888
end
write octant_tilt imported/octant_tilt.brep
sphere 5.25 8.5 1.75 0.4444444444444444 0.1111111111111111 0.8888888888888888 -0.7777777777777778 -0.4444444444444445 0.4444444444444445 5.0 -1.5707963267948966 1.5707963267948966
boolean common
plane 5.25 8.5 1.75 0.4444444444444444 0.1111111111111111 0.8888888888888888 -0.7777777777777778 -0.4444444444444445 0.4444444444444445
wire P 4 5.25 8.5 1.75 -0.9722222222222223 4.944444444444445 5.305555555555555 2.583333333333333 -2.166666666666666 4.416666666666666 8.805555555555555 1.3888888888888893 0.8611111111111112
prism 3.5555555555555554 0.8888888888888888 7.111111111111111
end
write upper imported/upper.brep
sphere 3.0 4.0 1.0 0.4444444444444444 0.4444444444444444 0.7777777777777778 0.1111111111111111 -0.8888888888888888 0.4444444444444444 5.0 -1.5707963267948966 1.5707963267948966
boolean common
plane 3.888888888888889 4.888888888888889 2.555555555555556 0.4444444444444444 0.4444444444444444 0.7777777777777778 0.1111111111111111 -0.8888888888888888 0.4444444444444444
wire P 4 3.888888888888889 4.888888888888889 2.555555555555556 4.777777777777778 -2.2222222222222214 6.111111111111111 11.88888888888889 -3.1111111111111103 2.5555555555555554 11.0 4.0 -0.9999999999999996
prism 3.5555555555555554 3.5555555555555554 6.222222222222222
end
write lune imported/lune.brep
sphere 5.0 5.0 5.0 0.8888888888888888 0.4444444444444444 0.1111111111111111 -0.1111111111111111 0.4444444444444444 -0.8888888888888888 4.0 -1.5707963267948966 1.5707963267948966
boolean common
plane 0.5555555555555554 2.7777777777777777 4.444444444444445 0.8888888888888888 0.4444444444444444 0.1111111111111111 -0.1111111111111111 0.4444444444444444 -0.8888888888888888
wire P 4 0.5555555555555554 2.7777777777777777 4.444444444444445 -0.1111111111111116 5.444444444444444 -0.8888888888888886 -2.7777777777777786 10.11111111111111 1.7777777777777783 -2.1111111111111116 7.4444444444444455 7.111111111111112
prism 8.88888888888889 4.444444444444445 1.1111111111111112
end
write half imported/half.brep
sphere 5.0 5.0 5.0 0.4444444444444444 0.4444444444444444 0.7777777777777778 -0.1111111111111111 0.8888888888888888 -0.4444444444444444 4.0 -1.5707963267948966 1.5707963267948966
boolean common
plane 2.3333333333333335 2.3333333333333335 0.33333333333333304 0.4444444444444444 0.4444444444444444 0.7777777777777778 0.1111111111111111 -0.8888888888888888 0.4444444444444444
wire P 4 -2.9999999999999996 3.0000000000000004 2.999999999999999 -2.3333333333333326 -2.333333333333333 5.666666666666665 8.333333333333334 -3.666666666666666 0.33333333333333304 7.666666666666666 1.6666666666666665 -2.3333333333333335
prism 5.333333333333333 5.333333333333333 9.333333333333334
end
write zone_wedge imported/zone_wedge.brep
sphere 5.0 5.0 4.0 0.6666666666666666 0.7333333333333333 0.13333333333333333 -0.6666666666666666 0.6666666666666666 -0.3333333333333333 5.0 -1.5707963267948966 1.5707963267948966
boolean common
plane 4.0 3.9000000000000004 3.8 0.6666666666666666 0.7333333333333333 0.13333333333333333 -0.6666666666666666 0.6666666666666666 -0.3333333333333333
wire P 4 4.0 3.9000000000000004 3.8 -1.333333333333333 9.233333333333333 1.1333333333333335 -3.9999999999999996 10.299999999999999 8.600000000000001 1.3333333333333335 4.966666666666667 11.266666666666667
prism 2.6666666666666665 2.933333333333333 0.5333333333333333
end
write octant_low imported/octant_low.brep
sphere 5.0 5.0 4.0 0.8888888888888888 0.4444444444444444 0.1111111111111111 -0.1111111111111111 0.4444444444444444 -0.8888888888888888 5.0 -1.5707963267948966 1.5707963267948966
boolean common
plane -0.33333333333333304 2.3333333333333335 3.3333333333333335 0.8888888888888888 0.4444444444444444 0.1111111111111111 -0.1111111111111111 0.4444444444444444 -0.8888888888888888
wire P 4 3.000000000000001 -5.0 5.999999999999998 1.666666666666667 0.3333333333333326 -4.666666666666667 -3.666666666666667 9.666666666666666 0.6666666666666673 -2.333333333333333 4.333333333333334 11.333333333333334
prism 7.111111111111111 3.5555555555555554 0.8888888888888888
end
write bitten imported/bitten.brep
sphere 5.0 5.0 5.0 0.4444444444444444 0.4444444444444444 0.7777777777777778 0.1111111111111111 -0.8888888888888888 0.4444444444444444 4.0 -1.5707963267948966 1.5707963267948966
boolean cut
plane 5.0 5.0 5.0 0.4444444444444444 0.4444444444444444 0.7777777777777778 0.1111111111111111 -0.8888888888888888 0.4444444444444444
wire P 4 5.0 5.0 5.0 5.888888888888889 -2.1111111111111107 8.555555555555555 13.0 -2.9999999999999996 5.0 12.11111111111111 4.111111111111111 1.4444444444444446
prism 3.5555555555555554 3.5555555555555554 6.222222222222222
end
