case zone_coax_fuse 1e-07
op 91
frame 0.0 0.0 0.0 0.0 0.0 1.0 1.0 0.0 0.0
torus 2.5 1.0 0.0 6.283185307179586 6.283185307179586
boolean fuse 94
op 92
frame 0.0 0.0 0.0 0.0 0.0 1.0 1.0 0.0 0.0
sphere 2.75 -0.5 0.5
end
case zone_coax_cut 1e-07
op 91
frame 0.0 0.0 0.0 0.0 0.0 1.0 1.0 0.0 0.0
torus 2.5 1.0 0.0 6.283185307179586 6.283185307179586
boolean cut 94
op 92
frame 0.0 0.0 0.0 0.0 0.0 1.0 1.0 0.0 0.0
sphere 2.75 -0.5 0.5
end
case zone_coax_common 1e-07
op 91
frame 0.0 0.0 0.0 0.0 0.0 1.0 1.0 0.0 0.0
torus 2.5 1.0 0.0 6.283185307179586 6.283185307179586
boolean common 94
op 92
frame 0.0 0.0 0.0 0.0 0.0 1.0 1.0 0.0 0.0
sphere 2.75 -0.5 0.5
end
case cap_coax_cut 1e-07
op 91
frame 0.0 0.0 0.0 0.0 0.0 1.0 1.0 0.0 0.0
torus 2.5 1.0 0.0 6.283185307179586 6.283185307179586
boolean cut 94
op 92
frame 0.0 0.0 0.0 0.0 0.0 1.0 1.0 0.0 0.0
sphere 2.75 0.25 1.5707963267948966
end
case cap_coax_common 1e-07
op 91
frame 0.0 0.0 0.0 0.0 0.0 1.0 1.0 0.0 0.0
torus 2.5 1.0 0.0 6.283185307179586 6.283185307179586
boolean common 94
op 92
frame 0.0 0.0 0.0 0.0 0.0 1.0 1.0 0.0 0.0
sphere 2.75 0.25 1.5707963267948966
end
case coax_cap_cut 1e-07
op 91
frame 0.0 0.0 0.0 0.0 0.0 1.0 1.0 0.0 0.0
sphere 2.75 0.25 1.5707963267948966
boolean cut 94
op 92
frame 0.0 0.0 0.0 0.0 0.0 1.0 1.0 0.0 0.0
torus 2.5 1.0 0.0 6.283185307179586 6.283185307179586
end
case cap_top_fuse 1e-07
op 91
frame 0.0 0.0 0.0 0.0 0.0 1.0 1.0 0.0 0.0
torus 2.5 1.0 0.0 6.283185307179586 6.283185307179586
boolean fuse 94
op 92
frame 2.5 0.0 0.5 0.0 0.0 1.0 1.0 0.0 0.0
sphere 0.75 0.5 1.5707963267948966
end
case cap_top_cut 1e-07
op 91
frame 0.0 0.0 0.0 0.0 0.0 1.0 1.0 0.0 0.0
torus 2.5 1.0 0.0 6.283185307179586 6.283185307179586
boolean cut 94
op 92
frame 2.5 0.0 0.5 0.0 0.0 1.0 1.0 0.0 0.0
sphere 0.75 0.5 1.5707963267948966
end
case cap_top_common 1e-07
op 91
frame 0.0 0.0 0.0 0.0 0.0 1.0 1.0 0.0 0.0
torus 2.5 1.0 0.0 6.283185307179586 6.283185307179586
boolean common 94
op 92
frame 2.5 0.0 0.5 0.0 0.0 1.0 1.0 0.0 0.0
sphere 0.75 0.5 1.5707963267948966
end
case zone_side_cut 1e-07
op 91
frame 0.0 0.0 0.0 0.0 0.0 1.0 1.0 0.0 0.0
torus 2.5 1.0 0.0 6.283185307179586 6.283185307179586
boolean cut 94
op 92
frame 3.3 0.0 0.0 1.0 0.0 0.0 0.0 1.0 0.0
sphere 1.25 -0.5 0.5
end
case zone_side_common 1e-07
op 91
frame 0.0 0.0 0.0 0.0 0.0 1.0 1.0 0.0 0.0
torus 2.5 1.0 0.0 6.283185307179586 6.283185307179586
boolean common 94
op 92
frame 3.3 0.0 0.0 1.0 0.0 0.0 0.0 1.0 0.0
sphere 1.25 -0.5 0.5
end
case dome_lean_cut 1e-07
op 91
frame 0.0 0.0 0.0 0.0 0.0 1.0 1.0 0.0 0.0
torus 2.5 1.0 0.0 6.283185307179586 6.283185307179586
boolean cut 94
op 92
frame 2.5 0.0 0.75 3.0 0.0 4.0 0.0 1.0 0.0
sphere 0.75 0.0 1.5707963267948966
end
case dome_lean_common 1e-07
op 91
frame 0.0 0.0 0.0 0.0 0.0 1.0 1.0 0.0 0.0
torus 2.5 1.0 0.0 6.283185307179586 6.283185307179586
boolean common 94
op 92
frame 2.5 0.0 0.75 3.0 0.0 4.0 0.0 1.0 0.0
sphere 0.75 0.0 1.5707963267948966
end
case zone_tilt_cut 1e-07
op 91
frame 0.0 0.0 0.0 0.0 3.0 4.0 1.0 0.0 0.0
torus 2.5 1.0 0.0 6.283185307179586 6.283185307179586
boolean cut 94
op 92
frame 2.5 -0.5 1.0 0.0 0.0 1.0 1.0 0.0 0.0
sphere 1.0 -0.5 0.5
end
case zone_tilt_common 1e-07
op 91
frame 0.0 0.0 0.0 0.0 3.0 4.0 1.0 0.0 0.0
torus 2.5 1.0 0.0 6.283185307179586 6.283185307179586
boolean common 94
op 92
frame 2.5 -0.5 1.0 0.0 0.0 1.0 1.0 0.0 0.0
sphere 1.0 -0.5 0.5
end
case rim_touch_fuse 1e-07
op 91
frame 0.0 0.0 0.0 0.0 0.0 1.0 1.0 0.0 0.0
torus 2.5 1.0 0.0 6.283185307179586 6.283185307179586
boolean fuse 94
op 92
frame 2.8418130785822204 0.0 0.35956915395315225 0.0 0.0 1.0 1.0 0.0 0.0
sphere 0.75 -0.5 1.5707963267948966
end
case oh_pipe_fuse 1e-07
op 91
frame 0.0 0.0 0.0 0.0 0.0 1.0 1.0 0.0 0.0
torus 2.5 1.0 -1.5707963267948966 1.5707963267948966 6.283185307179586
boolean fuse 94
op 92
frame 0.0 0.0 0.0 0.0 0.0 1.0 1.0 0.0 0.0
offsets -2.0 2.0
boundary C 0.0 0.0 3.0
end
case oh_pipe_cut 1e-07
op 91
frame 0.0 0.0 0.0 0.0 0.0 1.0 1.0 0.0 0.0
torus 2.5 1.0 -1.5707963267948966 1.5707963267948966 6.283185307179586
boolean cut 94
op 92
frame 0.0 0.0 0.0 0.0 0.0 1.0 1.0 0.0 0.0
offsets -2.0 2.0
boundary C 0.0 0.0 3.0
end
case oh_pipe_common 1e-07
op 91
frame 0.0 0.0 0.0 0.0 0.0 1.0 1.0 0.0 0.0
torus 2.5 1.0 -1.5707963267948966 1.5707963267948966 6.283185307179586
boolean common 94
op 92
frame 0.0 0.0 0.0 0.0 0.0 1.0 1.0 0.0 0.0
offsets -2.0 2.0
boundary C 0.0 0.0 3.0
end
case ih_pipe_cut 1e-07
op 91
frame 0.0 0.0 0.0 0.0 0.0 1.0 1.0 0.0 0.0
torus 2.5 1.0 1.5707963267948966 4.71238898038469 6.283185307179586
boolean cut 94
op 92
frame 0.0 0.0 0.0 0.0 0.0 1.0 1.0 0.0 0.0
offsets -0.5 2.0
boundary C 0.0 0.0 2.0
end
case ih_pipe_common 1e-07
op 91
frame 0.0 0.0 0.0 0.0 0.0 1.0 1.0 0.0 0.0
torus 2.5 1.0 1.5707963267948966 4.71238898038469 6.283185307179586
boolean common 94
op 92
frame 0.0 0.0 0.0 0.0 0.0 1.0 1.0 0.0 0.0
offsets -0.5 2.0
boundary C 0.0 0.0 2.0
end
case ih_cone_cut 1e-07
op 91
frame 0.0 0.0 0.0 0.0 0.0 1.0 1.0 0.0 0.0
torus 2.5 1.0 1.5707963267948966 4.71238898038469 6.283185307179586
boolean cut 94
op 92
frame 0.0 0.0 -2.0 0.0 0.0 1.0 1.0 0.0 0.0
cone 4.0 0.0 4.0
end
case ih_cone_common 1e-07
op 91
frame 0.0 0.0 0.0 0.0 0.0 1.0 1.0 0.0 0.0
torus 2.5 1.0 1.5707963267948966 4.71238898038469 6.283185307179586
boolean common 94
op 92
frame 0.0 0.0 -2.0 0.0 0.0 1.0 1.0 0.0 0.0
cone 4.0 0.0 4.0
end
case ih_ball_cut 1e-07
op 91
frame 0.0 0.0 0.0 0.0 0.0 1.0 1.0 0.0 0.0
torus 2.5 1.0 1.5707963267948966 4.71238898038469 6.283185307179586
boolean cut 94
op 92
frame 0.0 0.0 0.0 0.0 0.0 1.0 1.0 0.0 0.0
sphere 2.0 -1.5707963267948966 1.5707963267948966
end
case ih_ball_common 1e-07
op 91
frame 0.0 0.0 0.0 0.0 0.0 1.0 1.0 0.0 0.0
torus 2.5 1.0 1.5707963267948966 4.71238898038469 6.283185307179586
boolean common 94
op 92
frame 0.0 0.0 0.0 0.0 0.0 1.0 1.0 0.0 0.0
sphere 2.0 -1.5707963267948966 1.5707963267948966
end
case oh_ball_cut 1e-07
op 91
frame 0.0 0.0 0.0 0.0 0.0 1.0 1.0 0.0 0.0
torus 2.5 1.0 -1.5707963267948966 1.5707963267948966 6.283185307179586
boolean cut 94
op 92
frame 2.5 0.0 1.0 0.0 0.0 1.0 1.0 0.0 0.0
sphere 0.6 -1.5707963267948966 1.5707963267948966
end
case oh_ball_common 1e-07
op 91
frame 0.0 0.0 0.0 0.0 0.0 1.0 1.0 0.0 0.0
torus 2.5 1.0 -1.5707963267948966 1.5707963267948966 6.283185307179586
boolean common 94
op 92
frame 2.5 0.0 1.0 0.0 0.0 1.0 1.0 0.0 0.0
sphere 0.6 -1.5707963267948966 1.5707963267948966
end
case oh_dome_cut 1e-07
op 91
frame 0.0 0.0 0.0 0.0 0.0 1.0 1.0 0.0 0.0
torus 2.5 1.0 -1.5707963267948966 1.5707963267948966 6.283185307179586
boolean cut 94
op 92
frame 0.0 0.0 0.25 0.0 0.0 1.0 1.0 0.0 0.0
sphere 3.0 -1.5707963267948966 0.0
end
case oh_dome_common 1e-07
op 91
frame 0.0 0.0 0.0 0.0 0.0 1.0 1.0 0.0 0.0
torus 2.5 1.0 -1.5707963267948966 1.5707963267948966 6.283185307179586
boolean common 94
op 92
frame 0.0 0.0 0.25 0.0 0.0 1.0 1.0 0.0 0.0
sphere 3.0 -1.5707963267948966 0.0
end
case oh_torus_fuse 1e-07
op 91
frame 0.0 0.0 0.0 0.0 0.0 1.0 1.0 0.0 0.0
torus 2.5 1.0 -1.5707963267948966 1.5707963267948966 6.283185307179586
boolean fuse 94
op 92
frame 0.0 3.3 0.0 1.0 0.0 0.0 0.0 1.0 0.0
torus 0.9 0.35 0.0 6.283185307179586 6.283185307179586
end
case oh_torus_cut 1e-07
op 91
frame 0.0 0.0 0.0 0.0 0.0 1.0 1.0 0.0 0.0
torus 2.5 1.0 -1.5707963267948966 1.5707963267948966 6.283185307179586
boolean cut 94
op 92
frame 0.0 3.3 0.0 1.0 0.0 0.0 0.0 1.0 0.0
torus 0.9 0.35 0.0 6.283185307179586 6.283185307179586
end
case oh_torus_common 1e-07
op 91
frame 0.0 0.0 0.0 0.0 0.0 1.0 1.0 0.0 0.0
torus 2.5 1.0 -1.5707963267948966 1.5707963267948966 6.283185307179586
boolean common 94
op 92
frame 0.0 3.3 0.0 1.0 0.0 0.0 0.0 1.0 0.0
torus 0.9 0.35 0.0 6.283185307179586 6.283185307179586
end
case band_ball_fuse 1e-07
op 91
frame 0.0 0.0 0.0 0.0 0.0 1.0 1.0 0.0 0.0
torus 2.5 1.0 0.5 2.25 6.283185307179586
boolean fuse 94
op 92
frame 3.3 0.0 0.45 0.0 0.0 1.0 1.0 0.0 0.0
sphere 0.5 -1.5707963267948966 1.5707963267948966
end
case band_ball_cut 1e-07
op 91
frame 0.0 0.0 0.0 0.0 0.0 1.0 1.0 0.0 0.0
torus 2.5 1.0 0.5 2.25 6.283185307179586
boolean cut 94
op 92
frame 3.3 0.0 0.45 0.0 0.0 1.0 1.0 0.0 0.0
sphere 0.5 -1.5707963267948966 1.5707963267948966
end
case band_ball_common 1e-07
op 91
frame 0.0 0.0 0.0 0.0 0.0 1.0 1.0 0.0 0.0
torus 2.5 1.0 0.5 2.25 6.283185307179586
boolean common 94
op 92
frame 3.3 0.0 0.45 0.0 0.0 1.0 1.0 0.0 0.0
sphere 0.5 -1.5707963267948966 1.5707963267948966
end
case band_cone_cut 1e-07
op 91
frame 0.0 0.0 0.0 0.0 0.0 1.0 1.0 0.0 0.0
torus 2.5 1.0 0.5 2.25 6.283185307179586
boolean cut 94
op 92
frame 1.9 0.0 -0.5 0.0 0.0 1.0 1.0 0.0 0.0
cone 0.5 0.25 2.0
end
case band_cone_common 1e-07
op 91
frame 0.0 0.0 0.0 0.0 0.0 1.0 1.0 0.0 0.0
torus 2.5 1.0 0.5 2.25 6.283185307179586
boolean common 94
op 92
frame 1.9 0.0 -0.5 0.0 0.0 1.0 1.0 0.0 0.0
cone 0.5 0.25 2.0
end
case band_torus_cut 1e-07
op 91
frame 0.0 0.0 0.0 0.0 0.0 1.0 1.0 0.0 0.0
torus 2.5 1.0 0.5 2.25 6.283185307179586
boolean cut 94
op 92
frame 0.0 2.5 0.0 1.0 0.0 0.0 0.0 1.0 0.0
torus 1.25 0.5 0.0 6.283185307179586 6.283185307179586
end
case band_torus_common 1e-07
op 91
frame 0.0 0.0 0.0 0.0 0.0 1.0 1.0 0.0 0.0
torus 2.5 1.0 0.5 2.25 6.283185307179586
boolean common 94
op 92
frame 0.0 2.5 0.0 1.0 0.0 0.0 0.0 1.0 0.0
torus 1.25 0.5 0.0 6.283185307179586 6.283185307179586
end
case band_tilt_pipe_cut 1e-07
op 91
frame 0.0 0.0 0.0 0.0 3.0 4.0 1.0 0.0 0.0
torus 2.5 1.0 0.5 2.25 6.283185307179586
boolean cut 94
op 92
frame 0.0 0.0 0.0 0.0 3.0 4.0 1.0 0.0 0.0
offsets -2.0 2.0
boundary C 0.0 0.0 3.0
end
case band_tilt_pipe_common 1e-07
op 91
frame 0.0 0.0 0.0 0.0 3.0 4.0 1.0 0.0 0.0
torus 2.5 1.0 0.5 2.25 6.283185307179586
boolean common 94
op 92
frame 0.0 0.0 0.0 0.0 3.0 4.0 1.0 0.0 0.0
offsets -2.0 2.0
boundary C 0.0 0.0 3.0
end
case qw_pipe_fuse 1e-07
op 91
frame 0.0 0.0 0.0 0.0 0.0 1.0 1.0 0.0 0.0
torus 2.5 1.0 0.0 6.283185307179586 1.5707963267948966
boolean fuse 94
op 92
frame 0.0 0.0 0.0 0.0 0.0 1.0 1.0 0.0 0.0
offsets -2.0 2.0
boundary C 0.0 2.5 0.5
end
case qw_pipe_cut 1e-07
op 91
frame 0.0 0.0 0.0 0.0 0.0 1.0 1.0 0.0 0.0
torus 2.5 1.0 0.0 6.283185307179586 1.5707963267948966
boolean cut 94
op 92
frame 0.0 0.0 0.0 0.0 0.0 1.0 1.0 0.0 0.0
offsets -2.0 2.0
boundary C 0.0 2.5 0.5
end
case qw_pipe_common 1e-07
op 91
frame 0.0 0.0 0.0 0.0 0.0 1.0 1.0 0.0 0.0
torus 2.5 1.0 0.0 6.283185307179586 1.5707963267948966
boolean common 94
op 92
frame 0.0 0.0 0.0 0.0 0.0 1.0 1.0 0.0 0.0
offsets -2.0 2.0
boundary C 0.0 2.5 0.5
end
case qw_torus_cut 1e-07
op 91
frame 0.0 0.0 0.0 0.0 0.0 1.0 1.0 0.0 0.0
torus 2.5 1.0 0.0 6.283185307179586 1.5707963267948966
boolean cut 94
op 92
frame 0.25 2.45 0.5 0.0 0.0 1.0 1.0 0.0 0.0
torus 0.75 0.3 0.0 6.283185307179586 6.283185307179586
end
case qw_torus_common 1e-07
op 91
frame 0.0 0.0 0.0 0.0 0.0 1.0 1.0 0.0 0.0
torus 2.5 1.0 0.0 6.283185307179586 1.5707963267948966
boolean common 94
op 92
frame 0.25 2.45 0.5 0.0 0.0 1.0 1.0 0.0 0.0
torus 0.75 0.3 0.0 6.283185307179586 6.283185307179586
end
case hw_ball_cut 1e-07
op 91
frame 0.0 0.0 0.0 0.0 0.0 1.0 1.0 0.0 0.0
torus 2.5 1.0 0.0 6.283185307179586 3.141592653589793
boolean cut 94
op 92
frame 2.5 0.0 0.75 0.0 0.0 1.0 1.0 0.0 0.0
sphere 0.6 -1.5707963267948966 1.5707963267948966
end
case hw_ball_common 1e-07
op 91
frame 0.0 0.0 0.0 0.0 0.0 1.0 1.0 0.0 0.0
torus 2.5 1.0 0.0 6.283185307179586 3.141592653589793
boolean common 94
op 92
frame 2.5 0.0 0.75 0.0 0.0 1.0 1.0 0.0 0.0
sphere 0.6 -1.5707963267948966 1.5707963267948966
end
case tw_cone_cut 1e-07
op 91
frame 0.0 0.0 0.0 0.0 0.0 1.0 1.0 0.0 0.0
torus 2.5 1.0 0.0 6.283185307179586 4.71238898038469
boolean cut 94
op 92
frame 0.3 -2.4 -1.5 0.0 0.0 1.0 1.0 0.0 0.0
cone 0.75 0.25 3.0
end
case tw_cone_common 1e-07
op 91
frame 0.0 0.0 0.0 0.0 0.0 1.0 1.0 0.0 0.0
torus 2.5 1.0 0.0 6.283185307179586 4.71238898038469
boolean common 94
op 92
frame 0.3 -2.4 -1.5 0.0 0.0 1.0 1.0 0.0 0.0
cone 0.75 0.25 3.0
end
case qw_rim_touch_common 1e-07
op 91
frame 0.0 0.0 0.0 0.0 0.0 1.0 1.0 0.0 0.0
torus 2.5 1.0 0.0 6.283185307179586 1.5707963267948966
boolean common 94
op 92
frame 4.0 0.375 0.0 0.0 0.0 1.0 1.0 0.0 0.0
sphere 0.625 -1.5707963267948966 1.5707963267948966
end
case qw_lean_ball_cut 1e-07
op 91
frame 0.0 0.0 0.0 3.0 0.0 4.0 0.0 1.0 0.0
torus 2.5 1.0 0.0 6.283185307179586 1.5707963267948966
boolean cut 94
op 92
frame -0.4 3.2 0.25 0.0 0.0 1.0 1.0 0.0 0.0
sphere 0.75 -1.5707963267948966 1.5707963267948966
end
case qw_lean_ball_common 1e-07
op 91
frame 0.0 0.0 0.0 3.0 0.0 4.0 0.0 1.0 0.0
torus 2.5 1.0 0.0 6.283185307179586 1.5707963267948966
boolean common 94
op 92
frame -0.4 3.2 0.25 0.0 0.0 1.0 1.0 0.0 0.0
sphere 0.75 -1.5707963267948966 1.5707963267948966
end
