write u_scoop imported/form_u_scoop.brep
plane 1.0 2.0 0.5 0.4444444444444444 0.1111111111111111 0.8888888888888888 -0.7777777777777778 -0.4444444444444445 0.4444444444444445
wire P 8 1.0 2.0 0.5 -8.333333333333334 -3.333333333333334 5.833333333333334 -7.000000000000001 -6.0 5.500000000000001 -0.7777777777777779 -2.4444444444444446 1.9444444444444444 0.11111111111111116 -4.222222222222222 1.722222222222222 -6.111111111111112 -7.777777777777779 5.277777777777779 -4.777777777777779 -10.444444444444445 4.944444444444445 4.555555555555555 -5.111111111111111 -0.38888888888888884
prism 2.6666666666666665 0.6666666666666666 5.333333333333333
boolean cut
sphere -1.8888888888888902 -2.2222222222222223 9.222222222222221 0.4444444444444444 -0.8888888888888888 -0.1111111111111111 0.4444444444444444 0.1111111111111111 0.8888888888888888 2.5 -1.5707963267948966 1.5707963267948966
end
write u_boss imported/form_u_boss.brep
plane 0.0 0.0 0.0 0.0 0.0 1.0 1.0 0.0 0.0
wire P 8 0.0 0.0 0.0 11.0 0.0 0.0 11.0 3.0 0.0 5.0 3.0 0.0 5.0 5.0 0.0 11.0 5.0 0.0 11.0 8.0 0.0 0.0 8.0 0.0
prism 0.0 0.0 4.0
boolean fuse
plane 0.0 0.0 4.0 0.0 0.0 1.0 1.0 0.0 0.0
wire C 2.5 4.0 4.0 1.5
prism 0.0 0.0 3.0
end
write bites imported/form_bites.brep
plane 0.0 0.0 0.0 0.0 0.0 1.0 1.0 0.0 0.0
wire C 4.0 4.0 0.0 3.0
prism 0.0 0.0 6.0
boolean cut
plane 0.0 0.0 2.0 0.0 0.0 1.0 1.0 0.0 0.0
wire P 8 -3.0 1.5 2.0 3.5 1.5 2.0 3.5 2.5 2.0 -1.0 2.5 2.0 -1.0 5.5 2.0 3.5 5.5 2.0 3.5 6.5 2.0 -3.0 6.5 2.0
prism 0.0 0.0 2.5
end
write cap_boss imported/form_cap_boss.brep
plane 1.0 2.0 0.5 0.8888888888888888 0.4444444444444444 0.1111111111111111 -0.1111111111111111 0.4444444444444444 -0.8888888888888888
wire P 4 1.0 2.0 0.5 0.11111111111111116 5.555555555555555 -6.611111111111111 -3.4444444444444446 11.777777777777779 -3.055555555555555 -2.555555555555556 8.222222222222221 4.055555555555555
prism 5.333333333333333 2.6666666666666665 0.6666666666666666
boolean fuse
sphere -2.111111111111111 6.444444444444445 -1.3888888888888886 0.8888888888888888 0.4444444444444444 0.1111111111111111 -0.1111111111111111 0.4444444444444444 -0.8888888888888888 3.0 0.0 1.5707963267948966
end
write cap_pocket imported/form_cap_pocket.brep
plane 0.5 1.0 1.5 0.4444444444444444 0.4444444444444444 0.7777777777777778 0.1111111111111111 -0.8888888888888888 0.4444444444444444
wire P 4 0.5 1.0 1.5 1.3888888888888888 -6.111111111111111 5.055555555555555 8.5 -7.0 1.5 7.611111111111111 0.11111111111111116 -2.0555555555555554
prism 1.7777777777777777 1.7777777777777777 3.111111111111111
boolean cut
sphere 5.388888888888888 -2.1111111111111107 3.055555555555556 0.4444444444444444 0.4444444444444444 0.7777777777777778 0.1111111111111111 -0.8888888888888888 0.4444444444444444 3.0 0.0 1.5707963267948966
end
write dee_boss imported/form_dee_boss.brep
plane 0.0 0.0 -1.0 0.0 0.0 1.0 1.0 0.0 0.0
wire P 4 3.25 -2.875 -1.0 13.25 -2.875 -1.0 13.25 4.625 -1.0 3.25 4.625 -1.0
prism 0.0 0.0 4.0
boolean fuse
plane 5.625 0.0 0.0 1.0 0.0 0.0 0.0 1.0 0.0
wire S 2 5.625 2.625 1.0 L 5.625 2.625 5.0 A 5.625 1.125 3.0 2.5 1
prism 6.0 0.0 0.0
end
write u_notch imported/form_u_notch.brep
plane 0.0 0.0 0.0 0.0 0.0 1.0 1.0 0.0 0.0
wire P 8 0.0 0.0 0.0 8.0 0.0 0.0 8.0 2.5 0.0 5.0 2.5 0.0 5.0 3.5 0.0 8.0 3.5 0.0 8.0 6.0 0.0 0.0 6.0 0.0
prism 0.0 0.0 3.0
boolean cut
plane 0.0 0.0 -1.0 0.0 0.0 1.0 -1.0 0.0 0.0
wire C 0.0 3.0 -1.0 3.0
prism 0.0 0.0 5.0
end
write tooth imported/form_tooth.brep
plane 0.0 0.0 0.0 0.0 0.0 1.0 1.0 0.0 0.0
wire C 4.0 4.0 0.0 3.0
prism 0.0 0.0 6.0
boolean cut
plane 0.0 0.0 2.0 0.0 0.0 1.0 1.0 0.0 0.0
wire P 8 -3.0 2.5 2.0 3.0 2.5 2.0 3.0 3.5 2.0 2.0 3.5 2.0 2.0 4.5 2.0 3.0 4.5 2.0 3.0 5.5 2.0 -3.0 5.5 2.0
prism 0.0 0.0 2.5
end
