write slot imported/slot.brep
plane 5.0 3.0 0.0 0.0 0.6 0.8 1.0 -0.0 0.0
wire S 4 2.0 1.4 1.2 L 8.0 1.4 1.2 A 8.0 3.0 0.0 2.0 1 8.0 4.6 -1.2 L 2.0 4.6 -1.2 A 2.0 3.0 0.0 2.0 1
prism 0.0 3.0 4.0
end
write halves_turn imported/halves_turn.brep
plane 5.0 3.0 0.0 0.0 0.0 1.0 0.8660254037844386 0.5 -0.0
wire S 2 7.223076211353316 5.149519052838329 0.0 A 5.05801270189222 3.899519052838329 0.0 2.5 1 2.892949192431123 2.649519052838329 0.0 A 5.05801270189222 3.899519052838329 0.0 2.5 1
prism 0.0 0.0 5.0
end
write rounded imported/rounded.brep
plane 5.0 5.0 0.0 0.0 0.0 1.0 0.9230769230769231 0.38461538461538464 -0.0
wire S 8 3.1923076923076925 1.5384615384615379 0.0 L 8.73076923076923 3.8461538461538463 0.0 A 8.346153846153847 4.76923076923077 0.0 1.0 1 9.26923076923077 5.153846153846153 0.0 L 8.115384615384617 7.923076923076923 0.0 A 7.1923076923076925 7.538461538461538 0.0 1.0 1 6.8076923076923075 8.461538461538462 0.0 L 1.2692307692307692 6.153846153846153 0.0 A 1.6538461538461537 5.23076923076923 0.0 1.0 1 0.7307692307692305 4.846153846153847 0.0 L 1.8846153846153846 2.076923076923077 0.0 A 2.807692307692308 2.4615384615384612 0.0 1.0 1
prism 0.0 0.0 3.0
end
write notch imported/notch.brep
plane 2.25 0.125 -0.5 0.0 0.0 1.0 0.8660254037844386 0.5 -0.0
wire S 4 4.25 -3.3391016151377544 -0.5 L 11.178203230275509 0.6608983848622456 -0.5 A 6.580127018922193 2.625 -0.5 5.0 1 7.178203230275509 7.589101615137754 -0.5 L 0.25 3.5891016151377544 -0.5 L
prism 0.0 0.0 4.0
end
write lens imported/lens.brep
plane 5.0 3.0 0.5 0.0 0.0 1.0 0.8660254037844386 0.5 -0.0
wire S 2 7.0 -0.4641016151377544 0.5 A 2.401923788646684 1.5 0.5 5.0 1 3.0 6.464101615137754 0.5 A 7.598076211353316 4.5 0.5 5.0 1
prism 0.0 0.0 4.0
end
