case knot_tilt_fuse 1e-07
op 91
frame 0.0 0.0 0.0 0.0 3.0 4.0 1.0 0.0 0.0
offsets 0.0 5.0
boundary S 4 0.0 0.0 L 10.0 0.0 L 10.0 2.0 B 2 5 10.0 2.0 7.0 3.0 5.0 4.0 3.0 5.0 0.0 6.0 3 0.0 1.0 2.0 3 2 3 0.0 6.0 L
boolean fuse 93
op 92
frame 3.0 1.0 0.25 0.0 0.0 1.0 1.0 0.0 0.0
offsets 0.0 1.5
boundary P 4 0.0 0.0 4.0 0.0 4.0 6.0 0.0 6.0
end
case knot_tilt_cut 1e-07
op 91
frame 0.0 0.0 0.0 0.0 3.0 4.0 1.0 0.0 0.0
offsets 0.0 5.0
boundary S 4 0.0 0.0 L 10.0 0.0 L 10.0 2.0 B 2 5 10.0 2.0 7.0 3.0 5.0 4.0 3.0 5.0 0.0 6.0 3 0.0 1.0 2.0 3 2 3 0.0 6.0 L
boolean cut 93
op 92
frame 3.0 1.0 0.25 0.0 0.0 1.0 1.0 0.0 0.0
offsets 0.0 1.5
boundary P 4 0.0 0.0 4.0 0.0 4.0 6.0 0.0 6.0
end
case knot_tilt_common 1e-07
op 91
frame 0.0 0.0 0.0 0.0 3.0 4.0 1.0 0.0 0.0
offsets 0.0 5.0
boundary S 4 0.0 0.0 L 10.0 0.0 L 10.0 2.0 B 2 5 10.0 2.0 7.0 3.0 5.0 4.0 3.0 5.0 0.0 6.0 3 0.0 1.0 2.0 3 2 3 0.0 6.0 L
boolean common 93
op 92
frame 3.0 1.0 0.25 0.0 0.0 1.0 1.0 0.0 0.0
offsets 0.0 1.5
boundary P 4 0.0 0.0 4.0 0.0 4.0 6.0 0.0 6.0
end
case blob_side_turned_fuse 1e-07
op 91
frame 0.0 0.0 0.0 0.0 3.0 4.0 1.0 0.0 0.0
offsets 0.0 5.0
boundary S 4 4.0 0.0 B 3 4 4.0 0.0 1.5 0.0 0.0 1.5 0.0 4.0 2 0.0 1.0 4 4 0.0 4.0 B 3 4 0.0 4.0 0.0 6.5 1.5 8.0 4.0 8.0 2 0.0 1.0 4 4 4.0 8.0 B 3 4 4.0 8.0 6.5 8.0 8.0 6.5 8.0 4.0 2 0.0 1.0 4 4 8.0 4.0 B 3 4 8.0 4.0 8.0 1.5 6.5 0.0 4.0 0.0 2 0.0 1.0 4 4
boolean fuse 93
op 92
frame 5.0 0.0 0.0 1.0 0.0 0.0 0.0 1.0 0.0
offsets 0.0 2.0
boundary P 4 1.0 -3.0 6.0 -3.0 6.0 2.0 1.0 2.0
end
case blob_side_turned_cut 1e-07
op 91
frame 0.0 0.0 0.0 0.0 3.0 4.0 1.0 0.0 0.0
offsets 0.0 5.0
boundary S 4 4.0 0.0 B 3 4 4.0 0.0 1.5 0.0 0.0 1.5 0.0 4.0 2 0.0 1.0 4 4 0.0 4.0 B 3 4 0.0 4.0 0.0 6.5 1.5 8.0 4.0 8.0 2 0.0 1.0 4 4 4.0 8.0 B 3 4 4.0 8.0 6.5 8.0 8.0 6.5 8.0 4.0 2 0.0 1.0 4 4 8.0 4.0 B 3 4 8.0 4.0 8.0 1.5 6.5 0.0 4.0 0.0 2 0.0 1.0 4 4
boolean cut 93
op 92
frame 5.0 0.0 0.0 1.0 0.0 0.0 0.0 1.0 0.0
offsets 0.0 2.0
boundary P 4 1.0 -3.0 6.0 -3.0 6.0 2.0 1.0 2.0
end
case blob_side_turned_common 1e-07
op 91
frame 0.0 0.0 0.0 0.0 3.0 4.0 1.0 0.0 0.0
offsets 0.0 5.0
boundary S 4 4.0 0.0 B 3 4 4.0 0.0 1.5 0.0 0.0 1.5 0.0 4.0 2 0.0 1.0 4 4 0.0 4.0 B 3 4 0.0 4.0 0.0 6.5 1.5 8.0 4.0 8.0 2 0.0 1.0 4 4 4.0 8.0 B 3 4 4.0 8.0 6.5 8.0 8.0 6.5 8.0 4.0 2 0.0 1.0 4 4 8.0 4.0 B 3 4 8.0 4.0 8.0 1.5 6.5 0.0 4.0 0.0 2 0.0 1.0 4 4
boolean common 93
op 92
frame 5.0 0.0 0.0 1.0 0.0 0.0 0.0 1.0 0.0
offsets 0.0 2.0
boundary P 4 1.0 -3.0 6.0 -3.0 6.0 2.0 1.0 2.0
end
