write shaft imported/chain_shaft.brep
plane 1.0 2.0 0.5 0.8888888888888888 0.4444444444444444 0.1111111111111111 -0.1111111111111111 0.4444444444444444 -0.8888888888888888
wire C 1.0 2.0 0.5 3.0
prism 3.5555555555555554 1.7777777777777777 0.4444444444444444
boolean fuse
plane 2.7777777777777777 2.888888888888889 0.7222222222222222 0.8888888888888888 0.4444444444444444 0.1111111111111111 -0.1111111111111111 0.4444444444444444 -0.8888888888888888
wire C 2.7777777777777777 2.888888888888889 0.7222222222222222 1.5
prism 6.222222222222221 3.1111111111111107 0.7777777777777777
end
write cup imported/chain_cup.brep
plane 0.5 1.0 1.5 0.4444444444444444 0.4444444444444444 0.7777777777777778 0.1111111111111111 -0.8888888888888888 0.4444444444444444
wire C 0.5 1.0 1.5 3.0
prism 2.2222222222222223 2.2222222222222223 3.888888888888889
boolean cut
plane 0.9444444444444444 1.4444444444444444 2.2777777777777777 0.4444444444444444 0.4444444444444444 0.7777777777777778 0.1111111111111111 -0.8888888888888888 0.4444444444444444
wire C 0.9444444444444444 1.4444444444444444 2.2777777777777777 2.0
prism 2.6666666666666665 2.6666666666666665 4.666666666666667
end
write dome imported/chain_dome.brep
cone 0.0 0.0 0.0 0.0 0.0 1.0 1.0 0.0 0.0 3.5 2.5 4.0
boolean common
sphere 0.0 0.0 -2.0 0.0 0.0 1.0 1.0 0.0 0.0 5.0 -1.5707963267948966 1.5707963267948966
end
write pin imported/chain_pin.brep
plane 0.0 0.0 0.0 0.0 0.0 1.0 1.0 0.0 0.0
wire C 0.0 0.0 0.0 1.4
prism 0.0 0.0 6.0
boolean common
sphere 0.0 0.0 -2.0 0.0 0.0 1.0 1.0 0.0 0.0 5.0 -1.5707963267948966 1.5707963267948966
end
write bead imported/chain_bead.brep
sphere 2.0 1.0 0.5 0.4444444444444444 0.1111111111111111 0.8888888888888888 -0.7777777777777778 -0.4444444444444445 0.4444444444444445 5.0 -1.5707963267948966 1.5707963267948966
boolean cut
plane -0.6666666666666665 0.33333333333333337 -4.833333333333333 0.4444444444444444 0.1111111111111111 0.8888888888888888 -0.7777777777777778 -0.4444444444444445 0.4444444444444445
wire C -0.6666666666666665 0.33333333333333337 -4.833333333333333 3.0
prism 5.333333333333333 1.3333333333333333 10.666666666666666
end
write knob imported/chain_knob.brep
sphere 1.0 1.0 1.0 0.0 0.0 1.0 1.0 0.0 0.0 2.0 -1.5707963267948966 1.5707963267948966
boolean fuse
plane 1.0 1.0 1.0 0.0 0.0 1.0 1.0 0.0 0.0
wire C 1.0 1.0 1.0 1.2
prism 0.0 0.0 5.0
end
write capsule imported/chain_capsule.brep
plane 0.0 0.0 0.0 0.0 0.0 1.0 1.0 0.0 0.0
wire C 0.0 0.0 0.0 2.0
prism 0.0 0.0 4.0
boolean fuse
sphere 0.0 0.0 4.0 0.0 0.0 1.0 1.0 0.0 0.0 2.0 -1.5707963267948966 1.5707963267948966
end
write rounded imported/chain_rounded.brep
plane 0.0 0.0 0.0 0.0 0.0 1.0 1.0 0.0 0.0
wire S 8 2.0 0.0 0.0 L 6.0 0.0 0.0 A 6.0 2.0 0.0 2.0 1 8.0 2.0 0.0 L 8.0 6.0 0.0 A 6.0 6.0 0.0 2.0 1 6.0 8.0 0.0 L 2.0 8.0 0.0 A 2.0 6.0 0.0 2.0 1 0.0 6.0 0.0 L 0.0 2.0 0.0 A 2.0 2.0 0.0 2.0 1
prism 0.0 0.0 8.0
boolean cut
plane 0.0 -1.0 0.0 0.0 1.0 0.0 0.0 0.0 1.0
wire C 4.0 -1.0 4.0 1.5
prism 0.0 10.0 0.0
end
