clamped_p1_q1_r0 N 1 3 3 1 1 0 0 1 2 1 7 1 3 4 3 1 0 2 1 1 4 2 D 0 1
clamped_p1_q2_r0 N 1 3 3 1 1 0 0 1 2 1 7 1 3 4 3 1 0 2 1 1 4 2 D 0 2
clamped_p1_q25_r0 N 1 3 3 1 1 0 0 1 2 1 7 1 3 4 3 1 0 2 1 1 4 2 D 0 25
clamped_p1_q1_r1 N 1 3 3 1 1 0 0 1 2 1 7 2 3 4 3 3 0 2 1 1 4 2 D 0 1
clamped_p1_q2_r1 N 1 3 3 1 1 0 0 1 2 1 7 2 3 4 3 3 0 2 1 1 4 2 D 0 2
clamped_p1_q25_r1 N 1 3 3 1 1 0 0 1 2 1 7 2 3 4 3 3 0 2 1 1 4 2 D 0 25
unclamped_p1_q1_r0 N 1 4 6 1 1 0 0 1 2 1 7 1 3 4 3 1 4 9 10 1 0 1 1 1 2 1 3 1 4 1 5 1 D 0 1
unclamped_p1_q2_r0 N 1 4 6 1 1 0 0 1 2 1 7 1 3 4 3 1 4 9 10 1 0 1 1 1 2 1 3 1 4 1 5 1 D 0 2
unclamped_p1_q25_r0 N 1 4 6 1 1 0 0 1 2 1 7 1 3 4 3 1 4 9 10 1 0 1 1 1 2 1 3 1 4 1 5 1 D 0 25
unclamped_p1_q1_r1 N 1 4 6 1 1 0 0 1 2 1 7 2 3 4 3 3 4 9 10 1 0 1 1 1 2 1 3 1 4 1 5 1 D 0 1
unclamped_p1_q2_r1 N 1 4 6 1 1 0 0 1 2 1 7 2 3 4 3 3 4 9 10 1 0 1 1 1 2 1 3 1 4 1 5 1 D 0 2
unclamped_p1_q25_r1 N 1 4 6 1 1 0 0 1 2 1 7 2 3 4 3 3 4 9 10 1 0 1 1 1 2 1 3 1 4 1 5 1 D 0 25
inactive_p1_q1_r0 N 1 5 7 1 1 0 0 1 2 1 7 1 3 4 3 1 4 9 10 1 5 16 6 1 -2 1 -1 1 0 1 1 1 2 1 3 1 4 1 D 0 1
inactive_p1_q2_r0 N 1 5 7 1 1 0 0 1 2 1 7 1 3 4 3 1 4 9 10 1 5 16 6 1 -2 1 -1 1 0 1 1 1 2 1 3 1 4 1 D 0 2
inactive_p1_q25_r0 N 1 5 7 1 1 0 0 1 2 1 7 1 3 4 3 1 4 9 10 1 5 16 6 1 -2 1 -1 1 0 1 1 1 2 1 3 1 4 1 D 0 25
inactive_p1_q1_r1 N 1 5 7 1 1 0 0 1 2 1 7 2 3 4 3 3 4 9 10 1 5 16 6 2 -2 1 -1 1 0 1 1 1 2 1 3 1 4 1 D 0 1
inactive_p1_q2_r1 N 1 5 7 1 1 0 0 1 2 1 7 2 3 4 3 3 4 9 10 1 5 16 6 2 -2 1 -1 1 0 1 1 1 2 1 3 1 4 1 D 0 2
inactive_p1_q25_r1 N 1 5 7 1 1 0 0 1 2 1 7 2 3 4 3 3 4 9 10 1 5 16 6 2 -2 1 -1 1 0 1 1 1 2 1 3 1 4 1 D 0 25
periodic_p1_q1_r0 P 1 2 3 1 1 0 0 1 2 1 7 1 0 1 1 1 3 1 D 0 1
periodic_p1_q2_r0 P 1 2 3 1 1 0 0 1 2 1 7 1 0 1 1 1 3 1 D 0 2
periodic_p1_q25_r0 P 1 2 3 1 1 0 0 1 2 1 7 1 0 1 1 1 3 1 D 0 25
periodic_p1_q1_r1 P 1 2 3 1 1 0 0 1 2 1 7 2 0 1 1 1 3 1 D 0 1
periodic_p1_q2_r1 P 1 2 3 1 1 0 0 1 2 1 7 2 0 1 1 1 3 1 D 0 2
periodic_p1_q25_r1 P 1 2 3 1 1 0 0 1 2 1 7 2 0 1 1 1 3 1 D 0 25
uniform_periodic_p1_q1_r0 P 1 4 5 1 1 0 0 1 2 1 7 1 3 4 3 1 4 9 10 1 0 1 1 1 2 1 3 1 4 1 D 0 1
uniform_periodic_p1_q2_r0 P 1 4 5 1 1 0 0 1 2 1 7 1 3 4 3 1 4 9 10 1 0 1 1 1 2 1 3 1 4 1 D 0 2
uniform_periodic_p1_q25_r0 P 1 4 5 1 1 0 0 1 2 1 7 1 3 4 3 1 4 9 10 1 0 1 1 1 2 1 3 1 4 1 D 0 25
uniform_periodic_p1_q1_r1 P 1 4 5 1 1 0 0 1 2 1 7 2 3 4 3 3 4 9 10 1 0 1 1 1 2 1 3 1 4 1 D 0 1
uniform_periodic_p1_q2_r1 P 1 4 5 1 1 0 0 1 2 1 7 2 3 4 3 3 4 9 10 1 0 1 1 1 2 1 3 1 4 1 D 0 2
uniform_periodic_p1_q25_r1 P 1 4 5 1 1 0 0 1 2 1 7 2 3 4 3 3 4 9 10 1 0 1 1 1 2 1 3 1 4 1 D 0 25
clamped_p2_q2_r0 N 2 4 3 1 1 0 0 1 2 1 7 1 3 4 3 1 4 9 10 1 0 3 1 1 4 3 D 0 2
clamped_p2_q3_r0 N 2 4 3 1 1 0 0 1 2 1 7 1 3 4 3 1 4 9 10 1 0 3 1 1 4 3 D 0 3
clamped_p2_q25_r0 N 2 4 3 1 1 0 0 1 2 1 7 1 3 4 3 1 4 9 10 1 0 3 1 1 4 3 D 0 25
clamped_p2_q2_r1 N 2 4 3 1 1 0 0 1 2 1 7 2 3 4 3 3 4 9 10 1 0 3 1 1 4 3 D 0 2
clamped_p2_q3_r1 N 2 4 3 1 1 0 0 1 2 1 7 2 3 4 3 3 4 9 10 1 0 3 1 1 4 3 D 0 3
clamped_p2_q25_r1 N 2 4 3 1 1 0 0 1 2 1 7 2 3 4 3 3 4 9 10 1 0 3 1 1 4 3 D 0 25
unclamped_p2_q2_r0 N 2 5 8 1 1 0 0 1 2 1 7 1 3 4 3 1 4 9 10 1 5 16 6 1 0 1 1 1 2 1 3 1 4 1 5 1 6 1 7 1 D 0 2
unclamped_p2_q3_r0 N 2 5 8 1 1 0 0 1 2 1 7 1 3 4 3 1 4 9 10 1 5 16 6 1 0 1 1 1 2 1 3 1 4 1 5 1 6 1 7 1 D 0 3
unclamped_p2_q25_r0 N 2 5 8 1 1 0 0 1 2 1 7 1 3 4 3 1 4 9 10 1 5 16 6 1 0 1 1 1 2 1 3 1 4 1 5 1 6 1 7 1 D 0 25
unclamped_p2_q2_r1 N 2 5 8 1 1 0 0 1 2 1 7 2 3 4 3 3 4 9 10 1 5 16 6 2 0 1 1 1 2 1 3 1 4 1 5 1 6 1 7 1 D 0 2
unclamped_p2_q3_r1 N 2 5 8 1 1 0 0 1 2 1 7 2 3 4 3 3 4 9 10 1 5 16 6 2 0 1 1 1 2 1 3 1 4 1 5 1 6 1 7 1 D 0 3
unclamped_p2_q25_r1 N 2 5 8 1 1 0 0 1 2 1 7 2 3 4 3 3 4 9 10 1 5 16 6 2 0 1 1 1 2 1 3 1 4 1 5 1 6 1 7 1 D 0 25
inactive_p2_q2_r0 N 2 9 7 1 1 0 0 1 2 1 7 1 3 4 3 1 4 9 10 1 5 16 6 1 6 0 2 1 7 1 9 1 8 4 5 1 9 9 1 1 -2 2 -1 2 0 1 1 2 2 1 3 2 4 2 D 0 2
inactive_p2_q3_r0 N 2 9 7 1 1 0 0 1 2 1 7 1 3 4 3 1 4 9 10 1 5 16 6 1 6 0 2 1 7 1 9 1 8 4 5 1 9 9 1 1 -2 2 -1 2 0 1 1 2 2 1 3 2 4 2 D 0 3
inactive_p2_q25_r0 N 2 9 7 1 1 0 0 1 2 1 7 1 3 4 3 1 4 9 10 1 5 16 6 1 6 0 2 1 7 1 9 1 8 4 5 1 9 9 1 1 -2 2 -1 2 0 1 1 2 2 1 3 2 4 2 D 0 25
inactive_p2_q2_r1 N 2 9 7 1 1 0 0 1 2 1 7 2 3 4 3 3 4 9 10 1 5 16 6 2 6 0 2 3 7 1 9 1 8 4 5 2 9 9 1 3 -2 2 -1 2 0 1 1 2 2 1 3 2 4 2 D 0 2
inactive_p2_q3_r1 N 2 9 7 1 1 0 0 1 2 1 7 2 3 4 3 3 4 9 10 1 5 16 6 2 6 0 2 3 7 1 9 1 8 4 5 2 9 9 1 3 -2 2 -1 2 0 1 1 2 2 1 3 2 4 2 D 0 3
inactive_p2_q25_r1 N 2 9 7 1 1 0 0 1 2 1 7 2 3 4 3 3 4 9 10 1 5 16 6 2 6 0 2 3 7 1 9 1 8 4 5 2 9 9 1 3 -2 2 -1 2 0 1 1 2 2 1 3 2 4 2 D 0 25
periodic_p2_q2_r0 P 2 3 3 1 1 0 0 1 2 1 7 1 3 4 3 1 0 1 1 2 3 1 D 0 2
periodic_p2_q3_r0 P 2 3 3 1 1 0 0 1 2 1 7 1 3 4 3 1 0 1 1 2 3 1 D 0 3
periodic_p2_q25_r0 P 2 3 3 1 1 0 0 1 2 1 7 1 3 4 3 1 0 1 1 2 3 1 D 0 25
periodic_p2_q2_r1 P 2 3 3 1 1 0 0 1 2 1 7 2 3 4 3 3 0 1 1 2 3 1 D 0 2
periodic_p2_q3_r1 P 2 3 3 1 1 0 0 1 2 1 7 2 3 4 3 3 0 1 1 2 3 1 D 0 3
periodic_p2_q25_r1 P 2 3 3 1 1 0 0 1 2 1 7 2 3 4 3 3 0 1 1 2 3 1 D 0 25
uniform_periodic_p2_q2_r0 P 2 5 6 1 1 0 0 1 2 1 7 1 3 4 3 1 4 9 10 1 5 16 6 1 0 1 1 1 2 1 3 1 4 1 5 1 D 0 2
uniform_periodic_p2_q3_r0 P 2 5 6 1 1 0 0 1 2 1 7 1 3 4 3 1 4 9 10 1 5 16 6 1 0 1 1 1 2 1 3 1 4 1 5 1 D 0 3
uniform_periodic_p2_q25_r0 P 2 5 6 1 1 0 0 1 2 1 7 1 3 4 3 1 4 9 10 1 5 16 6 1 0 1 1 1 2 1 3 1 4 1 5 1 D 0 25
uniform_periodic_p2_q2_r1 P 2 5 6 1 1 0 0 1 2 1 7 2 3 4 3 3 4 9 10 1 5 16 6 2 0 1 1 1 2 1 3 1 4 1 5 1 D 0 2
uniform_periodic_p2_q3_r1 P 2 5 6 1 1 0 0 1 2 1 7 2 3 4 3 3 4 9 10 1 5 16 6 2 0 1 1 1 2 1 3 1 4 1 5 1 D 0 3
uniform_periodic_p2_q25_r1 P 2 5 6 1 1 0 0 1 2 1 7 2 3 4 3 3 4 9 10 1 5 16 6 2 0 1 1 1 2 1 3 1 4 1 5 1 D 0 25
clamped_p3_q3_r0 N 3 5 3 1 1 0 0 1 2 1 7 1 3 4 3 1 4 9 10 1 5 16 6 1 0 4 1 1 4 4 D 0 3
clamped_p3_q4_r0 N 3 5 3 1 1 0 0 1 2 1 7 1 3 4 3 1 4 9 10 1 5 16 6 1 0 4 1 1 4 4 D 0 4
clamped_p3_q25_r0 N 3 5 3 1 1 0 0 1 2 1 7 1 3 4 3 1 4 9 10 1 5 16 6 1 0 4 1 1 4 4 D 0 25
clamped_p3_q3_r1 N 3 5 3 1 1 0 0 1 2 1 7 2 3 4 3 3 4 9 10 1 5 16 6 2 0 4 1 1 4 4 D 0 3
clamped_p3_q4_r1 N 3 5 3 1 1 0 0 1 2 1 7 2 3 4 3 3 4 9 10 1 5 16 6 2 0 4 1 1 4 4 D 0 4
clamped_p3_q25_r1 N 3 5 3 1 1 0 0 1 2 1 7 2 3 4 3 3 4 9 10 1 5 16 6 2 0 4 1 1 4 4 D 0 25
unclamped_p3_q3_r0 N 3 6 10 1 1 0 0 1 2 1 7 1 3 4 3 1 4 9 10 1 5 16 6 1 6 0 2 1 0 1 1 1 2 1 3 1 4 1 5 1 6 1 7 1 8 1 9 1 D 0 3
unclamped_p3_q4_r0 N 3 6 10 1 1 0 0 1 2 1 7 1 3 4 3 1 4 9 10 1 5 16 6 1 6 0 2 1 0 1 1 1 2 1 3 1 4 1 5 1 6 1 7 1 8 1 9 1 D 0 4
unclamped_p3_q25_r0 N 3 6 10 1 1 0 0 1 2 1 7 1 3 4 3 1 4 9 10 1 5 16 6 1 6 0 2 1 0 1 1 1 2 1 3 1 4 1 5 1 6 1 7 1 8 1 9 1 D 0 25
unclamped_p3_q3_r1 N 3 6 10 1 1 0 0 1 2 1 7 2 3 4 3 3 4 9 10 1 5 16 6 2 6 0 2 3 0 1 1 1 2 1 3 1 4 1 5 1 6 1 7 1 8 1 9 1 D 0 3
unclamped_p3_q4_r1 N 3 6 10 1 1 0 0 1 2 1 7 2 3 4 3 3 4 9 10 1 5 16 6 2 6 0 2 3 0 1 1 1 2 1 3 1 4 1 5 1 6 1 7 1 8 1 9 1 D 0 4
unclamped_p3_q25_r1 N 3 6 10 1 1 0 0 1 2 1 7 2 3 4 3 3 4 9 10 1 5 16 6 2 6 0 2 3 0 1 1 1 2 1 3 1 4 1 5 1 6 1 7 1 8 1 9 1 D 0 25
inactive_p3_q3_r0 N 3 13 7 1 1 0 0 1 2 1 7 1 3 4 3 1 4 9 10 1 5 16 6 1 6 0 2 1 7 1 9 1 8 4 5 1 9 9 1 1 10 16 8 1 11 0 4 1 12 1 0 1 13 4 7 1 -2 3 -1 3 0 1 1 3 2 1 3 3 4 3 D 0 3
inactive_p3_q4_r0 N 3 13 7 1 1 0 0 1 2 1 7 1 3 4 3 1 4 9 10 1 5 16 6 1 6 0 2 1 7 1 9 1 8 4 5 1 9 9 1 1 10 16 8 1 11 0 4 1 12 1 0 1 13 4 7 1 -2 3 -1 3 0 1 1 3 2 1 3 3 4 3 D 0 4
inactive_p3_q25_r0 N 3 13 7 1 1 0 0 1 2 1 7 1 3 4 3 1 4 9 10 1 5 16 6 1 6 0 2 1 7 1 9 1 8 4 5 1 9 9 1 1 10 16 8 1 11 0 4 1 12 1 0 1 13 4 7 1 -2 3 -1 3 0 1 1 3 2 1 3 3 4 3 D 0 25
inactive_p3_q3_r1 N 3 13 7 1 1 0 0 1 2 1 7 2 3 4 3 3 4 9 10 1 5 16 6 2 6 0 2 3 7 1 9 1 8 4 5 2 9 9 1 3 10 16 8 1 11 0 4 2 12 1 0 3 13 4 7 1 -2 3 -1 3 0 1 1 3 2 1 3 3 4 3 D 0 3
inactive_p3_q4_r1 N 3 13 7 1 1 0 0 1 2 1 7 2 3 4 3 3 4 9 10 1 5 16 6 2 6 0 2 3 7 1 9 1 8 4 5 2 9 9 1 3 10 16 8 1 11 0 4 2 12 1 0 3 13 4 7 1 -2 3 -1 3 0 1 1 3 2 1 3 3 4 3 D 0 4
inactive_p3_q25_r1 N 3 13 7 1 1 0 0 1 2 1 7 2 3 4 3 3 4 9 10 1 5 16 6 2 6 0 2 3 7 1 9 1 8 4 5 2 9 9 1 3 10 16 8 1 11 0 4 2 12 1 0 3 13 4 7 1 -2 3 -1 3 0 1 1 3 2 1 3 3 4 3 D 0 25
periodic_p3_q3_r0 P 3 4 3 1 1 0 0 1 2 1 7 1 3 4 3 1 4 9 10 1 0 1 1 3 3 1 D 0 3
periodic_p3_q4_r0 P 3 4 3 1 1 0 0 1 2 1 7 1 3 4 3 1 4 9 10 1 0 1 1 3 3 1 D 0 4
periodic_p3_q25_r0 P 3 4 3 1 1 0 0 1 2 1 7 1 3 4 3 1 4 9 10 1 0 1 1 3 3 1 D 0 25
periodic_p3_q3_r1 P 3 4 3 1 1 0 0 1 2 1 7 2 3 4 3 3 4 9 10 1 0 1 1 3 3 1 D 0 3
periodic_p3_q4_r1 P 3 4 3 1 1 0 0 1 2 1 7 2 3 4 3 3 4 9 10 1 0 1 1 3 3 1 D 0 4
periodic_p3_q25_r1 P 3 4 3 1 1 0 0 1 2 1 7 2 3 4 3 3 4 9 10 1 0 1 1 3 3 1 D 0 25
uniform_periodic_p3_q3_r0 P 3 6 7 1 1 0 0 1 2 1 7 1 3 4 3 1 4 9 10 1 5 16 6 1 6 0 2 1 0 1 1 1 2 1 3 1 4 1 5 1 6 1 D 0 3
uniform_periodic_p3_q4_r0 P 3 6 7 1 1 0 0 1 2 1 7 1 3 4 3 1 4 9 10 1 5 16 6 1 6 0 2 1 0 1 1 1 2 1 3 1 4 1 5 1 6 1 D 0 4
uniform_periodic_p3_q25_r0 P 3 6 7 1 1 0 0 1 2 1 7 1 3 4 3 1 4 9 10 1 5 16 6 1 6 0 2 1 0 1 1 1 2 1 3 1 4 1 5 1 6 1 D 0 25
uniform_periodic_p3_q3_r1 P 3 6 7 1 1 0 0 1 2 1 7 2 3 4 3 3 4 9 10 1 5 16 6 2 6 0 2 3 0 1 1 1 2 1 3 1 4 1 5 1 6 1 D 0 3
uniform_periodic_p3_q4_r1 P 3 6 7 1 1 0 0 1 2 1 7 2 3 4 3 3 4 9 10 1 5 16 6 2 6 0 2 3 0 1 1 1 2 1 3 1 4 1 5 1 6 1 D 0 4
uniform_periodic_p3_q25_r1 P 3 6 7 1 1 0 0 1 2 1 7 2 3 4 3 3 4 9 10 1 5 16 6 2 6 0 2 3 0 1 1 1 2 1 3 1 4 1 5 1 6 1 D 0 25
clamped_p8_q8_r0 N 8 10 3 1 1 0 0 1 2 1 7 1 3 4 3 1 4 9 10 1 5 16 6 1 6 0 2 1 7 1 9 1 8 4 5 1 9 9 1 1 10 16 8 1 0 9 1 1 4 9 D 0 8
clamped_p8_q9_r0 N 8 10 3 1 1 0 0 1 2 1 7 1 3 4 3 1 4 9 10 1 5 16 6 1 6 0 2 1 7 1 9 1 8 4 5 1 9 9 1 1 10 16 8 1 0 9 1 1 4 9 D 0 9
clamped_p8_q25_r0 N 8 10 3 1 1 0 0 1 2 1 7 1 3 4 3 1 4 9 10 1 5 16 6 1 6 0 2 1 7 1 9 1 8 4 5 1 9 9 1 1 10 16 8 1 0 9 1 1 4 9 D 0 25
clamped_p8_q8_r1 N 8 10 3 1 1 0 0 1 2 1 7 2 3 4 3 3 4 9 10 1 5 16 6 2 6 0 2 3 7 1 9 1 8 4 5 2 9 9 1 3 10 16 8 1 0 9 1 1 4 9 D 0 8
clamped_p8_q9_r1 N 8 10 3 1 1 0 0 1 2 1 7 2 3 4 3 3 4 9 10 1 5 16 6 2 6 0 2 3 7 1 9 1 8 4 5 2 9 9 1 3 10 16 8 1 0 9 1 1 4 9 D 0 9
clamped_p8_q25_r1 N 8 10 3 1 1 0 0 1 2 1 7 2 3 4 3 3 4 9 10 1 5 16 6 2 6 0 2 3 7 1 9 1 8 4 5 2 9 9 1 3 10 16 8 1 0 9 1 1 4 9 D 0 25
unclamped_p8_q8_r0 N 8 11 20 1 1 0 0 1 2 1 7 1 3 4 3 1 4 9 10 1 5 16 6 1 6 0 2 1 7 1 9 1 8 4 5 1 9 9 1 1 10 16 8 1 11 0 4 1 0 1 1 1 2 1 3 1 4 1 5 1 6 1 7 1 8 1 9 1 10 1 11 1 12 1 13 1 14 1 15 1 16 1 17 1 18 1 19 1 D 0 8
unclamped_p8_q9_r0 N 8 11 20 1 1 0 0 1 2 1 7 1 3 4 3 1 4 9 10 1 5 16 6 1 6 0 2 1 7 1 9 1 8 4 5 1 9 9 1 1 10 16 8 1 11 0 4 1 0 1 1 1 2 1 3 1 4 1 5 1 6 1 7 1 8 1 9 1 10 1 11 1 12 1 13 1 14 1 15 1 16 1 17 1 18 1 19 1 D 0 9
unclamped_p8_q25_r0 N 8 11 20 1 1 0 0 1 2 1 7 1 3 4 3 1 4 9 10 1 5 16 6 1 6 0 2 1 7 1 9 1 8 4 5 1 9 9 1 1 10 16 8 1 11 0 4 1 0 1 1 1 2 1 3 1 4 1 5 1 6 1 7 1 8 1 9 1 10 1 11 1 12 1 13 1 14 1 15 1 16 1 17 1 18 1 19 1 D 0 25
unclamped_p8_q8_r1 N 8 11 20 1 1 0 0 1 2 1 7 2 3 4 3 3 4 9 10 1 5 16 6 2 6 0 2 3 7 1 9 1 8 4 5 2 9 9 1 3 10 16 8 1 11 0 4 2 0 1 1 1 2 1 3 1 4 1 5 1 6 1 7 1 8 1 9 1 10 1 11 1 12 1 13 1 14 1 15 1 16 1 17 1 18 1 19 1 D 0 8
unclamped_p8_q9_r1 N 8 11 20 1 1 0 0 1 2 1 7 2 3 4 3 3 4 9 10 1 5 16 6 2 6 0 2 3 7 1 9 1 8 4 5 2 9 9 1 3 10 16 8 1 11 0 4 2 0 1 1 1 2 1 3 1 4 1 5 1 6 1 7 1 8 1 9 1 10 1 11 1 12 1 13 1 14 1 15 1 16 1 17 1 18 1 19 1 D 0 9
unclamped_p8_q25_r1 N 8 11 20 1 1 0 0 1 2 1 7 2 3 4 3 3 4 9 10 1 5 16 6 2 6 0 2 3 7 1 9 1 8 4 5 2 9 9 1 3 10 16 8 1 11 0 4 2 0 1 1 1 2 1 3 1 4 1 5 1 6 1 7 1 8 1 9 1 10 1 11 1 12 1 13 1 14 1 15 1 16 1 17 1 18 1 19 1 D 0 25
inactive_p8_q8_r0 N 8 33 7 1 1 0 0 1 2 1 7 1 3 4 3 1 4 9 10 1 5 16 6 1 6 0 2 1 7 1 9 1 8 4 5 1 9 9 1 1 10 16 8 1 11 0 4 1 12 1 0 1 13 4 7 1 14 9 3 1 15 16 10 1 16 0 6 1 17 1 2 1 18 4 9 1 19 9 5 1 20 16 1 1 21 0 8 1 22 1 4 1 23 4 0 1 24 9 7 1 25 16 3 1 26 0 10 1 27 1 6 1 28 4 2 1 29 9 9 1 30 16 5 1 31 0 1 1 32 1 8 1 33 4 4 1 -2 8 -1 8 0 1 1 8 2 1 3 8 4 8 D 0 8
inactive_p8_q9_r0 N 8 33 7 1 1 0 0 1 2 1 7 1 3 4 3 1 4 9 10 1 5 16 6 1 6 0 2 1 7 1 9 1 8 4 5 1 9 9 1 1 10 16 8 1 11 0 4 1 12 1 0 1 13 4 7 1 14 9 3 1 15 16 10 1 16 0 6 1 17 1 2 1 18 4 9 1 19 9 5 1 20 16 1 1 21 0 8 1 22 1 4 1 23 4 0 1 24 9 7 1 25 16 3 1 26 0 10 1 27 1 6 1 28 4 2 1 29 9 9 1 30 16 5 1 31 0 1 1 32 1 8 1 33 4 4 1 -2 8 -1 8 0 1 1 8 2 1 3 8 4 8 D 0 9
inactive_p8_q25_r0 N 8 33 7 1 1 0 0 1 2 1 7 1 3 4 3 1 4 9 10 1 5 16 6 1 6 0 2 1 7 1 9 1 8 4 5 1 9 9 1 1 10 16 8 1 11 0 4 1 12 1 0 1 13 4 7 1 14 9 3 1 15 16 10 1 16 0 6 1 17 1 2 1 18 4 9 1 19 9 5 1 20 16 1 1 21 0 8 1 22 1 4 1 23 4 0 1 24 9 7 1 25 16 3 1 26 0 10 1 27 1 6 1 28 4 2 1 29 9 9 1 30 16 5 1 31 0 1 1 32 1 8 1 33 4 4 1 -2 8 -1 8 0 1 1 8 2 1 3 8 4 8 D 0 25
inactive_p8_q8_r1 N 8 33 7 1 1 0 0 1 2 1 7 2 3 4 3 3 4 9 10 1 5 16 6 2 6 0 2 3 7 1 9 1 8 4 5 2 9 9 1 3 10 16 8 1 11 0 4 2 12 1 0 3 13 4 7 1 14 9 3 2 15 16 10 3 16 0 6 1 17 1 2 2 18 4 9 3 19 9 5 1 20 16 1 2 21 0 8 3 22 1 4 1 23 4 0 2 24 9 7 3 25 16 3 1 26 0 10 2 27 1 6 3 28 4 2 1 29 9 9 2 30 16 5 3 31 0 1 1 32 1 8 2 33 4 4 3 -2 8 -1 8 0 1 1 8 2 1 3 8 4 8 D 0 8
inactive_p8_q9_r1 N 8 33 7 1 1 0 0 1 2 1 7 2 3 4 3 3 4 9 10 1 5 16 6 2 6 0 2 3 7 1 9 1 8 4 5 2 9 9 1 3 10 16 8 1 11 0 4 2 12 1 0 3 13 4 7 1 14 9 3 2 15 16 10 3 16 0 6 1 17 1 2 2 18 4 9 3 19 9 5 1 20 16 1 2 21 0 8 3 22 1 4 1 23 4 0 2 24 9 7 3 25 16 3 1 26 0 10 2 27 1 6 3 28 4 2 1 29 9 9 2 30 16 5 3 31 0 1 1 32 1 8 2 33 4 4 3 -2 8 -1 8 0 1 1 8 2 1 3 8 4 8 D 0 9
inactive_p8_q25_r1 N 8 33 7 1 1 0 0 1 2 1 7 2 3 4 3 3 4 9 10 1 5 16 6 2 6 0 2 3 7 1 9 1 8 4 5 2 9 9 1 3 10 16 8 1 11 0 4 2 12 1 0 3 13 4 7 1 14 9 3 2 15 16 10 3 16 0 6 1 17 1 2 2 18 4 9 3 19 9 5 1 20 16 1 2 21 0 8 3 22 1 4 1 23 4 0 2 24 9 7 3 25 16 3 1 26 0 10 2 27 1 6 3 28 4 2 1 29 9 9 2 30 16 5 3 31 0 1 1 32 1 8 2 33 4 4 3 -2 8 -1 8 0 1 1 8 2 1 3 8 4 8 D 0 25
periodic_p8_q8_r0 P 8 9 3 1 1 0 0 1 2 1 7 1 3 4 3 1 4 9 10 1 5 16 6 1 6 0 2 1 7 1 9 1 8 4 5 1 9 9 1 1 0 1 1 8 3 1 D 0 8
periodic_p8_q9_r0 P 8 9 3 1 1 0 0 1 2 1 7 1 3 4 3 1 4 9 10 1 5 16 6 1 6 0 2 1 7 1 9 1 8 4 5 1 9 9 1 1 0 1 1 8 3 1 D 0 9
periodic_p8_q25_r0 P 8 9 3 1 1 0 0 1 2 1 7 1 3 4 3 1 4 9 10 1 5 16 6 1 6 0 2 1 7 1 9 1 8 4 5 1 9 9 1 1 0 1 1 8 3 1 D 0 25
periodic_p8_q8_r1 P 8 9 3 1 1 0 0 1 2 1 7 2 3 4 3 3 4 9 10 1 5 16 6 2 6 0 2 3 7 1 9 1 8 4 5 2 9 9 1 3 0 1 1 8 3 1 D 0 8
periodic_p8_q9_r1 P 8 9 3 1 1 0 0 1 2 1 7 2 3 4 3 3 4 9 10 1 5 16 6 2 6 0 2 3 7 1 9 1 8 4 5 2 9 9 1 3 0 1 1 8 3 1 D 0 9
periodic_p8_q25_r1 P 8 9 3 1 1 0 0 1 2 1 7 2 3 4 3 3 4 9 10 1 5 16 6 2 6 0 2 3 7 1 9 1 8 4 5 2 9 9 1 3 0 1 1 8 3 1 D 0 25
uniform_periodic_p8_q8_r0 P 8 11 12 1 1 0 0 1 2 1 7 1 3 4 3 1 4 9 10 1 5 16 6 1 6 0 2 1 7 1 9 1 8 4 5 1 9 9 1 1 10 16 8 1 11 0 4 1 0 1 1 1 2 1 3 1 4 1 5 1 6 1 7 1 8 1 9 1 10 1 11 1 D 0 8
uniform_periodic_p8_q9_r0 P 8 11 12 1 1 0 0 1 2 1 7 1 3 4 3 1 4 9 10 1 5 16 6 1 6 0 2 1 7 1 9 1 8 4 5 1 9 9 1 1 10 16 8 1 11 0 4 1 0 1 1 1 2 1 3 1 4 1 5 1 6 1 7 1 8 1 9 1 10 1 11 1 D 0 9
uniform_periodic_p8_q25_r0 P 8 11 12 1 1 0 0 1 2 1 7 1 3 4 3 1 4 9 10 1 5 16 6 1 6 0 2 1 7 1 9 1 8 4 5 1 9 9 1 1 10 16 8 1 11 0 4 1 0 1 1 1 2 1 3 1 4 1 5 1 6 1 7 1 8 1 9 1 10 1 11 1 D 0 25
uniform_periodic_p8_q8_r1 P 8 11 12 1 1 0 0 1 2 1 7 2 3 4 3 3 4 9 10 1 5 16 6 2 6 0 2 3 7 1 9 1 8 4 5 2 9 9 1 3 10 16 8 1 11 0 4 2 0 1 1 1 2 1 3 1 4 1 5 1 6 1 7 1 8 1 9 1 10 1 11 1 D 0 8
uniform_periodic_p8_q9_r1 P 8 11 12 1 1 0 0 1 2 1 7 2 3 4 3 3 4 9 10 1 5 16 6 2 6 0 2 3 7 1 9 1 8 4 5 2 9 9 1 3 10 16 8 1 11 0 4 2 0 1 1 1 2 1 3 1 4 1 5 1 6 1 7 1 8 1 9 1 10 1 11 1 D 0 9
uniform_periodic_p8_q25_r1 P 8 11 12 1 1 0 0 1 2 1 7 2 3 4 3 3 4 9 10 1 5 16 6 2 6 0 2 3 7 1 9 1 8 4 5 2 9 9 1 3 10 16 8 1 11 0 4 2 0 1 1 1 2 1 3 1 4 1 5 1 6 1 7 1 8 1 9 1 10 1 11 1 D 0 25
clamped_p24_q24_r0 N 24 26 3 1 1 0 0 1 2 1 7 1 3 4 3 1 4 9 10 1 5 16 6 1 6 0 2 1 7 1 9 1 8 4 5 1 9 9 1 1 10 16 8 1 11 0 4 1 12 1 0 1 13 4 7 1 14 9 3 1 15 16 10 1 16 0 6 1 17 1 2 1 18 4 9 1 19 9 5 1 20 16 1 1 21 0 8 1 22 1 4 1 23 4 0 1 24 9 7 1 25 16 3 1 26 0 10 1 0 25 1 1 4 25 D 0 24
clamped_p24_q25_r0 N 24 26 3 1 1 0 0 1 2 1 7 1 3 4 3 1 4 9 10 1 5 16 6 1 6 0 2 1 7 1 9 1 8 4 5 1 9 9 1 1 10 16 8 1 11 0 4 1 12 1 0 1 13 4 7 1 14 9 3 1 15 16 10 1 16 0 6 1 17 1 2 1 18 4 9 1 19 9 5 1 20 16 1 1 21 0 8 1 22 1 4 1 23 4 0 1 24 9 7 1 25 16 3 1 26 0 10 1 0 25 1 1 4 25 D 0 25
clamped_p24_q24_r1 N 24 26 3 1 1 0 0 1 2 1 7 2 3 4 3 3 4 9 10 1 5 16 6 2 6 0 2 3 7 1 9 1 8 4 5 2 9 9 1 3 10 16 8 1 11 0 4 2 12 1 0 3 13 4 7 1 14 9 3 2 15 16 10 3 16 0 6 1 17 1 2 2 18 4 9 3 19 9 5 1 20 16 1 2 21 0 8 3 22 1 4 1 23 4 0 2 24 9 7 3 25 16 3 1 26 0 10 2 0 25 1 1 4 25 D 0 24
clamped_p24_q25_r1 N 24 26 3 1 1 0 0 1 2 1 7 2 3 4 3 3 4 9 10 1 5 16 6 2 6 0 2 3 7 1 9 1 8 4 5 2 9 9 1 3 10 16 8 1 11 0 4 2 12 1 0 3 13 4 7 1 14 9 3 2 15 16 10 3 16 0 6 1 17 1 2 2 18 4 9 3 19 9 5 1 20 16 1 2 21 0 8 3 22 1 4 1 23 4 0 2 24 9 7 3 25 16 3 1 26 0 10 2 0 25 1 1 4 25 D 0 25
unclamped_p24_q24_r0 N 24 27 52 1 1 0 0 1 2 1 7 1 3 4 3 1 4 9 10 1 5 16 6 1 6 0 2 1 7 1 9 1 8 4 5 1 9 9 1 1 10 16 8 1 11 0 4 1 12 1 0 1 13 4 7 1 14 9 3 1 15 16 10 1 16 0 6 1 17 1 2 1 18 4 9 1 19 9 5 1 20 16 1 1 21 0 8 1 22 1 4 1 23 4 0 1 24 9 7 1 25 16 3 1 26 0 10 1 27 1 6 1 0 1 1 1 2 1 3 1 4 1 5 1 6 1 7 1 8 1 9 1 10 1 11 1 12 1 13 1 14 1 15 1 16 1 17 1 18 1 19 1 20 1 21 1 22 1 23 1 24 1 25 1 26 1 27 1 28 1 29 1 30 1 31 1 32 1 33 1 34 1 35 1 36 1 37 1 38 1 39 1 40 1 41 1 42 1 43 1 44 1 45 1 46 1 47 1 48 1 49 1 50 1 51 1 D 0 24
unclamped_p24_q25_r0 N 24 27 52 1 1 0 0 1 2 1 7 1 3 4 3 1 4 9 10 1 5 16 6 1 6 0 2 1 7 1 9 1 8 4 5 1 9 9 1 1 10 16 8 1 11 0 4 1 12 1 0 1 13 4 7 1 14 9 3 1 15 16 10 1 16 0 6 1 17 1 2 1 18 4 9 1 19 9 5 1 20 16 1 1 21 0 8 1 22 1 4 1 23 4 0 1 24 9 7 1 25 16 3 1 26 0 10 1 27 1 6 1 0 1 1 1 2 1 3 1 4 1 5 1 6 1 7 1 8 1 9 1 10 1 11 1 12 1 13 1 14 1 15 1 16 1 17 1 18 1 19 1 20 1 21 1 22 1 23 1 24 1 25 1 26 1 27 1 28 1 29 1 30 1 31 1 32 1 33 1 34 1 35 1 36 1 37 1 38 1 39 1 40 1 41 1 42 1 43 1 44 1 45 1 46 1 47 1 48 1 49 1 50 1 51 1 D 0 25
unclamped_p24_q24_r1 N 24 27 52 1 1 0 0 1 2 1 7 2 3 4 3 3 4 9 10 1 5 16 6 2 6 0 2 3 7 1 9 1 8 4 5 2 9 9 1 3 10 16 8 1 11 0 4 2 12 1 0 3 13 4 7 1 14 9 3 2 15 16 10 3 16 0 6 1 17 1 2 2 18 4 9 3 19 9 5 1 20 16 1 2 21 0 8 3 22 1 4 1 23 4 0 2 24 9 7 3 25 16 3 1 26 0 10 2 27 1 6 3 0 1 1 1 2 1 3 1 4 1 5 1 6 1 7 1 8 1 9 1 10 1 11 1 12 1 13 1 14 1 15 1 16 1 17 1 18 1 19 1 20 1 21 1 22 1 23 1 24 1 25 1 26 1 27 1 28 1 29 1 30 1 31 1 32 1 33 1 34 1 35 1 36 1 37 1 38 1 39 1 40 1 41 1 42 1 43 1 44 1 45 1 46 1 47 1 48 1 49 1 50 1 51 1 D 0 24
unclamped_p24_q25_r1 N 24 27 52 1 1 0 0 1 2 1 7 2 3 4 3 3 4 9 10 1 5 16 6 2 6 0 2 3 7 1 9 1 8 4 5 2 9 9 1 3 10 16 8 1 11 0 4 2 12 1 0 3 13 4 7 1 14 9 3 2 15 16 10 3 16 0 6 1 17 1 2 2 18 4 9 3 19 9 5 1 20 16 1 2 21 0 8 3 22 1 4 1 23 4 0 2 24 9 7 3 25 16 3 1 26 0 10 2 27 1 6 3 0 1 1 1 2 1 3 1 4 1 5 1 6 1 7 1 8 1 9 1 10 1 11 1 12 1 13 1 14 1 15 1 16 1 17 1 18 1 19 1 20 1 21 1 22 1 23 1 24 1 25 1 26 1 27 1 28 1 29 1 30 1 31 1 32 1 33 1 34 1 35 1 36 1 37 1 38 1 39 1 40 1 41 1 42 1 43 1 44 1 45 1 46 1 47 1 48 1 49 1 50 1 51 1 D 0 25
inactive_p24_q24_r0 N 24 97 7 1 1 0 0 1 2 1 7 1 3 4 3 1 4 9 10 1 5 16 6 1 6 0 2 1 7 1 9 1 8 4 5 1 9 9 1 1 10 16 8 1 11 0 4 1 12 1 0 1 13 4 7 1 14 9 3 1 15 16 10 1 16 0 6 1 17 1 2 1 18 4 9 1 19 9 5 1 20 16 1 1 21 0 8 1 22 1 4 1 23 4 0 1 24 9 7 1 25 16 3 1 26 0 10 1 27 1 6 1 28 4 2 1 29 9 9 1 30 16 5 1 31 0 1 1 32 1 8 1 33 4 4 1 34 9 0 1 35 16 7 1 36 0 3 1 37 1 10 1 38 4 6 1 39 9 2 1 40 16 9 1 41 0 5 1 42 1 1 1 43 4 8 1 44 9 4 1 45 16 0 1 46 0 7 1 47 1 3 1 48 4 10 1 49 9 6 1 50 16 2 1 51 0 9 1 52 1 5 1 53 4 1 1 54 9 8 1 55 16 4 1 56 0 0 1 57 1 7 1 58 4 3 1 59 9 10 1 60 16 6 1 61 0 2 1 62 1 9 1 63 4 5 1 64 9 1 1 65 16 8 1 66 0 4 1 67 1 0 1 68 4 7 1 69 9 3 1 70 16 10 1 71 0 6 1 72 1 2 1 73 4 9 1 74 9 5 1 75 16 1 1 76 0 8 1 77 1 4 1 78 4 0 1 79 9 7 1 80 16 3 1 81 0 10 1 82 1 6 1 83 4 2 1 84 9 9 1 85 16 5 1 86 0 1 1 87 1 8 1 88 4 4 1 89 9 0 1 90 16 7 1 91 0 3 1 92 1 10 1 93 4 6 1 94 9 2 1 95 16 9 1 96 0 5 1 97 1 1 1 -2 24 -1 24 0 1 1 24 2 1 3 24 4 24 D 0 24
inactive_p24_q25_r0 N 24 97 7 1 1 0 0 1 2 1 7 1 3 4 3 1 4 9 10 1 5 16 6 1 6 0 2 1 7 1 9 1 8 4 5 1 9 9 1 1 10 16 8 1 11 0 4 1 12 1 0 1 13 4 7 1 14 9 3 1 15 16 10 1 16 0 6 1 17 1 2 1 18 4 9 1 19 9 5 1 20 16 1 1 21 0 8 1 22 1 4 1 23 4 0 1 24 9 7 1 25 16 3 1 26 0 10 1 27 1 6 1 28 4 2 1 29 9 9 1 30 16 5 1 31 0 1 1 32 1 8 1 33 4 4 1 34 9 0 1 35 16 7 1 36 0 3 1 37 1 10 1 38 4 6 1 39 9 2 1 40 16 9 1 41 0 5 1 42 1 1 1 43 4 8 1 44 9 4 1 45 16 0 1 46 0 7 1 47 1 3 1 48 4 10 1 49 9 6 1 50 16 2 1 51 0 9 1 52 1 5 1 53 4 1 1 54 9 8 1 55 16 4 1 56 0 0 1 57 1 7 1 58 4 3 1 59 9 10 1 60 16 6 1 61 0 2 1 62 1 9 1 63 4 5 1 64 9 1 1 65 16 8 1 66 0 4 1 67 1 0 1 68 4 7 1 69 9 3 1 70 16 10 1 71 0 6 1 72 1 2 1 73 4 9 1 74 9 5 1 75 16 1 1 76 0 8 1 77 1 4 1 78 4 0 1 79 9 7 1 80 16 3 1 81 0 10 1 82 1 6 1 83 4 2 1 84 9 9 1 85 16 5 1 86 0 1 1 87 1 8 1 88 4 4 1 89 9 0 1 90 16 7 1 91 0 3 1 92 1 10 1 93 4 6 1 94 9 2 1 95 16 9 1 96 0 5 1 97 1 1 1 -2 24 -1 24 0 1 1 24 2 1 3 24 4 24 D 0 25
inactive_p24_q24_r1 N 24 97 7 1 1 0 0 1 2 1 7 2 3 4 3 3 4 9 10 1 5 16 6 2 6 0 2 3 7 1 9 1 8 4 5 2 9 9 1 3 10 16 8 1 11 0 4 2 12 1 0 3 13 4 7 1 14 9 3 2 15 16 10 3 16 0 6 1 17 1 2 2 18 4 9 3 19 9 5 1 20 16 1 2 21 0 8 3 22 1 4 1 23 4 0 2 24 9 7 3 25 16 3 1 26 0 10 2 27 1 6 3 28 4 2 1 29 9 9 2 30 16 5 3 31 0 1 1 32 1 8 2 33 4 4 3 34 9 0 1 35 16 7 2 36 0 3 3 37 1 10 1 38 4 6 2 39 9 2 3 40 16 9 1 41 0 5 2 42 1 1 3 43 4 8 1 44 9 4 2 45 16 0 3 46 0 7 1 47 1 3 2 48 4 10 3 49 9 6 1 50 16 2 2 51 0 9 3 52 1 5 1 53 4 1 2 54 9 8 3 55 16 4 1 56 0 0 2 57 1 7 3 58 4 3 1 59 9 10 2 60 16 6 3 61 0 2 1 62 1 9 2 63 4 5 3 64 9 1 1 65 16 8 2 66 0 4 3 67 1 0 1 68 4 7 2 69 9 3 3 70 16 10 1 71 0 6 2 72 1 2 3 73 4 9 1 74 9 5 2 75 16 1 3 76 0 8 1 77 1 4 2 78 4 0 3 79 9 7 1 80 16 3 2 81 0 10 3 82 1 6 1 83 4 2 2 84 9 9 3 85 16 5 1 86 0 1 2 87 1 8 3 88 4 4 1 89 9 0 2 90 16 7 3 91 0 3 1 92 1 10 2 93 4 6 3 94 9 2 1 95 16 9 2 96 0 5 3 97 1 1 1 -2 24 -1 24 0 1 1 24 2 1 3 24 4 24 D 0 24
inactive_p24_q25_r1 N 24 97 7 1 1 0 0 1 2 1 7 2 3 4 3 3 4 9 10 1 5 16 6 2 6 0 2 3 7 1 9 1 8 4 5 2 9 9 1 3 10 16 8 1 11 0 4 2 12 1 0 3 13 4 7 1 14 9 3 2 15 16 10 3 16 0 6 1 17 1 2 2 18 4 9 3 19 9 5 1 20 16 1 2 21 0 8 3 22 1 4 1 23 4 0 2 24 9 7 3 25 16 3 1 26 0 10 2 27 1 6 3 28 4 2 1 29 9 9 2 30 16 5 3 31 0 1 1 32 1 8 2 33 4 4 3 34 9 0 1 35 16 7 2 36 0 3 3 37 1 10 1 38 4 6 2 39 9 2 3 40 16 9 1 41 0 5 2 42 1 1 3 43 4 8 1 44 9 4 2 45 16 0 3 46 0 7 1 47 1 3 2 48 4 10 3 49 9 6 1 50 16 2 2 51 0 9 3 52 1 5 1 53 4 1 2 54 9 8 3 55 16 4 1 56 0 0 2 57 1 7 3 58 4 3 1 59 9 10 2 60 16 6 3 61 0 2 1 62 1 9 2 63 4 5 3 64 9 1 1 65 16 8 2 66 0 4 3 67 1 0 1 68 4 7 2 69 9 3 3 70 16 10 1 71 0 6 2 72 1 2 3 73 4 9 1 74 9 5 2 75 16 1 3 76 0 8 1 77 1 4 2 78 4 0 3 79 9 7 1 80 16 3 2 81 0 10 3 82 1 6 1 83 4 2 2 84 9 9 3 85 16 5 1 86 0 1 2 87 1 8 3 88 4 4 1 89 9 0 2 90 16 7 3 91 0 3 1 92 1 10 2 93 4 6 3 94 9 2 1 95 16 9 2 96 0 5 3 97 1 1 1 -2 24 -1 24 0 1 1 24 2 1 3 24 4 24 D 0 25
periodic_p24_q24_r0 P 24 25 3 1 1 0 0 1 2 1 7 1 3 4 3 1 4 9 10 1 5 16 6 1 6 0 2 1 7 1 9 1 8 4 5 1 9 9 1 1 10 16 8 1 11 0 4 1 12 1 0 1 13 4 7 1 14 9 3 1 15 16 10 1 16 0 6 1 17 1 2 1 18 4 9 1 19 9 5 1 20 16 1 1 21 0 8 1 22 1 4 1 23 4 0 1 24 9 7 1 25 16 3 1 0 1 1 24 3 1 D 0 24
periodic_p24_q25_r0 P 24 25 3 1 1 0 0 1 2 1 7 1 3 4 3 1 4 9 10 1 5 16 6 1 6 0 2 1 7 1 9 1 8 4 5 1 9 9 1 1 10 16 8 1 11 0 4 1 12 1 0 1 13 4 7 1 14 9 3 1 15 16 10 1 16 0 6 1 17 1 2 1 18 4 9 1 19 9 5 1 20 16 1 1 21 0 8 1 22 1 4 1 23 4 0 1 24 9 7 1 25 16 3 1 0 1 1 24 3 1 D 0 25
periodic_p24_q24_r1 P 24 25 3 1 1 0 0 1 2 1 7 2 3 4 3 3 4 9 10 1 5 16 6 2 6 0 2 3 7 1 9 1 8 4 5 2 9 9 1 3 10 16 8 1 11 0 4 2 12 1 0 3 13 4 7 1 14 9 3 2 15 16 10 3 16 0 6 1 17 1 2 2 18 4 9 3 19 9 5 1 20 16 1 2 21 0 8 3 22 1 4 1 23 4 0 2 24 9 7 3 25 16 3 1 0 1 1 24 3 1 D 0 24
periodic_p24_q25_r1 P 24 25 3 1 1 0 0 1 2 1 7 2 3 4 3 3 4 9 10 1 5 16 6 2 6 0 2 3 7 1 9 1 8 4 5 2 9 9 1 3 10 16 8 1 11 0 4 2 12 1 0 3 13 4 7 1 14 9 3 2 15 16 10 3 16 0 6 1 17 1 2 2 18 4 9 3 19 9 5 1 20 16 1 2 21 0 8 3 22 1 4 1 23 4 0 2 24 9 7 3 25 16 3 1 0 1 1 24 3 1 D 0 25
uniform_periodic_p24_q24_r0 P 24 27 28 1 1 0 0 1 2 1 7 1 3 4 3 1 4 9 10 1 5 16 6 1 6 0 2 1 7 1 9 1 8 4 5 1 9 9 1 1 10 16 8 1 11 0 4 1 12 1 0 1 13 4 7 1 14 9 3 1 15 16 10 1 16 0 6 1 17 1 2 1 18 4 9 1 19 9 5 1 20 16 1 1 21 0 8 1 22 1 4 1 23 4 0 1 24 9 7 1 25 16 3 1 26 0 10 1 27 1 6 1 0 1 1 1 2 1 3 1 4 1 5 1 6 1 7 1 8 1 9 1 10 1 11 1 12 1 13 1 14 1 15 1 16 1 17 1 18 1 19 1 20 1 21 1 22 1 23 1 24 1 25 1 26 1 27 1 D 0 24
uniform_periodic_p24_q25_r0 P 24 27 28 1 1 0 0 1 2 1 7 1 3 4 3 1 4 9 10 1 5 16 6 1 6 0 2 1 7 1 9 1 8 4 5 1 9 9 1 1 10 16 8 1 11 0 4 1 12 1 0 1 13 4 7 1 14 9 3 1 15 16 10 1 16 0 6 1 17 1 2 1 18 4 9 1 19 9 5 1 20 16 1 1 21 0 8 1 22 1 4 1 23 4 0 1 24 9 7 1 25 16 3 1 26 0 10 1 27 1 6 1 0 1 1 1 2 1 3 1 4 1 5 1 6 1 7 1 8 1 9 1 10 1 11 1 12 1 13 1 14 1 15 1 16 1 17 1 18 1 19 1 20 1 21 1 22 1 23 1 24 1 25 1 26 1 27 1 D 0 25
uniform_periodic_p24_q24_r1 P 24 27 28 1 1 0 0 1 2 1 7 2 3 4 3 3 4 9 10 1 5 16 6 2 6 0 2 3 7 1 9 1 8 4 5 2 9 9 1 3 10 16 8 1 11 0 4 2 12 1 0 3 13 4 7 1 14 9 3 2 15 16 10 3 16 0 6 1 17 1 2 2 18 4 9 3 19 9 5 1 20 16 1 2 21 0 8 3 22 1 4 1 23 4 0 2 24 9 7 3 25 16 3 1 26 0 10 2 27 1 6 3 0 1 1 1 2 1 3 1 4 1 5 1 6 1 7 1 8 1 9 1 10 1 11 1 12 1 13 1 14 1 15 1 16 1 17 1 18 1 19 1 20 1 21 1 22 1 23 1 24 1 25 1 26 1 27 1 D 0 24
uniform_periodic_p24_q25_r1 P 24 27 28 1 1 0 0 1 2 1 7 2 3 4 3 3 4 9 10 1 5 16 6 2 6 0 2 3 7 1 9 1 8 4 5 2 9 9 1 3 10 16 8 1 11 0 4 2 12 1 0 3 13 4 7 1 14 9 3 2 15 16 10 3 16 0 6 1 17 1 2 2 18 4 9 3 19 9 5 1 20 16 1 2 21 0 8 3 22 1 4 1 23 4 0 2 24 9 7 3 25 16 3 1 26 0 10 2 27 1 6 3 0 1 1 1 2 1 3 1 4 1 5 1 6 1 7 1 8 1 9 1 10 1 11 1 12 1 13 1 14 1 15 1 16 1 17 1 18 1 19 1 20 1 21 1 22 1 23 1 24 1 25 1 26 1 27 1 D 0 25
upstream_curve_IncreaseDegree N 3 4 2 1 0 0 0 1 1 1 0 1 2 1 0 1 3 0 0 1 0 4 1 4 D 0 5
upstream_curve_RationalCurveIncreaseDegree N 2 3 2 1 0 0 0 1 1 1 0 2 2 0 0 1 0 3 1 3 D 0 4
