case arc_stadium 1e-07
op 21
frame 0.0 0.0 0.0 0.0 0.0 1.0 1.0 0.0 0.0
offsets 0.0 2.0
boundary S 4 0.0 -1.0 L 3.0 -1.0 A 3.0 0.0 1.0 1 3.0 1.0 L 0.0 1.0 A 0.0 0.0 1.0 1
end
case arc_rounded_rectangle 1e-07
op 21
frame 0.0 0.0 0.0 0.0 0.0 1.0 1.0 0.0 0.0
offsets 0.0 3.0
boundary S 8 1.0 0.0 L 7.0 0.0 A 7.0 1.0 1.0 1 8.0 1.0 L 8.0 5.0 A 7.0 5.0 1.0 1 7.0 6.0 L 1.0 6.0 A 1.0 5.0 1.0 1 0.0 5.0 L 0.0 1.0 A 1.0 1.0 1.0 1
end
case arc_rounded_clockwise_labelled 1e-07
op 22
frame 0.0 0.0 0.0 0.0 0.0 1.0 1.0 0.0 0.0
offsets 0.0 3.0
boundary S 8 1.0 0.0 A 1.0 1.0 1.0 0 0.0 1.0 L 0.0 5.0 A 1.0 5.0 1.0 0 1.0 6.0 L 7.0 6.0 A 7.0 5.0 1.0 0 8.0 5.0 L 8.0 1.0 A 7.0 1.0 1.0 0 7.0 0.0 L labels 300 301 302 303 304 305 306 307 308 | 401 402 403 404 405 406 407 408
end
case arc_d_shape 1e-07
op 21
frame 0.0 0.0 0.0 0.0 0.0 1.0 1.0 0.0 0.0
offsets 0.0 1.0
boundary S 2 0.0 -2.0 A 0.0 0.0 2.0 1 0.0 2.0 L
end
case arc_pacman 1e-07
op 21
frame 0.0 0.0 0.0 0.0 0.0 1.0 1.0 0.0 0.0
offsets 0.0 1.5
boundary S 3 0.0 0.0 L 3.0 4.0 A 0.0 0.0 5.0 1 3.0 -4.0 L
end
case arc_pacman_clockwise 1e-07
op 21
frame 0.0 0.0 0.0 0.0 0.0 1.0 1.0 0.0 0.0
offsets 0.0 1.5
boundary S 3 0.0 0.0 L 3.0 -4.0 A 0.0 0.0 5.0 0 3.0 4.0 L
end
case arc_notch 1e-07
op 21
frame 0.0 0.0 0.0 0.0 0.0 1.0 1.0 0.0 0.0
offsets 0.0 2.0
boundary S 6 0.0 0.0 L 10.0 0.0 L 10.0 6.0 L 6.0 6.0 A 5.0 6.0 1.0 0 4.0 6.0 L 0.0 6.0 L
end
case arc_lens 1e-07
op 21
frame 0.0 0.0 0.0 0.0 0.0 1.0 1.0 0.0 0.0
offsets 0.0 2.0
boundary S 2 0.0 -3.0 A -4.0 0.0 5.0 1 0.0 3.0 A 4.0 0.0 5.0 1
end
case arc_scallop 1e-07
op 21
frame 0.0 0.0 0.0 0.0 0.0 1.0 1.0 0.0 0.0
offsets 0.0 2.0
boundary S 4 0.0 0.0 A 2.0 1.5 2.5 1 4.0 0.0 A 2.5 2.0 2.5 1 4.0 4.0 A 2.0 2.5 2.5 1 0.0 4.0 A 1.5 2.0 2.5 1
end
case arc_slot_hole 1e-07
op 23
frame 3.0 -2.0 5.0 0.3 -0.4 0.8 1.0 0.0 0.0
offsets 0.0 3.0
boundary P 4 -10.0 -10.0 10.0 -10.0 10.0 10.0 -10.0 10.0
boundary S 4 -2.0 -1.0 L 2.0 -1.0 A 2.0 0.0 1.0 1 2.0 1.0 L -2.0 1.0 A -2.0 0.0 1.0 1
end
case arc_holes_mixed 1e-07
op 23
frame 3.0 -2.0 5.0 0.3 -0.4 0.8 1.0 0.0 0.0
offsets 3.0 0.0
boundary P 4 -10.0 -10.0 10.0 -10.0 10.0 10.0 -10.0 10.0
boundary S 3 -6.0 -6.0 L -2.0 -6.0 A -2.0 -4.0 2.0 1 -2.0 -2.0 L
boundary C 5.0 5.0 1.5
boundary S 2 4.0 -6.0 A 5.0 -6.0 1.0 1 6.0 -6.0 A 5.0 -6.0 1.0 1
end
case arc_transformed 1e-07
op 24
frame 3.0 -2.0 5.0 0.3 -0.4 0.8 1.0 0.0 0.0
offsets -1.0 2.0
boundary S 8 1.0 0.0 L 7.0 0.0 A 7.0 1.0 1.0 1 8.0 1.0 L 8.0 5.0 A 7.0 5.0 1.0 1 7.0 6.0 L 1.0 6.0 A 1.0 5.0 1.0 1 0.0 5.0 L 0.0 1.0 A 1.0 1.0 1.0 1
transform R 1.0 2.0 3.0 0.0 0.6 0.8 1.1
transform T 10.0 -20.0 30.0
end
case arc_far_small 1e-10
op 25
frame 100.0 -50.0 25.0 0.0 0.0 1.0 1.0 0.0 0.0
offsets 0.0 0.001
boundary S 8 0.0009765625 0.0 L 0.0068359375 0.0 A 0.0068359375 0.0009765625 0.0009765625 1 0.0078125 0.0009765625 L 0.0078125 0.0048828125 A 0.0068359375 0.0048828125 0.0009765625 1 0.0068359375 0.005859375 L 0.0009765625 0.005859375 A 0.0009765625 0.0048828125 0.0009765625 1 0.0 0.0048828125 L 0.0 0.0009765625 A 0.0009765625 0.0009765625 0.0009765625 1
end
