cone apex 0.0 0.0 0.0 0.0 0.0 1.0 1.0 0.0 0.0 2.0 0.0 3.0
cone apex_at_base 0.0 0.0 0.0 0.0 0.0 1.0 1.0 0.0 0.0 0.0 1.5 2.0
cone frustum 1.0 2.0 3.0 0.0 0.0 1.0 1.0 0.0 0.0 2.0 1.0 3.0
cone frustum_widening 0.0 0.0 0.0 0.0 0.0 1.0 1.0 0.0 0.0 1.0 2.5 0.5
cone nearly_cylinder 0.0 0.0 0.0 0.0 0.0 1.0 1.0 0.0 0.0 1.0 1.0009765625 4.0
cone flat 0.0 0.0 0.0 0.0 0.0 1.0 1.0 0.0 0.0 5.0 4.0 0.125
cone needle 0.0 0.0 0.0 0.0 0.0 1.0 1.0 0.0 0.0 0.0625 0.0 8.0
cone millimetre 0.0 0.0 0.0 0.0 0.0 1.0 1.0 0.0 0.0 0.002 0.001 0.003
cone large 0.0 0.0 0.0 0.0 0.0 1.0 1.0 0.0 0.0 400.0 150.0 900.0
cone far 10000.0 -20000.0 5000.0 0.0 0.0 1.0 1.0 0.0 0.0 2.0 0.5 3.0
cone rotated_0 -3.0 1.5 0.0 0.294044 0.029503 0.955336 0.980067 0.198669 0.25 1.0 0.0 1.0
cone rotated_1 -2.5 1.25 0.125 0.703896 0.357555 0.613746 0.070737 0.997495 0.25 0.0 1.25 1.5
cone rotated_2 -2.0 1.0 0.25 0.666602 0.743683 0.050774 -0.942222 0.334988 0.25 2.0 0.5 2.0
cone rotated_3 -1.5 0.75 0.375 0.299247 0.793101 -0.530511 0.0 0.0 1.0 0.75 3.0 2.5
cone rotated_4 -1.0 0.5 0.5 -0.003598 0.390868 -0.92044 0.634693 -0.772764 0.25 1.0 0.0 3.0
cone rotated_5 -0.5 0.25 0.625 0.076591 -0.192204 -0.978362 0.914383 0.40485 0.25 0.0 1.25 3.5
cone rotated_6 0.0 0.0 0.75 0.497211 -0.534572 -0.683385 -0.1455 0.989358 0.25 2.0 0.5 4.0
cone rotated_7 0.5 -0.25 0.875 0.890648 -0.431983 -0.141908 0.0 0.0 1.0 0.75 3.0 4.5
cone rotated_8 1.0 -0.5 1.0 0.889678 -0.072753 0.450755 -0.385338 -0.922775 0.25 1.0 0.0 5.0
cone rotated_9 1.5 -0.75 1.125 0.45388 0.134657 0.880829 0.78607 -0.618137 0.25 0.0 1.25 5.5
cone rotated_10 2.0 -1.0 1.25 -0.092187 -0.071312 0.993185 0.805884 0.592074 0.25 2.0 0.5 6.0
cone rotated_11 2.5 -1.25 1.375 -0.343 -0.569123 0.747295 -0.354924 0.934895 0.25 0.75 3.0 6.5
