torus torus_gentle 1e-07 0.0 0.0 0.0 0.0 0.0 1.0 1.0 0.0 0.0 3.0 1.0 6.283185307179586 split 0.0 0.0 0.0 0.1 0.0 1.0
torus torus_band_offset 1e-07 0.0 0.0 0.0 0.0 0.0 1.0 1.0 0.0 0.0 3.0 1.0 6.283185307179586 split 0.0 0.0 0.3 0.15 0.05 1.0
torus torus_top_band 1e-07 0.0 0.0 0.0 0.0 0.0 1.0 1.0 0.0 0.0 3.0 1.0 6.283185307179586 split 0.0 0.0 0.8 0.05 0.0 1.0
torus torus_top_cap 1e-07 0.0 0.0 0.0 0.0 0.0 1.0 1.0 0.0 0.0 3.0 1.0 6.283185307179586 split 0.0 0.0 0.9 0.3 0.0 1.0
torus torus_cap_outer 1e-07 0.0 0.0 0.0 0.0 0.0 1.0 1.0 0.0 0.0 3.0 1.0 6.283185307179586 split 3.6 0.0 0.0 1.0 0.0 0.0
torus torus_peanut 1e-07 0.0 0.0 0.0 0.0 0.0 1.0 1.0 0.0 0.0 3.0 1.0 6.283185307179586 split 2.2 0.0 0.0 1.0 0.0 0.0
torus torus_hole_slice 1e-07 0.0 0.0 0.0 0.0 0.0 1.0 1.0 0.0 0.0 3.0 1.0 6.283185307179586 split 2.05 0.0 0.0 1.0 0.0 0.3
torus torus_two_ovals 1e-07 0.0 0.0 0.0 0.0 0.0 1.0 1.0 0.0 0.0 3.0 1.0 6.283185307179586 split 1.5 0.0 0.0 1.0 0.0 0.0
torus torus_steep 1e-07 0.0 0.0 0.0 0.0 0.0 1.0 1.0 0.0 0.0 3.0 1.0 6.283185307179586 split 0.0 0.0 0.0 1.0 0.0 1.0
torus torus_skew_ovals 1e-07 0.0 0.0 0.0 0.0 0.0 1.0 1.0 0.0 0.0 3.0 1.0 6.283185307179586 split 0.5 0.2 0.0 1.0 0.3 0.4
torus torus_small_tube 1e-07 0.0 0.0 0.0 0.0 0.0 1.0 1.0 0.0 0.0 4.0 0.5 6.283185307179586 split 0.0 0.0 0.1 0.2 0.0 1.0
torus torus_tilted_spiric 1e-07 1.0 -2.0 0.5 0.0 3.0 4.0 1.0 0.0 0.0 2.5 0.75 6.283185307179586 split 1.0 -1.82 0.74 1.0 3.0 4.0
torus torus_tilted_band 1e-07 1.0 -2.0 0.5 0.0 3.0 4.0 1.0 0.0 0.0 2.5 0.75 6.283185307179586 split 1.0 -1.82 0.74 0.3 3.0 4.0
