case bulge_height 1e-07
op 81
frame 0.0 0.0 0.0 0.0 0.0 1.0 1.0 0.0 0.0
offsets 0.0 5.0
boundary S 4 0.0 0.0 L 10.0 0.0 B 2 3 10.0 0.0 12.0 3.0 10.0 6.0 2 0.0 1.0 3 3 10.0 6.0 L 0.0 6.0 L
split 0.0 0.0 2.0 0.0 0.0 1.0
end
case bulge_parallel_once 1e-07
op 81
frame 0.0 0.0 0.0 0.0 0.0 1.0 1.0 0.0 0.0
offsets 0.0 5.0
boundary S 4 0.0 0.0 L 10.0 0.0 B 2 3 10.0 0.0 12.0 3.0 10.0 6.0 2 0.0 1.0 3 3 10.0 6.0 L 0.0 6.0 L
split 0.0 2.0 0.0 0.0 1.0 0.0
end
case bulge_parallel_twice 1e-07
op 81
frame 0.0 0.0 0.0 0.0 0.0 1.0 1.0 0.0 0.0
offsets 0.0 5.0
boundary S 4 0.0 0.0 L 10.0 0.0 B 2 3 10.0 0.0 12.0 3.0 10.0 6.0 2 0.0 1.0 3 3 10.0 6.0 L 0.0 6.0 L
split 10.5 0.0 0.0 1.0 0.0 0.0
end
case bulge_tangent 1e-07
op 81
frame 0.0 0.0 0.0 0.0 0.0 1.0 1.0 0.0 0.0
offsets 0.0 5.0
boundary S 4 0.0 0.0 L 10.0 0.0 B 2 3 10.0 0.0 12.0 3.0 10.0 6.0 2 0.0 1.0 3 3 10.0 6.0 L 0.0 6.0 L
split 11.0 0.0 0.0 1.0 0.0 0.0
end
case bulge_miss_hull 1e-07
op 81
frame 0.0 0.0 0.0 0.0 0.0 1.0 1.0 0.0 0.0
offsets 0.0 5.0
boundary S 4 0.0 0.0 L 10.0 0.0 B 2 3 10.0 0.0 12.0 3.0 10.0 6.0 2 0.0 1.0 3 3 10.0 6.0 L 0.0 6.0 L
split 12.0 0.0 0.0 1.0 0.0 0.0
end
case bulge_oblique 1e-07
op 81
frame 0.0 0.0 0.0 0.0 0.0 1.0 1.0 0.0 0.0
offsets 0.0 5.0
boundary S 4 0.0 0.0 L 10.0 0.0 B 2 3 10.0 0.0 12.0 3.0 10.0 6.0 2 0.0 1.0 3 3 10.0 6.0 L 0.0 6.0 L
split 10.0 3.0 2.5 1.0 0.25 1.5
end
case blob_walls_only 1e-07
op 81
frame 0.0 0.0 0.0 0.0 0.0 1.0 1.0 0.0 0.0
offsets 0.0 5.0
boundary S 4 4.0 0.0 B 3 4 4.0 0.0 1.5 0.0 0.0 1.5 0.0 4.0 2 0.0 1.0 4 4 0.0 4.0 B 3 4 0.0 4.0 0.0 6.5 1.5 8.0 4.0 8.0 2 0.0 1.0 4 4 4.0 8.0 B 3 4 4.0 8.0 6.5 8.0 8.0 6.5 8.0 4.0 2 0.0 1.0 4 4 8.0 4.0 B 3 4 8.0 4.0 8.0 1.5 6.5 0.0 4.0 0.0 2 0.0 1.0 4 4
split 4.0 4.0 2.5 0.125 0.0625 1.0
end
case blob_joins 1e-07
op 81
frame 0.0 0.0 0.0 0.0 0.0 1.0 1.0 0.0 0.0
offsets 0.0 5.0
boundary S 4 4.0 0.0 B 3 4 4.0 0.0 1.5 0.0 0.0 1.5 0.0 4.0 2 0.0 1.0 4 4 0.0 4.0 B 3 4 0.0 4.0 0.0 6.5 1.5 8.0 4.0 8.0 2 0.0 1.0 4 4 4.0 8.0 B 3 4 4.0 8.0 6.5 8.0 8.0 6.5 8.0 4.0 2 0.0 1.0 4 4 8.0 4.0 B 3 4 8.0 4.0 8.0 1.5 6.5 0.0 4.0 0.0 2 0.0 1.0 4 4
split 4.0 0.0 0.0 1.0 0.0 0.0
end
case blob_join_touch 1e-07
op 81
frame 0.0 0.0 0.0 0.0 0.0 1.0 1.0 0.0 0.0
offsets 0.0 5.0
boundary S 4 4.0 0.0 B 3 4 4.0 0.0 1.5 0.0 0.0 1.5 0.0 4.0 2 0.0 1.0 4 4 0.0 4.0 B 3 4 0.0 4.0 0.0 6.5 1.5 8.0 4.0 8.0 2 0.0 1.0 4 4 4.0 8.0 B 3 4 4.0 8.0 6.5 8.0 8.0 6.5 8.0 4.0 2 0.0 1.0 4 4 8.0 4.0 B 3 4 8.0 4.0 8.0 1.5 6.5 0.0 4.0 0.0 2 0.0 1.0 4 4
split 8.0 4.0 5.0 1.0 0.0 1.0
end
case blob_tilted_in_cap 1e-07
op 81
frame 1.0 -2.0 0.5 0.0 3.0 4.0 1.0 0.0 0.0
offsets 0.0 4.0
boundary S 4 4.0 0.0 B 3 4 4.0 0.0 1.5 0.0 0.0 1.5 0.0 4.0 2 0.0 1.0 4 4 0.0 4.0 B 3 4 0.0 4.0 0.0 6.5 1.5 8.0 4.0 8.0 2 0.0 1.0 4 4 4.0 8.0 B 3 4 4.0 8.0 6.5 8.0 8.0 6.5 8.0 4.0 2 0.0 1.0 4 4 8.0 4.0 B 3 4 8.0 4.0 8.0 1.5 6.5 0.0 4.0 0.0 2 0.0 1.0 4 4
split 1.0 -2.0 0.5 0.0 3.0 4.0
end
case wave_knot 1e-07
op 81
frame 0.0 0.0 0.0 0.0 0.0 1.0 1.0 0.0 0.0
offsets 0.0 5.0
boundary S 4 0.0 0.0 L 10.0 0.0 L 10.0 6.0 B 2 5 10.0 6.0 8.0 8.0 5.0 5.0 2.0 8.0 0.0 6.0 4 0.0 1.0 2.0 3.0 3 1 1 3 0.0 6.0 L
split 6.5 0.0 0.0 1.0 0.0 0.0
end
case wave_parallel_four 1e-07
op 81
frame 0.0 0.0 0.0 0.0 0.0 1.0 1.0 0.0 0.0
offsets 0.0 5.0
boundary S 4 0.0 0.0 L 10.0 0.0 L 10.0 6.0 B 2 5 10.0 6.0 8.0 8.0 5.0 5.0 2.0 8.0 0.0 6.0 4 0.0 1.0 2.0 3.0 3 1 1 3 0.0 6.0 L
split 0.0 6.8 0.0 0.0 1.0 0.0
end
case wave_tilted 1e-07
op 81
frame 1.0 -2.0 0.5 0.0 3.0 4.0 1.0 0.0 0.0
offsets 0.0 4.0
boundary S 4 0.0 0.0 L 10.0 0.0 L 10.0 6.0 B 2 5 10.0 6.0 8.0 8.0 5.0 5.0 2.0 8.0 0.0 6.0 4 0.0 1.0 2.0 3.0 3 1 1 3 0.0 6.0 L
split 6.0 4.000000000000001 -1.4999999999999991 0.5 1.4 0.20000000000000018
end
case capsule_parallel 1e-07
op 81
frame 0.0 0.0 0.0 0.0 0.0 1.0 1.0 0.0 0.0
offsets 0.0 2.0
boundary S 4 0.0 -1.0 L 3.0 -1.0 A 3.0 0.0 1.0 1 3.0 1.0 L 0.0 1.0 B 3 6 0.0 1.0 -1.0 1.0 -1.5 0.5 -1.5 -0.5 -1.0 -1.0 0.0 -1.0 3 0.0 1.0 2.0 4 2 4
split -1.0 0.0 0.0 1.0 0.0 0.0
end
case capsule_steep 1e-07
op 81
frame 0.0 0.0 0.0 0.0 0.0 1.0 1.0 0.0 0.0
offsets 0.0 2.0
boundary S 4 0.0 -1.0 L 3.0 -1.0 A 3.0 0.0 1.0 1 3.0 1.0 L 0.0 1.0 B 3 6 0.0 1.0 -1.0 1.0 -1.5 0.5 -1.5 -0.5 -1.0 -1.0 0.0 -1.0 3 0.0 1.0 2.0 4 2 4
split 1.5 0.0 1.0 1.0 0.25 2.75
end
case lens_parallel 1e-07
op 81
frame 0.0 0.0 0.0 0.0 0.0 1.0 1.0 0.0 0.0
offsets 0.0 5.0
boundary P 4 0.0 0.0 10.0 0.0 10.0 10.0 0.0 10.0
boundary S 2 3.0 5.0 B 3 4 3.0 5.0 4.0 8.0 6.0 8.0 7.0 5.0 2 0.0 1.0 4 4 7.0 5.0 B 3 4 7.0 5.0 6.0 2.0 4.0 2.0 3.0 5.0 2 0.0 1.0 4 4
split 0.0 4.0 0.0 0.0 1.0 0.0
end
case lens_tilted 1e-07
op 81
frame 1.0 -2.0 0.5 0.0 3.0 4.0 1.0 0.0 0.0
offsets 0.0 3.0
boundary P 4 0.0 0.0 10.0 0.0 10.0 10.0 0.0 10.0
boundary S 2 3.0 5.0 B 3 4 3.0 5.0 4.0 8.0 6.0 8.0 7.0 5.0 2 0.0 1.0 4 4 7.0 5.0 B 3 4 7.0 5.0 6.0 2.0 4.0 2.0 3.0 5.0 2 0.0 1.0 4 4
split 6.0 2.1 -0.6999999999999993 0.25 1.1 -0.19999999999999984
end
