torus torus_equator 1e-07 0.0 0.0 0.0 0.0 0.0 1.0 1.0 0.0 0.0 3.0 1.0 6.283185307179586 split 0.0 0.0 0.0 0.0 0.0 1.0
torus torus_height 1e-07 0.0 0.0 0.0 0.0 0.0 1.0 1.0 0.0 0.0 3.0 1.0 6.283185307179586 split 0.0 0.0 0.5 0.0 0.0 1.0
torus torus_high 1e-07 0.0 0.0 0.0 0.0 0.0 1.0 1.0 0.0 0.0 3.0 1.0 6.283185307179586 split 0.0 0.0 0.875 0.0 0.0 -1.0
torus torus_touch 1e-07 0.0 0.0 0.0 0.0 0.0 1.0 1.0 0.0 0.0 3.0 1.0 6.283185307179586 split 0.0 0.0 1.0 0.0 0.0 1.0
torus torus_miss 1e-07 0.0 0.0 0.0 0.0 0.0 1.0 1.0 0.0 0.0 3.0 1.0 6.283185307179586 split 0.0 0.0 2.0 0.0 0.0 1.0
torus torus_meridian 1e-07 0.0 0.0 0.0 0.0 0.0 1.0 1.0 0.0 0.0 3.0 1.0 6.283185307179586 split 0.0 0.0 0.0 1.0 0.0 0.0
torus torus_meridian_skew 1e-07 0.0 0.0 0.0 0.0 0.0 1.0 1.0 0.0 0.0 3.0 1.0 6.283185307179586 split 0.0 0.0 0.5 1.0 1.0 0.0
torus torus_tilted_height 1e-07 1.0 -2.0 0.5 0.0 3.0 4.0 1.0 0.0 0.0 2.5 0.75 6.283185307179586 split 1.0 -1.82 0.74 0.0 3.0 4.0
torus torus_parallel_outer 1e-07 0.0 0.0 0.0 0.0 0.0 1.0 1.0 0.0 0.0 3.0 1.0 6.283185307179586 split 3.5 0.0 0.0 1.0 0.0 0.0
torus torus_parallel_inner 1e-07 0.0 0.0 0.0 0.0 0.0 1.0 1.0 0.0 0.0 3.0 1.0 6.283185307179586 split 2.5 0.0 0.0 1.0 0.0 0.0
torus torus_oblique 1e-07 0.0 0.0 0.0 0.0 0.0 1.0 1.0 0.0 0.0 3.0 1.0 6.283185307179586 split 0.0 0.0 0.25 0.25 0.0 1.0
torus torus_oblique_tube 1e-07 0.0 0.0 0.0 0.0 0.0 1.0 1.0 0.0 0.0 3.0 1.0 6.283185307179586 split 3.0 0.0 0.0 1.0 0.0 1.0
