# name kind binary degree periodic poles knots first last A B [x y z w] [knot mult]
parabola_secant S 1 2 0 3 2 -2 2 -2 1 0 2 1 0 -2 4 0 1 0 -4 0 1 2 4 0 1 -2 3 2 3
parabola_secant_reversed S 1 2 0 3 2 -2 2 2 1 0 -2 1 0 -2 4 0 1 0 -4 0 1 2 4 0 1 -2 3 2 3
parabola_one_hit S 1 2 0 3 2 -2 2 0 1 0 2 1 0 -2 4 0 1 0 -4 0 1 2 4 0 1 -2 3 2 3
parabola_tangent S 1 2 0 3 2 -2 2 -1 0 0 1 0 0 -2 4 0 1 0 -4 0 1 2 4 0 1 -2 3 2 3
parabola_skew S 1 2 0 3 2 -2 2 -2 1 1 2 1 1 -2 4 0 1 0 -4 0 1 2 4 0 1 -2 3 2 3
parabola_outside_segment S 1 2 0 3 2 -2 2 2 1 0 3 1 0 -2 4 0 1 0 -4 0 1 2 4 0 1 -2 3 2 3
parabola_line L 1 2 0 3 2 -2 2 2 1 0 3 1 0 -2 4 0 1 0 -4 0 1 2 4 0 1 -2 3 2 3
parabola_trimmed S 1 2 0 3 2 0 2 -2 1 0 2 1 0 -2 4 0 1 0 -4 0 1 2 4 0 1 -2 3 2 3
parabola_closed_ends S 1 2 0 3 2 -1 1 -1 1 0 1 1 0 -2 4 0 1 0 -4 0 1 2 4 0 1 -2 3 2 3
near_tangent_-40_-1 S 1 2 0 3 2 -1 1 -1 0 0 1 0 0 -1 1099511627775/1099511627776 0 1 0 -1099511627777/1099511627776 0 1 1 1099511627775/1099511627776 0 1 -1 3 1 3
near_tangent_-40_1 S 1 2 0 3 2 -1 1 -1 0 0 1 0 0 -1 1099511627777/1099511627776 0 1 0 -1099511627775/1099511627776 0 1 1 1099511627777/1099511627776 0 1 -1 3 1 3
near_tangent_-20_-1 S 1 2 0 3 2 -1 1 -1 0 0 1 0 0 -1 1048575/1048576 0 1 0 -1048577/1048576 0 1 1 1048575/1048576 0 1 -1 3 1 3
near_tangent_-20_1 S 1 2 0 3 2 -1 1 -1 0 0 1 0 0 -1 1048577/1048576 0 1 0 -1048575/1048576 0 1 1 1048577/1048576 0 1 -1 3 1 3
rounded_space_near_tangent S 1 3 0 4 2 -2 2 -1 0 0 1 0 0 -2 4 -8 1 -6004799503160661/9007199254740992 -6004799503160661/4503599627370496 8 1 6004799503160661/9007199254740992 -6004799503160661/4503599627370496 -8 1 2 4 8 1 -2 4 2 4
space_tangent S 1 3 0 4 2 -2 2 -1 0 0 1 0 0 -6 12 -8 1 -2 -4 8 1 2 -4 -8 1 6 12 8 1 -2 4 2 4
space_endpoint_pair S 1 3 0 4 2 -2 2 -3 3 -1 3 3 1 -6 12 -8 1 -2 -4 8 1 2 -4 -8 1 6 12 8 1 -2 4 2 4
space_skew S 1 3 0 4 2 -2 2 -3 3 0 3 3 0 -6 12 -8 1 -2 -4 8 1 2 -4 -8 1 6 12 8 1 -2 4 2 4
collinear_disconnected_parameters S 1 2 0 3 2 -2 2 1 0 0 2 0 0 4 0 0 1 -4 0 0 1 4 0 0 1 -2 3 2 3
collinear_whole_line L 1 2 0 3 2 -2 2 1 0 0 2 0 0 4 0 0 1 -4 0 0 1 4 0 0 1 -2 3 2 3
collinear_connected_parameters S 1 2 0 3 2 -2 2 0 0 0 1 0 0 4 0 0 1 -4 0 0 1 4 0 0 1 -2 3 2 3
collinear_touch_only S 1 2 0 3 2 -2 2 -1 0 0 0 0 0 4 0 0 1 -4 0 0 1 4 0 0 1 -2 3 2 3
rational_circle_diagonal S 1 2 0 3 2 0 1 0 0 0 1 1 0 1 0 0 1 1 1 0 1 0 1 0 2 0 3 1 3
rational_circle_endpoints S 1 2 0 3 2 0 1 1 0 0 0 1 0 1 0 0 1 1 1 0 1 0 1 0 2 0 3 1 3
rational_circle_tangent S 1 2 0 3 2 0 1 1 -1 0 1 1 0 1 0 0 1 1 1 0 1 0 1 0 2 0 3 1 3
polyline_partial_overlap S 1 1 0 4 4 0 3 1/2 0 0 2 0 0 -1 1 0 1 0 0 0 1 1 0 0 1 2 1 0 1 0 2 1 1 2 1 3 2
polyline_knot_hit S 1 1 0 4 4 0 3 0 -1 0 0 1 0 -1 1 0 1 0 0 0 1 1 0 0 1 2 1 0 1 0 2 1 1 2 1 3 2
periodic_one_turn S 1 1 1 3 4 0 3 -1 0 0 2 0 0 0 0 0 1 1 0 0 1 0 1 0 1 0 1 1 1 2 1 3 1
periodic_multiple_turns S 1 1 1 3 4 -3 6 -1 0 0 2 0 0 0 0 0 1 1 0 0 1 0 1 0 1 0 1 1 1 2 1 3 1
chebyshev_3 S 1 3 0 4 2 -1 1 -1 0 0 1 0 0 0 -1 0 1 0 5 0 1 0 -5 0 1 0 1 0 1 -1 4 1 4
chebyshev_8 S 1 8 0 9 2 -1 1 -1 0 0 1 0 0 0 1 0 1 0 -15 0 1 0 65 0 1 0 -143 0 1 0 6468898125475255/35184372088832 0 1 0 -143 0 1 0 65 0 1 0 -15 0 1 0 1 0 1 -1 9 1 9
chebyshev_25 S 1 25 0 26 2 -1 1 -1 0 0 1 0 0 0 -1 0 1 0 49 0 1 0 -6752467410048341/8796093022208 0 1 0 6909 0 1 0 -42441 0 1 0 6643191988791979/34359738368 0 1 0 -1472070952061859/2147483648 0 1 0 2094870201011107/1073741824 0 1 0 -1222007617256479/268435456 0 1 0 2372132433497871/268435456 0 1 0 -7740642677729895/536870912 0 1 0 1336182366989089/67108864 0 1 0 -392140477268537/16777216 0 1 0 392140477268537/16777216 0 1 0 -1336182366989089/67108864 0 1 0 7740642677729895/536870912 0 1 0 -2372132433497871/268435456 0 1 0 1222007617256479/268435456 0 1 0 -2094870201011107/1073741824 0 1 0 1472070952061859/2147483648 0 1 0 -6643191988791979/34359738368 0 1 0 42441 0 1 0 -6909 0 1 0 6752467410048341/8796093022208 0 1 0 -49 0 1 0 1 0 1 -1 26 1 26
rational_trim_hit S 0 2 0 3 2 -7/5 1/3 -2 1 0 2 1 0 -2 4 0 1 0 -4 0 1 2 4 0 1 -2 3 2 3
rational_trim_endpoint S 0 2 0 3 2 -1 1/3 -2 1 0 2 1 0 -2 4 0 1 0 -4 0 1 2 4 0 1 -2 3 2 3
rational_trim_miss S 0 2 0 3 2 -1/3 5/7 -2 1 0 2 1 0 -2 4 0 1 0 -4 0 1 2 4 0 1 -2 3 2 3
singleton_hit S 1 2 0 3 2 1 1 -2 1 0 2 1 0 -2 4 0 1 0 -4 0 1 2 4 0 1 -2 3 2 3
singleton_miss S 1 2 0 3 2 1/2 1/2 -2 1 0 2 1 0 -2 4 0 1 0 -4 0 1 2 4 0 1 -2 3 2 3
singleton_knot_point S 1 1 0 4 4 1 1 0 0 0 0 0 0 -1 1 0 1 0 0 0 1 1 0 0 1 2 1 0 1 0 2 1 1 2 1 3 2
collapsed_on_curve S 0 2 0 3 2 -2 2 1/3 1/9 0 1/3 1/9 0 -2 4 0 1 0 -4 0 1 2 4 0 1 -2 3 2 3
collapsed_off_curve S 1 2 0 3 2 -2 2 0 1 0 0 1 0 -2 4 0 1 0 -4 0 1 2 4 0 1 -2 3 2 3
collapsed_periodic_aliases S 1 1 1 3 4 -3 6 0 0 0 0 0 0 0 0 0 1 1 0 0 1 0 1 0 1 0 1 1 1 2 1 3 1
collapsed_backtracking_pair S 1 2 0 3 2 -2 2 1 0 0 1 0 0 4 0 0 1 -4 0 0 1 4 0 0 1 -2 3 2 3
constant_collapsed_segment S 0 2 0 3 2 1/7 10/7 1/3 2 -4 1/3 2 -4 1/3 2 -4 1 1/3 2 -4 3 1/3 2 -4 2 1/7 3 10/7 3
constant_on_line L 0 2 0 3 2 1/7 10/7 0 2 -4 1 2 -4 1/3 2 -4 1 1/3 2 -4 3 1/3 2 -4 2 1/7 3 10/7 3
constant_inside_segment S 0 2 0 3 2 1/7 10/7 0 2 -4 1 2 -4 1/3 2 -4 1 1/3 2 -4 3 1/3 2 -4 2 1/7 3 10/7 3
constant_outside_segment S 0 2 0 3 2 1/7 10/7 0 2 -4 1/4 2 -4 1/3 2 -4 1 1/3 2 -4 3 1/3 2 -4 2 1/7 3 10/7 3
twisted_cubic_oblique_secant L 1 3 0 4 2 -2 2 -3 3 -1 6 12 8 -6 12 -8 1 -2 -4 8 1 2 -4 -8 1 6 12 8 1 -2 4 2 4
twisted_cubic_oblique_segment S 1 3 0 4 2 -2 2 -3 3 -1 3/2 3/4 1/8 -6 12 -8 1 -2 -4 8 1 2 -4 -8 1 6 12 8 1 -2 4 2 4
circle_irrational_slope L 1 2 0 3 2 0 1 0 0 0 1 2 0 1 0 0 1 1 1 0 1 0 1 0 2 0 3 1 3
circle_irrational_segment S 0 2 0 3 2 0 1 0 0 0 2/3 4/3 0 1 0 0 1 1 1 0 1 0 1 0 2 0 3 1 3
huge_parameter_domain S 0 2 0 3 2 13582985290493858492773514283592667786034938469317445497485196697278130927542418487205392083207560592298578262953847383475038725543234929971155548342800628721885763499406390331782864144164680730766837160526223176512798435772129956553355286032203080380775759732320198985094884004069116123084147875437183658467465148948790552744165374 13582985290493858492773514283592667786034938469317445497485196697278130927542418487205392083207560592298578262953847383475038725543234929971155548342800628721885763499406390331782864144164680730766837160526223176512798435772129956553355286032203080380775759732320198985094884004069116123084147875437183658467465148948790552744165378 -2 1 0 2 1 0 -2 4 0 1 0 -4 0 1 2 4 0 1 13582985290493858492773514283592667786034938469317445497485196697278130927542418487205392083207560592298578262953847383475038725543234929971155548342800628721885763499406390331782864144164680730766837160526223176512798435772129956553355286032203080380775759732320198985094884004069116123084147875437183658467465148948790552744165374 3 13582985290493858492773514283592667786034938469317445497485196697278130927542418487205392083207560592298578262953847383475038725543234929971155548342800628721885763499406390331782864144164680730766837160526223176512798435772129956553355286032203080380775759732320198985094884004069116123084147875437183658467465148948790552744165378 3
tiny_coordinates S 0 2 0 3 2 -2 2 -1/6791492645246929246386757141796333893017469234658722748742598348639065463771209243602696041603780296149289131476923691737519362771617464985577774171400314360942881749703195165891432072082340365383418580263111588256399217886064978276677643016101540190387879866160099492547442002034558061542073937718591829233732574474395276372082688 1/13582985290493858492773514283592667786034938469317445497485196697278130927542418487205392083207560592298578262953847383475038725543234929971155548342800628721885763499406390331782864144164680730766837160526223176512798435772129956553355286032203080380775759732320198985094884004069116123084147875437183658467465148948790552744165376 0 1/6791492645246929246386757141796333893017469234658722748742598348639065463771209243602696041603780296149289131476923691737519362771617464985577774171400314360942881749703195165891432072082340365383418580263111588256399217886064978276677643016101540190387879866160099492547442002034558061542073937718591829233732574474395276372082688 1/13582985290493858492773514283592667786034938469317445497485196697278130927542418487205392083207560592298578262953847383475038725543234929971155548342800628721885763499406390331782864144164680730766837160526223176512798435772129956553355286032203080380775759732320198985094884004069116123084147875437183658467465148948790552744165376 0 -1/6791492645246929246386757141796333893017469234658722748742598348639065463771209243602696041603780296149289131476923691737519362771617464985577774171400314360942881749703195165891432072082340365383418580263111588256399217886064978276677643016101540190387879866160099492547442002034558061542073937718591829233732574474395276372082688 1/3395746322623464623193378570898166946508734617329361374371299174319532731885604621801348020801890148074644565738461845868759681385808732492788887085700157180471440874851597582945716036041170182691709290131555794128199608943032489138338821508050770095193939933080049746273721001017279030771036968859295914616866287237197638186041344 0 1 0 -1/3395746322623464623193378570898166946508734617329361374371299174319532731885604621801348020801890148074644565738461845868759681385808732492788887085700157180471440874851597582945716036041170182691709290131555794128199608943032489138338821508050770095193939933080049746273721001017279030771036968859295914616866287237197638186041344 0 1 1/6791492645246929246386757141796333893017469234658722748742598348639065463771209243602696041603780296149289131476923691737519362771617464985577774171400314360942881749703195165891432072082340365383418580263111588256399217886064978276677643016101540190387879866160099492547442002034558061542073937718591829233732574474395276372082688 1/3395746322623464623193378570898166946508734617329361374371299174319532731885604621801348020801890148074644565738461845868759681385808732492788887085700157180471440874851597582945716036041170182691709290131555794128199608943032489138338821508050770095193939933080049746273721001017279030771036968859295914616866287237197638186041344 0 1 -2 3 2 3
sub_float_excluded_gap S 0 2 0 3 2 0 2 0 0 0 2 0 0 1532495540865888858358347027150309183618739122183602177/1532495540865888858358347027150309183618739122183602176 0 0 1 -1 0 0 1 1532495540865888858358347027150309183618739122183602175/1532495540865888858358347027150309183618739122183602176 0 0 1 0 3 2 3
sub_float_point_pair S 0 2 0 3 2 0 2 0 0 0 0 0 0 1532495540865888858358347027150309183618739122183602177/1532495540865888858358347027150309183618739122183602176 0 0 1 -1 0 0 1 1532495540865888858358347027150309183618739122183602175/1532495540865888858358347027150309183618739122183602176 0 0 1 0 3 2 3
high_order_endpoint_touch S 0 6 0 7 2 -1 1 0 0 0 1 0 0 -1 1 0 1 -2/3 -1 0 1 -1/3 1 0 1 0 -1 0 1 1/3 1 0 1 2/3 -1 0 1 1 1 0 1 -1 7 1 7
unclamped_on_line L 1 2 0 4 7 0 2 0 0 0 1 0 0 -3 0 0 1 -1 0 0 2 1 0 0 3 3 0 0 4 -2 1 -1 1 0 1 1 1 2 1 3 1 4 1
unclamped_clipped S 0 2 0 4 7 0 2 -1/3 0 0 1/2 0 0 -3 0 0 1 -1 0 0 2 1 0 0 3 3 0 0 4 -2 1 -1 1 0 1 1 1 2 1 3 1 4 1
periodic_quadratic_turns S 0 2 1 4 5 -9/2 17/3 -2 1/5 0 2 1/5 0 1 0 0 1 0 1 0 1 -1 0 0 2 0 -1 0 1 0 1 1 1 2 1 3 1 4 1
periodic_quadratic_skew S 1 2 1 4 5 -4 8 0 0 1 0 1 1 1 0 0 1 0 1 0 1 -1 0 0 2 0 -1 0 1 0 1 1 1 2 1 3 1 4 1
overlap_across_knots S 1 1 0 5 5 0 4 1/2 0 0 5/2 0 0 0 0 0 1 1 0 0 3 3 0 0 2 2 0 0 1 5 0 0 1 0 2 1 1 2 1 3 1 4 2
weighted_retrace_segment S 0 2 0 3 2 -2 2 1/3 0 0 3/2 0 0 4 0 0 1 -4 0 0 3 4 0 0 2 -2 3 2 3
