cone apex_ellipse 1e-07 0.0 0.0 0.0 0.0 0.0 1.0 1.0 0.0 0.0 2.0 0.0 3.0 split 0.0 0.0 1.0 -0.2 0.0 1.0
cone apex_parabola 1e-07 0.0 0.0 0.0 0.0 0.0 1.0 1.0 0.0 0.0 2.0 0.0 2.0 split 0.5 0.0 0.0 1.0 0.0 1.0
cone apex_hyperbola 1e-07 0.0 0.0 0.0 0.0 0.0 1.0 1.0 0.0 0.0 2.0 0.0 3.0 split 0.8 0.0 0.0 1.0 0.0 0.0
cone frustum_top_tongue 1e-07 0.0 0.0 0.0 0.0 0.0 1.0 1.0 0.0 0.0 2.0 1.0 3.0 split 0.6 0.0 3.0 1.0 0.0 1.0
cone frustum_rulings 1e-07 0.0 0.0 0.0 0.0 0.0 1.0 1.0 0.0 0.0 2.0 1.0 3.0 split 0.0 0.0 6.0 1.0 0.0 0.1
cone frustum_touch_both 1e-07 0.0 0.0 0.0 0.0 0.0 1.0 1.0 0.0 0.0 2.0 1.0 3.0 split 2.0 0.0 0.0 1.0 0.0 1.0
cone widening_oblique 1e-07 0.0 0.0 0.0 0.0 0.0 1.0 1.0 0.0 0.0 1.0 2.5 0.5 split 0.0 0.0 0.25 0.3 0.2 1.0
cone tilted_oblique 1e-07 1.0 -2.0 0.5 0.0 3.0 4.0 1.0 0.0 0.0 2.0 0.5 3.0 split 1.0 -0.8 2.1 1.0 3.0 4.0
sphere zone_side_cap 1e-07 0.0 0.0 0.0 0.0 0.0 1.0 1.0 0.0 0.0 2.0 -0.5 1.0 split 1.8 0.0 0.0 1.0 0.0 0.0
sphere cap_oblique 1e-07 0.0 0.0 0.0 0.0 0.0 1.0 1.0 0.0 0.0 2.0 0.25 1.5707963267948966 split 0.0 0.0 1.2 1.0 0.0 1.0
sphere zone_both_rims 1e-07 0.0 0.0 0.0 0.0 0.0 1.0 1.0 0.0 0.0 2.0 -0.5 1.0 split 0.3 0.0 0.0 1.0 0.0 0.2
sphere tilted_zone_oblique 1e-07 1.0 -2.0 0.5 0.0 3.0 4.0 1.0 0.0 0.0 1.5 -0.7 0.9 split 1.25 -2.0 0.5 1.0 -1.0 0.5
