line_interior 1 0 2 2 0 1 0.5 2 0 0 0 0 1 1 0 0 1 0 2 1 2
line_left_endpoint 1 0 2 2 0 1 -1 2 0 0 0 0 1 1 0 0 1 0 2 1 2
line_right_endpoint 1 0 2 2 0 1 2 2 0 0 0 0 1 1 0 0 1 0 2 1 2
line_on_endpoint 1 0 2 2 0 1 0 0 0 0 0 0 1 1 0 0 1 0 2 1 2
line_trimmed_endpoint 1 0 2 2 0.125 0.25 0.5 2 0 0 0 0 1 1 0 0 1 0 2 1 2
line_singleton 1 0 2 2 0.25 0.25 0 2 0 0 0 0 1 1 0 0 1 0 2 1 2
parabola_two_equal_minima 2 0 3 2 -2 2 0 1 0 -2 4 0 1 0 -4 0 1 2 4 0 1 -2 3 2 3
parabola_near_tie 2 0 3 2 -2 2 8.4703294725430034e-22 1 0 -2 4 0 1 0 -4 0 1 2 4 0 1 -2 3 2 3
parabola_stationary_zero_curvature 2 0 3 2 -2 2 0 0.5 0 -2 4 0 1 0 -4 0 1 2 4 0 1 -2 3 2 3
circle_constant_distance 2 0 3 2 0 1 0 0 0 1 0 0 1 1 1 0 1 0 1 0 2 0 3 1 3
circle_constant_distance_off_plane 2 0 3 2 0 1 0 0 2 1 0 0 1 1 1 0 1 0 1 0 2 0 3 1 3
constant_curve 2 0 3 2 0 1 0 0 0 1 2 3 1 1 2 3 2 1 2 3 3 0 3 1 3
linear_corner_minimum 1 0 3 3 0 2 -1 -1 0 0 1 0 1 0 0 0 1 1 0 0 1 0 2 1 1 2 2
periodic_polygon_one_turn 1 1 3 4 0 3 -1 -1 0 0 0 0 1 1 0 0 1 0 1 0 1 0 1 1 1 2 1 3 1
periodic_polygon_multiple_turns 1 1 3 4 -3 6 -1 -1 0 0 0 0 1 1 0 0 1 0 1 0 1 0 1 1 1 2 1 3 1
cusp_stationary 3 0 4 2 -1 1 0 0 1 3 -1 0 1 -1 1 0 1 -1 -1 0 1 3 1 0 1 -1 4 1 4
chebyshev_3_coincident_minima 3 0 4 2 -1 1 0 0 0 0 -1 0 1 0 5 0 1 0 -5 0 1 0 1 0 1 -1 4 1 4
chebyshev_8_coincident_minima 8 0 9 2 -1 1 0 0 0 0 1 0 1 0 -15 0 1 0 65 0 1 0 -143 0 1 0 183.85714285714286 0 1 0 -143 0 1 0 65 0 1 0 -15 0 1 0 1 0 1 -1 9 1 9
chebyshev_25_coincident_minima 25 0 26 2 -1 1 0 0 0 0 -1 0 1 0 49 0 1 0 -767.66666666666663 0 1 0 6909 0 1 0 -42441 0 1 0 193342.33333333334 0 1 0 -685486.45454545459 0 1 0 1950999.9090909092 0 1 0 -4552333.1212121211 0 1 0 8836881.9411764704 0 1 0 -14418070.535603715 0 1 0 19910668.834881321 0 1 0 -23373393.84964329 0 1 0 23373393.84964329 0 1 0 -19910668.834881321 0 1 0 14418070.535603715 0 1 0 -8836881.9411764704 0 1 0 4552333.1212121211 0 1 0 -1950999.9090909092 0 1 0 685486.45454545459 0 1 0 -193342.33333333334 0 1 0 42441 0 1 0 -6909 0 1 0 767.66666666666663 0 1 0 -49 0 1 0 1 0 1 -1 26 1 26
upstream_BSpline_Linear 1 0 4 4 0 1 1.5 1.5 0 0 0 0 1 1 1 0 1 2 0 0 1 3 1 0 1 0 2 0.33000000000000002 1 0.67000000000000004 1 1 2
upstream_BSpline_Quadratic 2 0 5 3 0 1 2 2.5 0 0 0 0 1 1 2 0 1 2 0 0 1 3 2 0 1 4 0 0 1 0 3 0.5 2 1 3
upstream_BSpline_3D_Helix 6 0 7 2 0 1 0 0 15 10 0 0 1 7 7 5 1 0 10 10 1 -7 7 15 1 -10 0 20 1 -7 -7 25 1 0 -10 30 1 0 7 1 7
upstream_Bezier_Quadratic 2 0 3 2 0 1 5 8 0 0 0 0 1 5 10 0 1 10 0 0 1 0 3 1 3
upstream_Bezier_HighDegree 6 0 7 2 0 1 3 3 0 0 0 0 1 1 3 0 1 2 -1 0 1 3 4 0 1 4 0 0 1 5 2 0 1 6 1 0 1 0 7 1 7
upstream_Bezier_3D_SCurve 3 0 4 2 0 1 4.5 3 3 0 0 0 1 3 5 2 1 6 0 4 1 9 5 6 1 0 4 1 4
upstream_BSpline_CubicCurve 3 0 4 2 0 1 1.5 3 0 0 0 0 1 1 2 0 1 2 2 0 1 3 0 0 1 0 4 1 4
upstream_BSpline_MultiSpan 2 0 6 4 0 1 3 4 0 0 0 0 1 1 3 0 1 2 0 0 1 3 3 0 1 4 0 0 1 5 3 0 1 0 3 0.33000000000000002 1 0.67000000000000004 2 1 3
upstream_Bezier_CubicCurve 3 0 4 2 0 1 2 4 0 0 0 0 1 1 3 0 1 3 3 0 1 4 0 0 1 0 4 1 4
upstream_PointOnCurve_BSpline 3 0 4 2 0 1 1.5 1.5 0 0 0 0 1 1 2 0 1 2 2 0 1 3 0 0 1 0 4 1 4
degree25_rational_space_projection 25 0 26 2 -1 1 0.125 0.01 0 0 -1 0 1 0.040000000000000001 49 0 1 0.080000000000000002 -767.66666666666663 0 1 0.12 6909 0 1 0.16 -42441 0 1 0.20000000000000001 193342.33333333334 0 1 0.23999999999999999 -685486.45454545459 0 1 0.28000000000000003 1950999.9090909092 0 1 0.32000000000000001 -4552333.1212121211 0 1 0.35999999999999999 8836881.9411764704 0 1 0.40000000000000002 -14418070.535603715 0 1 0.44 19910668.834881321 0 1 0.47999999999999998 -23373393.84964329 0 1 0.52000000000000002 23373393.84964329 0 1 0.56000000000000005 -19910668.834881321 0 1 0.59999999999999998 14418070.535603715 0 1 0.64000000000000001 -8836881.9411764704 0 1 0.68000000000000005 4552333.1212121211 0 1 0.71999999999999997 -1950999.9090909092 0 1 0.76000000000000001 685486.45454545459 0 1 0.80000000000000004 -193342.33333333334 0 1 0.83999999999999997 42441 0 1 0.88 -6909 0 1 0.92000000000000004 767.66666666666663 0 1 0.95999999999999996 -49 0 1 0.88888888888888884 0.88888888888888884 0 1.125 -1 26 1 26
