cone frustum_height 1e-07 0.0 0.0 0.0 0.0 0.0 1.0 1.0 0.0 0.0 2.0 1.0 3.0 split 0.0 0.0 1.25 0.0 0.0 1.0
cone apex_height 1e-07 0.0 0.0 0.0 0.0 0.0 1.0 1.0 0.0 0.0 2.0 0.0 3.0 split 0.0 0.0 1.5 0.0 0.0 1.0
cone apex_up_height 1e-07 0.0 0.0 0.0 0.0 0.0 1.0 1.0 0.0 0.0 0.0 1.5 2.0 split 0.0 0.0 0.5 0.0 0.0 -1.0
cone widening_height 1e-07 0.0 0.0 0.0 0.0 0.0 1.0 1.0 0.0 0.0 1.0 2.5 0.5 split 0.0 0.0 0.375 0.0 0.0 1.0
cone apex_touch 1e-07 0.0 0.0 0.0 0.0 0.0 1.0 1.0 0.0 0.0 2.0 0.0 3.0 split 0.0 0.0 3.0 0.0 0.0 1.0
cone frustum_in_cap 1e-07 0.0 0.0 0.0 0.0 0.0 1.0 1.0 0.0 0.0 2.0 1.0 3.0 split 0.5 0.0 0.0 0.0 0.0 1.0
cone frustum_miss 1e-07 0.0 0.0 0.0 0.0 0.0 1.0 1.0 0.0 0.0 2.0 1.0 3.0 split 0.0 0.0 4.0 0.0 0.0 1.0
cone tilted_height 1e-07 1.0 -2.0 0.5 0.0 3.0 4.0 1.0 0.0 0.0 2.0 0.5 3.0 split 1.0 -0.8 2.1 0.0 3.0 4.0
cone frustum_meridian 1e-07 0.0 0.0 0.0 0.0 0.0 1.0 1.0 0.0 0.0 2.0 1.0 3.0 split 0.0 0.0 0.0 1.0 0.0 0.0
cone apex_meridian 1e-07 0.0 0.0 0.0 0.0 0.0 1.0 1.0 0.0 0.0 2.0 0.0 3.0 split 0.0 0.0 1.0 1.0 1.0 0.0
cone apex_oblique 1e-07 0.0 0.0 0.0 0.0 0.0 1.0 1.0 0.0 0.0 2.0 0.0 3.0 split 0.0 0.0 1.0 1.0 0.0 2.0
cone frustum_parallel 1e-07 0.0 0.0 0.0 0.0 0.0 1.0 1.0 0.0 0.0 2.0 1.0 3.0 split 0.5 0.0 0.0 1.0 0.0 0.0
sphere sphere_equator 1e-07 0.0 0.0 0.0 0.0 0.0 1.0 1.0 0.0 0.0 2.0 -1.5707963267948966 1.5707963267948966 split 0.0 0.0 0.0 0.0 0.0 1.0
sphere sphere_height 1e-07 0.0 0.0 0.0 0.0 0.0 1.0 1.0 0.0 0.0 2.0 -1.5707963267948966 1.5707963267948966 split 0.0 0.0 0.75 0.0 0.0 1.0
sphere sphere_oblique 1e-07 0.0 0.0 0.0 0.0 0.0 1.0 1.0 0.0 0.0 2.0 -1.5707963267948966 1.5707963267948966 split 0.3 0.2 0.1 1.0 2.0 2.0
sphere sphere_tilted 1e-07 1.0 -2.0 0.5 0.0 3.0 4.0 1.0 0.0 0.0 1.5 -1.5707963267948966 1.5707963267948966 split 1.25 -2.0 0.5 1.0 -1.0 0.5
sphere sphere_touch 1e-07 0.0 0.0 0.0 0.0 0.0 1.0 1.0 0.0 0.0 2.0 -1.5707963267948966 1.5707963267948966 split 0.0 0.0 2.0 0.0 0.0 1.0
sphere sphere_miss 1e-07 0.0 0.0 0.0 0.0 0.0 1.0 1.0 0.0 0.0 2.0 -1.5707963267948966 1.5707963267948966 split 0.0 3.0 0.0 0.0 1.0 0.0
sphere zone_height 1e-07 0.0 0.0 0.0 0.0 0.0 1.0 1.0 0.0 0.0 2.0 -0.5 1.0 split 0.0 0.0 0.25 0.0 0.0 1.0
sphere cap_height 1e-07 0.0 0.0 0.0 0.0 0.0 1.0 1.0 0.0 0.0 2.0 0.25 1.5707963267948966 split 0.0 0.0 1.5 0.0 0.0 1.0
sphere zone_meridian 1e-07 0.0 0.0 0.0 0.0 0.0 1.0 1.0 0.0 0.0 2.0 -0.5 1.0 split 0.0 0.0 0.0 0.0 1.0 0.0
sphere cap_meridian 1e-07 0.0 0.0 0.0 0.0 0.0 1.0 1.0 0.0 0.0 2.0 0.25 1.5707963267948966 split 0.0 0.0 0.0 1.0 1.0 0.0
sphere zone_oblique 1e-07 0.0 0.0 0.0 0.0 0.0 1.0 1.0 0.0 0.0 2.0 -0.5 1.0 split 0.0 0.0 0.5 1.0 0.0 1.0
