case spline_bulge
tolerance 1e-07
v 0.0 0.0 0.0 enc 9.536743164062501e-14
v 3.0 0.0 0.0 enc 9.536743164062501e-14
v 3.0 2.0 0.0 enc 9.536743164062501e-14
v 0.0 2.0 0.0 enc 9.536743164062501e-14
v 0.0 0.0 1.0 enc 9.536743164062501e-14
v 3.0 0.0 1.0 enc 9.536743164062501e-14
v 3.0 2.0 1.0 enc 9.536743164062501e-14
v 0.0 2.0 1.0 enc 9.536743164062501e-14
e 0 4 line 0.0 0.0 0.0 0.0 0.0 1.0 fins 11 21
e 1 5 line 3.0 0.0 0.0 3.0 0.0 1.0 fins 9 15
e 2 6 line 3.0 2.0 0.0 3.0 2.0 1.0 fins 13 19
e 3 7 line 0.0 2.0 0.0 0.0 2.0 1.0 fins 17 23
e 0 1 line 0.0 0.0 0.0 3.0 0.0 0.0 fins 3 8
e 4 5 line 0.0 0.0 1.0 3.0 0.0 1.0 fins 4 10
e 1 2 bspline 2 0 2 0.0 1.0 3 3 3 3.0 0.0 0.0 4.0 1.0 0.0 3.0 2.0 0.0 1.0 1.0 1.0 fins 2 12
e 5 6 bspline 2 0 2 0.0 1.0 3 3 3 3.0 0.0 1.0 4.0 1.0 1.0 3.0 2.0 1.0 1.0 1.0 1.0 fins 5 14
e 2 3 line 3.0 2.0 0.0 0.0 2.0 0.0 fins 1 16
e 6 7 line 3.0 2.0 1.0 0.0 2.0 1.0 fins 6 18
e 3 0 line 0.0 2.0 0.0 0.0 0.0 0.0 fins 0 20
e 7 4 line 0.0 2.0 1.0 0.0 0.0 1.0 fins 7 22
l 0
u 10 R line 0.0 -0.0 0.0 -2.0 enc 9.536743164062501e-14
u 8 R line 0.0 -2.0 3.0 -2.0 enc 9.536743164062501e-14
u 6 R bspline 2 0 2 0.0 1.0 3 3 3 3.0 -2.0 4.0 -1.0 3.0 -0.0 1.0 1.0 1.0 enc 9.536743164062501e-14
u 4 R line 3.0 -0.0 0.0 -0.0 enc 9.536743164062501e-14
l 0
u 5 F line 0.0 0.0 3.0 0.0 enc 9.536743164062501e-14
u 7 F bspline 2 0 2 0.0 1.0 3 3 3 3.0 0.0 4.0 1.0 3.0 2.0 1.0 1.0 1.0 enc 9.536743164062501e-14
u 9 F line 3.0 2.0 0.0 2.0 enc 9.536743164062501e-14
u 11 F line 0.0 2.0 0.0 0.0 enc 9.536743164062501e-14
l 0
u 4 F line 0.0 0.0 3.0 0.0 enc 9.536743164062501e-14
u 1 F line 3.0 0.0 3.0 1.0 enc 9.536743164062501e-14
u 5 R line 3.0 1.0 0.0 1.0 enc 9.536743164062501e-14
u 0 R line 0.0 1.0 0.0 0.0 enc 9.536743164062501e-14
l 0
u 6 F line 0.0 0.0 1.0 0.0 enc 9.536743164062501e-14
u 2 F line 1.0 0.0 1.0 1.0 enc 9.536743164062501e-14
u 7 R line 1.0 1.0 0.0 1.0 enc 9.536743164062501e-14
u 1 R line 0.0 1.0 0.0 0.0 enc 9.536743164062501e-14
l 0
u 8 F line 0.0 0.0 3.0 0.0 enc 9.536743164062501e-14
u 3 F line 3.0 0.0 3.0 1.0 enc 9.536743164062501e-14
u 9 R line 3.0 1.0 0.0 1.0 enc 9.536743164062501e-14
u 2 R line 0.0 1.0 0.0 0.0 enc 9.536743164062501e-14
l 0
u 10 F line 0.0 0.0 2.0 0.0 enc 9.536743164062501e-14
u 0 F line 2.0 0.0 2.0 1.0 enc 9.536743164062501e-14
u 11 R line 2.0 1.0 0.0 1.0 enc 9.536743164062501e-14
u 3 R line 0.0 1.0 0.0 0.0 enc 9.536743164062501e-14
f plane 0.0 0.0 0.0 0.0 0.0 -1.0 1.0 0.0 0.0 F 0 1 loops 0 enc 9.536743164062501e-14
f plane 0.0 0.0 1.0 0.0 0.0 1.0 1.0 0.0 0.0 F 0 1 loops 1 enc 9.536743164062501e-14
f plane 0.0 0.0 0.0 0.0 -1.0 0.0 1.0 0.0 0.0 F 0 1 loops 2 enc 9.536743164062501e-14
f bspline 2 0 2 0.0 1.0 3 3 1 0 2 0.0 1.0 2 2 6 3.0 0.0 0.0 3.0 0.0 1.0 4.0 1.0 0.0 4.0 1.0 1.0 3.0 2.0 0.0 3.0 2.0 1.0 1.0 1.0 1.0 1.0 1.0 1.0 F 0 1 loops 3 enc 9.536743164062501e-14
f plane 3.0 2.0 0.0 0.0 1.0 0.0 -1.0 0.0 0.0 F 0 1 loops 4 enc 9.536743164062501e-14
f plane 0.0 2.0 0.0 -1.0 -0.0 0.0 0.0 -1.0 0.0 F 0 1 loops 5 enc 9.536743164062501e-14
s 1 sides 0:F 1:F 2:F 3:F 4:F 5:F wire acorn
s 0 sides 0:B 1:B 2:B 3:B 4:B 5:B wire acorn
r void 1
r solid 0
mesh coarse 0.04 0.5
mesh fine 0.004 0.3
end
case spline_cubic_bulge
tolerance 1e-07
v 0.0 0.0 0.0 enc 9.536743164062501e-14
v 3.0 0.0 0.0 enc 9.536743164062501e-14
v 3.0 2.0 0.0 enc 9.536743164062501e-14
v 0.0 2.0 0.0 enc 9.536743164062501e-14
v 0.0 0.0 1.0 enc 9.536743164062501e-14
v 3.0 0.0 1.0 enc 9.536743164062501e-14
v 3.0 2.0 1.0 enc 9.536743164062501e-14
v 0.0 2.0 1.0 enc 9.536743164062501e-14
e 0 4 line 0.0 0.0 0.0 0.0 0.0 1.0 fins 11 21
e 1 5 line 3.0 0.0 0.0 3.0 0.0 1.0 fins 9 15
e 2 6 line 3.0 2.0 0.0 3.0 2.0 1.0 fins 13 19
e 3 7 line 0.0 2.0 0.0 0.0 2.0 1.0 fins 17 23
e 0 1 line 0.0 0.0 0.0 3.0 0.0 0.0 fins 3 8
e 4 5 line 0.0 0.0 1.0 3.0 0.0 1.0 fins 4 10
e 1 2 bspline 3 0 3 0.0 0.5 1.0 4 1 4 5 3.0 0.0 0.0 3.5 0.25 0.0 4.0 1.0 0.0 3.5 1.75 0.0 3.0 2.0 0.0 1.0 1.0 1.0 1.0 1.0 fins 2 12
e 5 6 bspline 3 0 3 0.0 0.5 1.0 4 1 4 5 3.0 0.0 1.0 3.5 0.25 1.0 4.0 1.0 1.0 3.5 1.75 1.0 3.0 2.0 1.0 1.0 1.0 1.0 1.0 1.0 fins 5 14
e 2 3 line 3.0 2.0 0.0 0.0 2.0 0.0 fins 1 16
e 6 7 line 3.0 2.0 1.0 0.0 2.0 1.0 fins 6 18
e 3 0 line 0.0 2.0 0.0 0.0 0.0 0.0 fins 0 20
e 7 4 line 0.0 2.0 1.0 0.0 0.0 1.0 fins 7 22
l 0
u 10 R line 0.0 -0.0 0.0 -2.0 enc 9.536743164062501e-14
u 8 R line 0.0 -2.0 3.0 -2.0 enc 9.536743164062501e-14
u 6 R bspline 3 0 3 0.0 0.5 1.0 4 1 4 5 3.0 -2.0 3.5 -1.75 4.0 -1.0 3.5 -0.25 3.0 -0.0 1.0 1.0 1.0 1.0 1.0 enc 9.536743164062501e-14
u 4 R line 3.0 -0.0 0.0 -0.0 enc 9.536743164062501e-14
l 0
u 5 F line 0.0 0.0 3.0 0.0 enc 9.536743164062501e-14
u 7 F bspline 3 0 3 0.0 0.5 1.0 4 1 4 5 3.0 0.0 3.5 0.25 4.0 1.0 3.5 1.75 3.0 2.0 1.0 1.0 1.0 1.0 1.0 enc 9.536743164062501e-14
u 9 F line 3.0 2.0 0.0 2.0 enc 9.536743164062501e-14
u 11 F line 0.0 2.0 0.0 0.0 enc 9.536743164062501e-14
l 0
u 4 F line 0.0 0.0 3.0 0.0 enc 9.536743164062501e-14
u 1 F line 3.0 0.0 3.0 1.0 enc 9.536743164062501e-14
u 5 R line 3.0 1.0 0.0 1.0 enc 9.536743164062501e-14
u 0 R line 0.0 1.0 0.0 0.0 enc 9.536743164062501e-14
l 0
u 6 F line 0.0 0.0 1.0 0.0 enc 9.536743164062501e-14
u 2 F line 1.0 0.0 1.0 1.0 enc 9.536743164062501e-14
u 7 R line 1.0 1.0 0.0 1.0 enc 9.536743164062501e-14
u 1 R line 0.0 1.0 0.0 0.0 enc 9.536743164062501e-14
l 0
u 8 F line 0.0 0.0 3.0 0.0 enc 9.536743164062501e-14
u 3 F line 3.0 0.0 3.0 1.0 enc 9.536743164062501e-14
u 9 R line 3.0 1.0 0.0 1.0 enc 9.536743164062501e-14
u 2 R line 0.0 1.0 0.0 0.0 enc 9.536743164062501e-14
l 0
u 10 F line 0.0 0.0 2.0 0.0 enc 9.536743164062501e-14
u 0 F line 2.0 0.0 2.0 1.0 enc 9.536743164062501e-14
u 11 R line 2.0 1.0 0.0 1.0 enc 9.536743164062501e-14
u 3 R line 0.0 1.0 0.0 0.0 enc 9.536743164062501e-14
f plane 0.0 0.0 0.0 0.0 0.0 -1.0 1.0 0.0 0.0 F 0 1 loops 0 enc 9.536743164062501e-14
f plane 0.0 0.0 1.0 0.0 0.0 1.0 1.0 0.0 0.0 F 0 1 loops 1 enc 9.536743164062501e-14
f plane 0.0 0.0 0.0 0.0 -1.0 0.0 1.0 0.0 0.0 F 0 1 loops 2 enc 9.536743164062501e-14
f bspline 3 0 3 0.0 0.5 1.0 4 1 4 1 0 2 0.0 1.0 2 2 10 3.0 0.0 0.0 3.0 0.0 1.0 3.5 0.25 0.0 3.5 0.25 1.0 4.0 1.0 0.0 4.0 1.0 1.0 3.5 1.75 0.0 3.5 1.75 1.0 3.0 2.0 0.0 3.0 2.0 1.0 1.0 1.0 1.0 1.0 1.0 1.0 1.0 1.0 1.0 1.0 F 0 1 loops 3 enc 9.536743164062501e-14
f plane 3.0 2.0 0.0 0.0 1.0 0.0 -1.0 0.0 0.0 F 0 1 loops 4 enc 9.536743164062501e-14
f plane 0.0 2.0 0.0 -1.0 -0.0 0.0 0.0 -1.0 0.0 F 0 1 loops 5 enc 9.536743164062501e-14
s 1 sides 0:F 1:F 2:F 3:F 4:F 5:F wire acorn
s 0 sides 0:B 1:B 2:B 3:B 4:B 5:B wire acorn
r void 1
r solid 0
mesh coarse 0.0375 0.5
mesh fine 0.00375 0.3
end
case spline_rounded_corner
tolerance 1e-07
v 0.0 0.0 -0.5 enc 9.536743164062501e-14
v 3.0 0.0 -0.5 enc 9.536743164062501e-14
v 3.0 1.5 -0.5 enc 9.536743164062501e-14
v 2.5 2.0 -0.5 enc 9.536743164062501e-14
v 0.0 2.0 -0.5 enc 9.536743164062501e-14
v 0.0 0.0 0.5 enc 9.536743164062501e-14
v 3.0 0.0 0.5 enc 9.536743164062501e-14
v 3.0 1.5 0.5 enc 9.536743164062501e-14
v 2.5 2.0 0.5 enc 9.536743164062501e-14
v 0.0 2.0 0.5 enc 9.536743164062501e-14
e 0 5 line 0.0 0.0 -0.5 0.0 0.0 0.5 fins 13 27
e 1 6 line 3.0 0.0 -0.5 3.0 0.0 0.5 fins 11 17
e 2 7 line 3.0 1.5 -0.5 3.0 1.5 0.5 fins 15 21
e 3 8 line 2.5 2.0 -0.5 2.5 2.0 0.5 fins 19 25
e 4 9 line 0.0 2.0 -0.5 0.0 2.0 0.5 fins 23 29
e 0 1 line 0.0 0.0 -0.5 3.0 0.0 -0.5 fins 4 10
e 5 6 line 0.0 0.0 0.5 3.0 0.0 0.5 fins 5 12
e 1 2 line 3.0 0.0 -0.5 3.0 1.5 -0.5 fins 3 14
e 6 7 line 3.0 0.0 0.5 3.0 1.5 0.5 fins 6 16
e 2 3 bspline 2 0 2 0.0 1.0 3 3 3 3.0 1.5 -0.5 3.0 2.0 -0.5 2.5 2.0 -0.5 1.0 0.7071067811865476 1.0 fins 2 18
e 7 8 bspline 2 0 2 0.0 1.0 3 3 3 3.0 1.5 0.5 3.0 2.0 0.5 2.5 2.0 0.5 1.0 0.7071067811865476 1.0 fins 7 20
e 3 4 line 2.5 2.0 -0.5 0.0 2.0 -0.5 fins 1 22
e 8 9 line 2.5 2.0 0.5 0.0 2.0 0.5 fins 8 24
e 4 0 line 0.0 2.0 -0.5 0.0 0.0 -0.5 fins 0 26
e 9 5 line 0.0 2.0 0.5 0.0 0.0 0.5 fins 9 28
l 0
u 13 R line 0.0 -0.0 0.0 -2.0 enc 9.536743164062501e-14
u 11 R line 0.0 -2.0 2.5 -2.0 enc 9.536743164062501e-14
u 9 R bspline 2 0 2 0.0 1.0 3 3 3 2.5 -2.0 3.0 -2.0 3.0 -1.5 1.0 0.7071067811865476 1.0 enc 9.536743164062501e-14
u 7 R line 3.0 -1.5 3.0 -0.0 enc 9.536743164062501e-14
u 5 R line 3.0 -0.0 0.0 -0.0 enc 9.536743164062501e-14
l 0
u 6 F line 0.0 0.0 3.0 0.0 enc 9.536743164062501e-14
u 8 F line 3.0 0.0 3.0 1.5 enc 9.536743164062501e-14
u 10 F bspline 2 0 2 0.0 1.0 3 3 3 3.0 1.5 3.0 2.0 2.5 2.0 1.0 0.7071067811865476 1.0 enc 9.536743164062501e-14
u 12 F line 2.5 2.0 0.0 2.0 enc 9.536743164062501e-14
u 14 F line 0.0 2.0 0.0 0.0 enc 9.536743164062501e-14
l 0
u 5 F line 0.0 0.0 3.0 0.0 enc 9.536743164062501e-14
u 1 F line 3.0 0.0 3.0 1.0 enc 9.536743164062501e-14
u 6 R line 3.0 1.0 0.0 1.0 enc 9.536743164062501e-14
u 0 R line 0.0 1.0 0.0 0.0 enc 9.536743164062501e-14
l 0
u 7 F line 0.0 0.0 1.5 0.0 enc 9.536743164062501e-14
u 2 F line 1.5 0.0 1.5 1.0 enc 9.536743164062501e-14
u 8 R line 1.5 1.0 0.0 1.0 enc 9.536743164062501e-14
u 1 R line 0.0 1.0 0.0 0.0 enc 9.536743164062501e-14
l 0
u 9 F line 0.0 0.0 1.0 0.0 enc 9.536743164062501e-14
u 3 F line 1.0 0.0 1.0 1.0 enc 9.536743164062501e-14
u 10 R line 1.0 1.0 0.0 1.0 enc 9.536743164062501e-14
u 2 R line 0.0 1.0 0.0 0.0 enc 9.536743164062501e-14
l 0
u 11 F line 0.0 0.0 2.5 0.0 enc 9.536743164062501e-14
u 4 F line 2.5 0.0 2.5 1.0 enc 9.536743164062501e-14
u 12 R line 2.5 1.0 0.0 1.0 enc 9.536743164062501e-14
u 3 R line 0.0 1.0 0.0 0.0 enc 9.536743164062501e-14
l 0
u 13 F line 0.0 0.0 2.0 0.0 enc 9.536743164062501e-14
u 0 F line 2.0 0.0 2.0 1.0 enc 9.536743164062501e-14
u 14 R line 2.0 1.0 0.0 1.0 enc 9.536743164062501e-14
u 4 R line 0.0 1.0 0.0 0.0 enc 9.536743164062501e-14
f plane 0.0 0.0 -0.5 0.0 0.0 -1.0 1.0 0.0 0.0 F 0 1 loops 0 enc 9.536743164062501e-14
f plane 0.0 0.0 0.5 0.0 0.0 1.0 1.0 0.0 0.0 F 0 1 loops 1 enc 9.536743164062501e-14
f plane 0.0 0.0 -0.5 0.0 -1.0 0.0 1.0 0.0 0.0 F 0 1 loops 2 enc 9.536743164062501e-14
f plane 3.0 0.0 -0.5 1.0 -0.0 0.0 0.0 1.0 0.0 F 0 1 loops 3 enc 9.536743164062501e-14
f bspline 2 0 2 0.0 1.0 3 3 1 0 2 0.0 1.0 2 2 6 3.0 1.5 -0.5 3.0 1.5 0.5 3.0 2.0 -0.5 3.0 2.0 0.5 2.5 2.0 -0.5 2.5 2.0 0.5 1.0 1.0 0.7071067811865476 0.7071067811865476 1.0 1.0 F 0 1 loops 4 enc 9.536743164062501e-14
f plane 2.5 2.0 -0.5 0.0 1.0 0.0 -1.0 0.0 0.0 F 0 1 loops 5 enc 9.536743164062501e-14
f plane 0.0 2.0 -0.5 -1.0 -0.0 0.0 0.0 -1.0 0.0 F 0 1 loops 6 enc 9.536743164062501e-14
s 1 sides 0:F 1:F 2:F 3:F 4:F 5:F 6:F wire acorn
s 0 sides 0:B 1:B 2:B 3:B 4:B 5:B 6:B wire acorn
r void 1
r solid 0
mesh coarse 0.03 0.5
mesh fine 0.003 0.3
end
case spline_wave_holes
tolerance 1e-07
v 0.0 0.0 0.0 enc 9.536743164062501e-14
v 8.0 0.0 0.0 enc 9.536743164062501e-14
v 8.0 4.0 0.0 enc 9.536743164062501e-14
v 0.0 4.0 0.0 enc 9.536743164062501e-14
v 0.0 0.0 1.5 enc 9.536743164062501e-14
v 8.0 0.0 1.5 enc 9.536743164062501e-14
v 8.0 4.0 1.5 enc 9.536743164062501e-14
v 0.0 4.0 1.5 enc 9.536743164062501e-14
v 5.0 2.0 0.0 enc 9.536743164062501e-14
v 6.0 2.0 0.0 enc 9.536743164062501e-14
v 5.0 2.0 1.5 enc 9.536743164062501e-14
v 6.0 2.0 1.5 enc 9.536743164062501e-14
e 0 4 line 0.0 0.0 0.0 0.0 0.0 1.5 fins 17 27
e 1 5 line 8.0 0.0 0.0 8.0 0.0 1.5 fins 15 21
e 2 6 line 8.0 4.0 0.0 8.0 4.0 1.5 fins 19 25
e 3 7 line 0.0 4.0 0.0 0.0 4.0 1.5 fins 23 29
e 0 1 line 0.0 0.0 0.0 8.0 0.0 0.0 fins 3 14
e 4 5 line 0.0 0.0 1.5 8.0 0.0 1.5 fins 7 16
e 1 2 line 8.0 0.0 0.0 8.0 4.0 0.0 fins 2 18
e 5 6 line 8.0 0.0 1.5 8.0 4.0 1.5 fins 8 20
e 2 3 bspline 3 0 5 0.0 0.25 0.5 0.75 1.0 4 1 1 1 4 7 8.0 4.0 0.0 7.0 5.0 0.0 5.5 3.25 0.0 4.0 4.75 0.0 2.5 3.25 0.0 1.0 5.0 0.0 0.0 4.0 0.0 1.0 1.0 1.0 1.0 1.0 1.0 1.0 fins 1 22
e 6 7 bspline 3 0 5 0.0 0.25 0.5 0.75 1.0 4 1 1 1 4 7 8.0 4.0 1.5 7.0 5.0 1.5 5.5 3.25 1.5 4.0 4.75 1.5 2.5 3.25 1.5 1.0 5.0 1.5 0.0 4.0 1.5 1.0 1.0 1.0 1.0 1.0 1.0 1.0 fins 9 24
e 3 0 line 0.0 4.0 0.0 0.0 0.0 0.0 fins 0 26
e 7 4 line 0.0 4.0 1.5 0.0 0.0 1.5 fins 10 28
e - - arc 2.0 2.0 0.0 0.0 0.0 1.0 1.0 0.0 0.0 0.625 0.0 -6.283185307179586 fins 4 31
e - - arc 2.0 2.0 1.5 0.0 0.0 1.0 1.0 0.0 0.0 0.625 0.0 -6.283185307179586 fins 11 30
e 8 10 line 5.0 2.0 0.0 5.0 2.0 1.5 fins 35 37
e 9 11 line 6.0 2.0 0.0 6.0 2.0 1.5 fins 33 39
e 8 9 bspline 2 0 2 0.0 1.0 3 3 3 5.0 2.0 0.0 5.5 2.75 0.0 6.0 2.0 0.0 1.0 1.0 1.0 fins 6 32
e 10 11 bspline 2 0 2 0.0 1.0 3 3 3 5.0 2.0 1.5 5.5 2.75 1.5 6.0 2.0 1.5 1.0 1.0 1.0 fins 12 34
e 9 8 bspline 2 0 2 0.0 1.0 3 3 3 6.0 2.0 0.0 5.5 1.25 0.0 5.0 2.0 0.0 1.0 1.0 1.0 fins 5 36
e 11 10 bspline 2 0 2 0.0 1.0 3 3 3 6.0 2.0 1.5 5.5 1.25 1.5 5.0 2.0 1.5 1.0 1.0 1.0 fins 13 38
l 0
u 10 R line 0.0 -0.0 0.0 -4.0 enc 9.536743164062501e-14
u 8 R bspline 3 0 5 0.0 0.25 0.5 0.75 1.0 4 1 1 1 4 7 0.0 -4.0 1.0 -5.0 2.5 -3.25 4.0 -4.75 5.5 -3.25 7.0 -5.0 8.0 -4.0 1.0 1.0 1.0 1.0 1.0 1.0 1.0 enc 9.536743164062501e-14
u 6 R line 8.0 -4.0 8.0 -0.0 enc 9.536743164062501e-14
u 4 R line 8.0 -0.0 0.0 -0.0 enc 9.536743164062501e-14
l 0
u 12 R arc 2.0 -2.0 0.625 6.283185307179586 -6.283185307179586 enc 9.536743164062501e-14
l 0
u 18 R bspline 2 0 2 0.0 1.0 3 3 3 5.0 -2.0 5.5 -1.25 6.0 -2.0 1.0 1.0 1.0 enc 9.536743164062501e-14
u 16 R bspline 2 0 2 0.0 1.0 3 3 3 6.0 -2.0 5.5 -2.75 5.0 -2.0 1.0 1.0 1.0 enc 9.536743164062501e-14
l 0
u 5 F line 0.0 0.0 8.0 0.0 enc 9.536743164062501e-14
u 7 F line 8.0 0.0 8.0 4.0 enc 9.536743164062501e-14
u 9 F bspline 3 0 5 0.0 0.25 0.5 0.75 1.0 4 1 1 1 4 7 8.0 4.0 7.0 5.0 5.5 3.25 4.0 4.75 2.5 3.25 1.0 5.0 0.0 4.0 1.0 1.0 1.0 1.0 1.0 1.0 1.0 enc 9.536743164062501e-14
u 11 F line 0.0 4.0 0.0 0.0 enc 9.536743164062501e-14
l 0
u 13 F arc 2.0 2.0 0.625 0.0 -6.283185307179586 enc 9.536743164062501e-14
l 0
u 17 F bspline 2 0 2 0.0 1.0 3 3 3 5.0 2.0 5.5 2.75 6.0 2.0 1.0 1.0 1.0 enc 9.536743164062501e-14
u 19 F bspline 2 0 2 0.0 1.0 3 3 3 6.0 2.0 5.5 1.25 5.0 2.0 1.0 1.0 1.0 enc 9.536743164062501e-14
l 0
u 4 F line 0.0 0.0 8.0 0.0 enc 9.536743164062501e-14
u 1 F line 8.0 0.0 8.0 1.5 enc 9.536743164062501e-14
u 5 R line 8.0 1.5 0.0 1.5 enc 9.536743164062501e-14
u 0 R line 0.0 1.5 0.0 0.0 enc 9.536743164062501e-14
l 0
u 6 F line 0.0 0.0 4.0 0.0 enc 9.536743164062501e-14
u 2 F line 4.0 0.0 4.0 1.5 enc 9.536743164062501e-14
u 7 R line 4.0 1.5 0.0 1.5 enc 9.536743164062501e-14
u 1 R line 0.0 1.5 0.0 0.0 enc 9.536743164062501e-14
l 0
u 8 F line 0.0 0.0 1.0 0.0 enc 9.536743164062501e-14
u 3 F line 1.0 0.0 1.0 1.5 enc 9.536743164062501e-14
u 9 R line 1.0 1.5 0.0 1.5 enc 9.536743164062501e-14
u 2 R line 0.0 1.5 0.0 0.0 enc 9.536743164062501e-14
l 0
u 10 F line 0.0 0.0 4.0 0.0 enc 9.536743164062501e-14
u 0 F line 4.0 0.0 4.0 1.5 enc 9.536743164062501e-14
u 11 R line 4.0 1.5 0.0 1.5 enc 9.536743164062501e-14
u 3 R line 0.0 1.5 0.0 0.0 enc 9.536743164062501e-14
l 1
u 13 R line -6.283185307179586 1.5 0.0 1.5 enc 9.536743164062501e-14
l -1
u 12 F line 0.0 0.0 -6.283185307179586 0.0 enc 9.536743164062501e-14
l 0
u 16 F line 0.0 0.0 1.0 0.0 enc 9.536743164062501e-14
u 15 F line 1.0 0.0 1.0 1.5 enc 9.536743164062501e-14
u 17 R line 1.0 1.5 0.0 1.5 enc 9.536743164062501e-14
u 14 R line 0.0 1.5 0.0 0.0 enc 9.536743164062501e-14
l 0
u 18 F line 0.0 0.0 1.0 0.0 enc 9.536743164062501e-14
u 14 F line 1.0 0.0 1.0 1.5 enc 9.536743164062501e-14
u 19 R line 1.0 1.5 0.0 1.5 enc 9.536743164062501e-14
u 15 R line 0.0 1.5 0.0 0.0 enc 9.536743164062501e-14
f plane 0.0 0.0 0.0 0.0 0.0 -1.0 1.0 0.0 0.0 F 0 1 loops 0 1 2 enc 9.567359334041185e-14
f plane 0.0 0.0 1.5 0.0 0.0 1.0 1.0 0.0 0.0 F 0 1 loops 3 4 5 enc 9.567359334041185e-14
f plane 0.0 0.0 0.0 0.0 -1.0 0.0 1.0 0.0 0.0 F 0 1 loops 6 enc 9.536743164062501e-14
f plane 8.0 0.0 0.0 1.0 -0.0 0.0 0.0 1.0 0.0 F 0 1 loops 7 enc 9.536743164062501e-14
f bspline 3 0 5 0.0 0.25 0.5 0.75 1.0 4 1 1 1 4 1 0 2 0.0 1.5 2 2 14 8.0 4.0 0.0 8.0 4.0 1.5 7.0 5.0 0.0 7.0 5.0 1.5 5.5 3.25 0.0 5.5 3.25 1.5 4.0 4.75 0.0 4.0 4.75 1.5 2.5 3.25 0.0 2.5 3.25 1.5 1.0 5.0 0.0 1.0 5.0 1.5 0.0 4.0 0.0 0.0 4.0 1.5 1.0 1.0 1.0 1.0 1.0 1.0 1.0 1.0 1.0 1.0 1.0 1.0 1.0 1.0 F 0 1 loops 8 enc 9.536743164062501e-14
f plane 0.0 4.0 0.0 -1.0 -0.0 0.0 0.0 -1.0 0.0 F 0 1 loops 9 enc 9.536743164062501e-14
f cylinder 2.0 2.0 0.0 0.0 0.0 1.0 1.0 0.0 0.0 0.625 R 0 1 loops 10 11 enc 9.536743164062501e-14
f bspline 2 0 2 0.0 1.0 3 3 1 0 2 0.0 1.5 2 2 6 5.0 2.0 0.0 5.0 2.0 1.5 5.5 2.75 0.0 5.5 2.75 1.5 6.0 2.0 0.0 6.0 2.0 1.5 1.0 1.0 1.0 1.0 1.0 1.0 F 0 1 loops 12 enc 9.536743164062501e-14
f bspline 2 0 2 0.0 1.0 3 3 1 0 2 0.0 1.5 2 2 6 6.0 2.0 0.0 6.0 2.0 1.5 5.5 1.25 0.0 5.5 1.25 1.5 5.0 2.0 0.0 5.0 2.0 1.5 1.0 1.0 1.0 1.0 1.0 1.0 F 0 1 loops 13 enc 9.536743164062501e-14
s 1 sides 0:F 1:F 2:F 3:F 4:F 5:F 6:F 7:F 8:F wire acorn
s 0 sides 0:B 1:B 2:B 3:B 4:B 5:B 6:B 7:B 8:B wire acorn
r void 1
r solid 0
mesh coarse 0.08 0.5
mesh fine 0.008 0.3
end
case spline_sharp_rational
tolerance 1e-07
v 0.0 0.0 0.0 enc 9.536743164062501e-14
v 4.0 0.0 0.0 enc 9.536743164062501e-14
v 0.0 4.0 0.0 enc 9.536743164062501e-14
v 0.0 0.0 2.0 enc 9.536743164062501e-14
v 4.0 0.0 2.0 enc 9.536743164062501e-14
v 0.0 4.0 2.0 enc 9.536743164062501e-14
e 0 3 line 0.0 0.0 0.0 0.0 0.0 2.0 fins 9 15
e 1 4 line 4.0 0.0 0.0 4.0 0.0 2.0 fins 7 13
e 2 5 line 0.0 4.0 0.0 0.0 4.0 2.0 fins 11 17
e 0 1 line 0.0 0.0 0.0 4.0 0.0 0.0 fins 2 6
e 3 4 line 0.0 0.0 2.0 4.0 0.0 2.0 fins 3 8
e 1 2 bspline 2 0 2 0.0 1.0 3 3 3 4.0 0.0 0.0 4.0 4.0 0.0 0.0 4.0 0.0 1.0 4.0 1.0 fins 1 10
e 4 5 bspline 2 0 2 0.0 1.0 3 3 3 4.0 0.0 2.0 4.0 4.0 2.0 0.0 4.0 2.0 1.0 4.0 1.0 fins 4 12
e 2 0 line 0.0 4.0 0.0 0.0 0.0 0.0 fins 0 14
e 5 3 line 0.0 4.0 2.0 0.0 0.0 2.0 fins 5 16
l 0
u 7 R line 0.0 -0.0 0.0 -4.0 enc 9.536743164062501e-14
u 5 R bspline 2 0 2 0.0 1.0 3 3 3 0.0 -4.0 4.0 -4.0 4.0 -0.0 1.0 4.0 1.0 enc 9.536743164062501e-14
u 3 R line 4.0 -0.0 0.0 -0.0 enc 9.536743164062501e-14
l 0
u 4 F line 0.0 0.0 4.0 0.0 enc 9.536743164062501e-14
u 6 F bspline 2 0 2 0.0 1.0 3 3 3 4.0 0.0 4.0 4.0 0.0 4.0 1.0 4.0 1.0 enc 9.536743164062501e-14
u 8 F line 0.0 4.0 0.0 0.0 enc 9.536743164062501e-14
l 0
u 3 F line 0.0 0.0 4.0 0.0 enc 9.536743164062501e-14
u 1 F line 4.0 0.0 4.0 2.0 enc 9.536743164062501e-14
u 4 R line 4.0 2.0 0.0 2.0 enc 9.536743164062501e-14
u 0 R line 0.0 2.0 0.0 0.0 enc 9.536743164062501e-14
l 0
u 5 F line 0.0 0.0 1.0 0.0 enc 9.536743164062501e-14
u 2 F line 1.0 0.0 1.0 2.0 enc 9.536743164062501e-14
u 6 R line 1.0 2.0 0.0 2.0 enc 9.536743164062501e-14
u 1 R line 0.0 2.0 0.0 0.0 enc 9.536743164062501e-14
l 0
u 7 F line 0.0 0.0 4.0 0.0 enc 9.536743164062501e-14
u 0 F line 4.0 0.0 4.0 2.0 enc 9.536743164062501e-14
u 8 R line 4.0 2.0 0.0 2.0 enc 9.536743164062501e-14
u 2 R line 0.0 2.0 0.0 0.0 enc 9.536743164062501e-14
f plane 0.0 0.0 0.0 0.0 0.0 -1.0 1.0 0.0 0.0 F 0 1 loops 0 enc 9.536743164062501e-14
f plane 0.0 0.0 2.0 0.0 0.0 1.0 1.0 0.0 0.0 F 0 1 loops 1 enc 9.536743164062501e-14
f plane 0.0 0.0 0.0 0.0 -1.0 0.0 1.0 0.0 0.0 F 0 1 loops 2 enc 9.536743164062501e-14
f bspline 2 0 2 0.0 1.0 3 3 1 0 2 0.0 2.0 2 2 6 4.0 0.0 0.0 4.0 0.0 2.0 4.0 4.0 0.0 4.0 4.0 2.0 0.0 4.0 0.0 0.0 4.0 2.0 1.0 1.0 4.0 4.0 1.0 1.0 F 0 1 loops 3 enc 9.536743164062501e-14
f plane 0.0 4.0 0.0 -1.0 -0.0 0.0 0.0 -1.0 0.0 F 0 1 loops 4 enc 9.536743164062501e-14
s 1 sides 0:F 1:F 2:F 3:F 4:F wire acorn
s 0 sides 0:B 1:B 2:B 3:B 4:B wire acorn
r void 1
r solid 0
mesh coarse 0.04 0.5
mesh fine 0.004 0.3
end
case spline_bulge_far
tolerance 1e-07
v 1000.0 -2000.0 500.0 enc 9.536743164062501e-14
v 1003.0 -2000.0 500.0 enc 9.536743164062501e-14
v 1003.0 -1998.0 500.0 enc 9.536743164062501e-14
v 1000.0 -1998.0 500.0 enc 9.536743164062501e-14
v 1000.0 -2000.0 501.0 enc 9.536743164062501e-14
v 1003.0 -2000.0 501.0 enc 9.536743164062501e-14
v 1003.0 -1998.0 501.0 enc 9.536743164062501e-14
v 1000.0 -1998.0 501.0 enc 9.536743164062501e-14
e 0 4 line 1000.0 -2000.0 500.0 1000.0 -2000.0 501.0 fins 11 21
e 1 5 line 1003.0 -2000.0 500.0 1003.0 -2000.0 501.0 fins 9 15
e 2 6 line 1003.0 -1998.0 500.0 1003.0 -1998.0 501.0 fins 13 19
e 3 7 line 1000.0 -1998.0 500.0 1000.0 -1998.0 501.0 fins 17 23
e 0 1 line 1000.0 -2000.0 500.0 1003.0 -2000.0 500.0 fins 3 8
e 4 5 line 1000.0 -2000.0 501.0 1003.0 -2000.0 501.0 fins 4 10
e 1 2 bspline 3 0 3 0.0 0.5 1.0 4 1 4 5 1003.0 -2000.0 500.0 1003.5 -1999.75 500.0 1004.0 -1999.0 500.0 1003.5 -1998.25 500.0 1003.0 -1998.0 500.0 1.0 1.0 1.0 1.0 1.0 fins 2 12
e 5 6 bspline 3 0 3 0.0 0.5 1.0 4 1 4 5 1003.0 -2000.0 501.0 1003.5 -1999.75 501.0 1004.0 -1999.0 501.0 1003.5 -1998.25 501.0 1003.0 -1998.0 501.0 1.0 1.0 1.0 1.0 1.0 fins 5 14
e 2 3 line 1003.0 -1998.0 500.0 1000.0 -1998.0 500.0 fins 1 16
e 6 7 line 1003.0 -1998.0 501.0 1000.0 -1998.0 501.0 fins 6 18
e 3 0 line 1000.0 -1998.0 500.0 1000.0 -2000.0 500.0 fins 0 20
e 7 4 line 1000.0 -1998.0 501.0 1000.0 -2000.0 501.0 fins 7 22
l 0
u 10 R line 0.0 -0.0 0.0 -2.0 enc 9.536743164062501e-14
u 8 R line 0.0 -2.0 3.0 -2.0 enc 9.536743164062501e-14
u 6 R bspline 3 0 3 0.0 0.5 1.0 4 1 4 5 3.0 -2.0 3.5 -1.75 4.0 -1.0 3.5 -0.25 3.0 -0.0 1.0 1.0 1.0 1.0 1.0 enc 9.536743164062501e-14
u 4 R line 3.0 -0.0 0.0 -0.0 enc 9.536743164062501e-14
l 0
u 5 F line 0.0 0.0 3.0 0.0 enc 9.536743164062501e-14
u 7 F bspline 3 0 3 0.0 0.5 1.0 4 1 4 5 3.0 0.0 3.5 0.25 4.0 1.0 3.5 1.75 3.0 2.0 1.0 1.0 1.0 1.0 1.0 enc 9.536743164062501e-14
u 9 F line 3.0 2.0 0.0 2.0 enc 9.536743164062501e-14
u 11 F line 0.0 2.0 0.0 0.0 enc 9.536743164062501e-14
l 0
u 4 F line 0.0 0.0 3.0 0.0 enc 9.536743164062501e-14
u 1 F line 3.0 0.0 3.0 1.0 enc 9.536743164062501e-14
u 5 R line 3.0 1.0 0.0 1.0 enc 9.536743164062501e-14
u 0 R line 0.0 1.0 0.0 0.0 enc 9.536743164062501e-14
l 0
u 6 F line 0.0 0.0 1.0 0.0 enc 9.536743164062501e-14
u 2 F line 1.0 0.0 1.0 1.0 enc 9.536743164062501e-14
u 7 R line 1.0 1.0 0.0 1.0 enc 9.536743164062501e-14
u 1 R line 0.0 1.0 0.0 0.0 enc 9.536743164062501e-14
l 0
u 8 F line 0.0 0.0 3.0 0.0 enc 9.536743164062501e-14
u 3 F line 3.0 0.0 3.0 1.0 enc 9.536743164062501e-14
u 9 R line 3.0 1.0 0.0 1.0 enc 9.536743164062501e-14
u 2 R line 0.0 1.0 0.0 0.0 enc 9.536743164062501e-14
l 0
u 10 F line 0.0 0.0 2.0 0.0 enc 9.536743164062501e-14
u 0 F line 2.0 0.0 2.0 1.0 enc 9.536743164062501e-14
u 11 R line 2.0 1.0 0.0 1.0 enc 9.536743164062501e-14
u 3 R line 0.0 1.0 0.0 0.0 enc 9.536743164062501e-14
f plane 1000.0 -2000.0 500.0 0.0 0.0 -1.0 1.0 0.0 0.0 F 0 1 loops 0 enc 9.536743164062501e-14
f plane 1000.0 -2000.0 501.0 0.0 0.0 1.0 1.0 0.0 0.0 F 0 1 loops 1 enc 9.536743164062501e-14
f plane 1000.0 -2000.0 500.0 0.0 -1.0 0.0 1.0 0.0 0.0 F 0 1 loops 2 enc 9.536743164062501e-14
f bspline 3 0 3 0.0 0.5 1.0 4 1 4 1 0 2 0.0 1.0 2 2 10 1003.0 -2000.0 500.0 1003.0 -2000.0 501.0 1003.5 -1999.75 500.0 1003.5 -1999.75 501.0 1004.0 -1999.0 500.0 1004.0 -1999.0 501.0 1003.5 -1998.25 500.0 1003.5 -1998.25 501.0 1003.0 -1998.0 500.0 1003.0 -1998.0 501.0 1.0 1.0 1.0 1.0 1.0 1.0 1.0 1.0 1.0 1.0 F 0 1 loops 3 enc 9.536743164062501e-14
f plane 1003.0 -1998.0 500.0 0.0 1.0 0.0 -1.0 0.0 0.0 F 0 1 loops 4 enc 9.536743164062501e-14
f plane 1000.0 -1998.0 500.0 -1.0 0.0 0.0 0.0 -1.0 0.0 F 0 1 loops 5 enc 9.536743164062501e-14
s 1 sides 0:F 1:F 2:F 3:F 4:F 5:F wire acorn
s 0 sides 0:B 1:B 2:B 3:B 4:B 5:B wire acorn
r void 1
r solid 0
mesh coarse 0.0375 0.5
mesh fine 0.00375 0.3
end
case spline_stadium_edge
tolerance 1e-07
v 0.0 -1.0 0.0 enc 9.573482568036921e-14
v 3.0 -1.0 0.0 enc 9.548989632053974e-14
v 3.0 1.0 0.0 enc 9.548989632053974e-14
v 0.0 1.0 0.0 enc 9.548989632053974e-14
v 0.0 -1.0 1.0 enc 9.573482568036921e-14
v 3.0 -1.0 1.0 enc 9.548989632053974e-14
v 3.0 1.0 1.0 enc 9.548989632053974e-14
v 0.0 1.0 1.0 enc 9.548989632053974e-14
e 0 4 line 0.0 -1.0 0.0 0.0 -1.0 1.0 fins 11 21
e 1 5 line 3.0 -1.0 0.0 3.0 -1.0 1.0 fins 9 15
e 2 6 bspline 1 0 2 0.0 1.0 2 2 2 3.0 1.0 0.0 3.0 1.0 1.0 1.0 1.0 fins 13 19
e 3 7 line 0.0 1.0 0.0 0.0 1.0 1.0 fins 17 23
e 0 1 line 0.0 -1.0 0.0 3.0 -1.0 0.0 fins 3 8
e 4 5 line 0.0 -1.0 1.0 3.0 -1.0 1.0 fins 4 10
e 1 2 arc 3.0 0.0 0.0 0.0 0.0 1.0 1.0 0.0 0.0 1.0 -1.5707963267948966 3.141592653589793 fins 2 12
e 5 6 arc 3.0 0.0 1.0 0.0 0.0 1.0 1.0 0.0 0.0 1.0 -1.5707963267948966 3.141592653589793 fins 5 14
e 2 3 line 3.0 1.0 0.0 0.0 1.0 0.0 fins 1 16
e 6 7 line 3.0 1.0 1.0 0.0 1.0 1.0 fins 6 18
e 3 0 arc 0.0 0.0 0.0 0.0 0.0 1.0 1.0 0.0 0.0 1.0 1.5707963267948966 3.141592653589793 fins 0 20
e 7 4 arc 0.0 0.0 1.0 0.0 0.0 1.0 1.0 0.0 0.0 1.0 1.5707963267948966 3.141592653589793 fins 7 22
l 0
u 10 R arc 0.0 -0.0 1.0 -4.71238898038469 3.141592653589793 enc 9.536743164062501e-14
u 8 R line 0.0 -1.0 3.0 -1.0 enc 9.536743164062501e-14
u 6 R arc 3.0 -0.0 1.0 -1.5707963267948966 3.141592653589793 enc 9.536743164062501e-14
u 4 R line 3.0 1.0 0.0 1.0 enc 9.536743164062501e-14
l 0
u 5 F line 0.0 -1.0 3.0 -1.0 enc 9.536743164062501e-14
u 7 F arc 3.0 0.0 1.0 -1.5707963267948966 3.141592653589793 enc 9.536743164062501e-14
u 9 F line 3.0 1.0 0.0 1.0 enc 9.536743164062501e-14
u 11 F arc 0.0 0.0 1.0 1.5707963267948966 3.141592653589793 enc 9.536743164062501e-14
l 0
u 4 F line 0.0 0.0 3.0 0.0 enc 9.536743164062501e-14
u 1 F line 3.0 0.0 3.0 1.0 enc 9.536743164062501e-14
u 5 R line 3.0 1.0 0.0 1.0 enc 9.536743164062501e-14
u 0 R line 0.0 1.0 0.0 0.0 enc 9.536743164062501e-14
l 0
u 6 F line -1.5707963267948966 0.0 1.5707963267948966 0.0 enc 9.536743164062501e-14
u 2 F line 1.5707963267948966 0.0 1.5707963267948966 1.0 enc 9.548989632053974e-14
u 7 R line 1.5707963267948966 1.0 -1.5707963267948966 1.0 enc 9.536743164062501e-14
u 1 R line -1.5707963267948966 1.0 -1.5707963267948966 0.0 enc 9.548989632053974e-14
l 0
u 8 F line 0.0 0.0 3.0 0.0 enc 9.536743164062501e-14
u 3 F line 3.0 0.0 3.0 1.0 enc 9.536743164062501e-14
u 9 R line 3.0 1.0 0.0 1.0 enc 9.536743164062501e-14
u 2 R line 0.0 1.0 0.0 0.0 enc 9.536743164062501e-14
l 0
u 10 F line 1.5707963267948966 0.0 4.71238898038469 0.0 enc 9.536743164062501e-14
u 0 F line 4.71238898038469 0.0 4.71238898038469 1.0 enc 9.573482568036921e-14
u 11 R line 4.71238898038469 1.0 1.5707963267948966 1.0 enc 9.536743164062501e-14
u 3 R line 1.5707963267948966 1.0 1.5707963267948966 0.0 enc 9.548989632053974e-14
f plane 0.0 0.0 0.0 0.0 0.0 -1.0 1.0 0.0 0.0 F 0 1 loops 0 enc 9.573482568036921e-14
f plane 0.0 0.0 1.0 0.0 0.0 1.0 1.0 0.0 0.0 F 0 1 loops 1 enc 9.573482568036921e-14
f plane 0.0 -1.0 0.0 0.0 -1.0 0.0 1.0 0.0 0.0 F 0 1 loops 2 enc 9.536743164062501e-14
f cylinder 3.0 0.0 0.0 0.0 0.0 1.0 1.0 0.0 0.0 1.0 F 0 1 loops 3 enc 9.536743164062501e-14
f plane 3.0 1.0 0.0 0.0 1.0 0.0 -1.0 0.0 0.0 F 0 1 loops 4 enc 9.536743164062501e-14
f cylinder 0.0 0.0 0.0 0.0 0.0 1.0 1.0 0.0 0.0 1.0 F 0 1 loops 5 enc 9.536743164062501e-14
s 1 sides 0:F 1:F 2:F 3:F 4:F 5:F wire acorn
s 0 sides 0:B 1:B 2:B 3:B 4:B 5:B wire acorn
r void 1
r solid 0
mesh coarse 0.05 0.5
mesh fine 0.005 0.3
end
case spline_stadium_pcurve
tolerance 1e-07
v 0.0 -1.0 0.0 enc 9.573482568036921e-14
v 3.0 -1.0 0.0 enc 9.548989632053974e-14
v 3.0 1.0 0.0 enc 9.548989632053974e-14
v 0.0 1.0 0.0 enc 9.548989632053974e-14
v 0.0 -1.0 1.0 enc 9.573482568036921e-14
v 3.0 -1.0 1.0 enc 9.548989632053974e-14
v 3.0 1.0 1.0 enc 9.548989632053974e-14
v 0.0 1.0 1.0 enc 9.548989632053974e-14
e 0 4 line 0.0 -1.0 0.0 0.0 -1.0 1.0 fins 11 21
e 1 5 line 3.0 -1.0 0.0 3.0 -1.0 1.0 fins 9 15
e 2 6 line 3.0 1.0 0.0 3.0 1.0 1.0 fins 13 19
e 3 7 line 0.0 1.0 0.0 0.0 1.0 1.0 fins 17 23
e 0 1 line 0.0 -1.0 0.0 3.0 -1.0 0.0 fins 3 8
e 4 5 line 0.0 -1.0 1.0 3.0 -1.0 1.0 fins 4 10
e 1 2 arc 3.0 0.0 0.0 0.0 0.0 1.0 1.0 0.0 0.0 1.0 -1.5707963267948966 3.141592653589793 fins 2 12
e 5 6 arc 3.0 0.0 1.0 0.0 0.0 1.0 1.0 0.0 0.0 1.0 -1.5707963267948966 3.141592653589793 fins 5 14
e 2 3 line 3.0 1.0 0.0 0.0 1.0 0.0 fins 1 16
e 6 7 line 3.0 1.0 1.0 0.0 1.0 1.0 fins 6 18
e 3 0 arc 0.0 0.0 0.0 0.0 0.0 1.0 1.0 0.0 0.0 1.0 1.5707963267948966 3.141592653589793 fins 0 20
e 7 4 arc 0.0 0.0 1.0 0.0 0.0 1.0 1.0 0.0 0.0 1.0 1.5707963267948966 3.141592653589793 fins 7 22
l 0
u 10 R arc 0.0 -0.0 1.0 -4.71238898038469 3.141592653589793 enc 9.536743164062501e-14
u 8 R line 0.0 -1.0 3.0 -1.0 enc 9.536743164062501e-14
u 6 R arc 3.0 -0.0 1.0 -1.5707963267948966 3.141592653589793 enc 9.536743164062501e-14
u 4 R line 3.0 1.0 0.0 1.0 enc 9.536743164062501e-14
l 0
u 5 F line 0.0 -1.0 3.0 -1.0 enc 9.536743164062501e-14
u 7 F arc 3.0 0.0 1.0 -1.5707963267948966 3.141592653589793 enc 9.536743164062501e-14
u 9 F line 3.0 1.0 0.0 1.0 enc 9.536743164062501e-14
u 11 F arc 0.0 0.0 1.0 1.5707963267948966 3.141592653589793 enc 9.536743164062501e-14
l 0
u 4 F line 0.0 0.0 3.0 0.0 enc 9.536743164062501e-14
u 1 F line 3.0 0.0 3.0 1.0 enc 9.536743164062501e-14
u 5 R line 3.0 1.0 0.0 1.0 enc 9.536743164062501e-14
u 0 R line 0.0 1.0 0.0 0.0 enc 9.536743164062501e-14
l 0
u 6 F line -1.5707963267948966 0.0 1.5707963267948966 0.0 enc 9.536743164062501e-14
u 2 F bspline 1 0 2 0.0 1.0 2 2 2 1.5707963267948966 0.0 1.5707963267948966 1.0 1.0 1.0 enc 9.548989632053974e-14
u 7 R line 1.5707963267948966 1.0 -1.5707963267948966 1.0 enc 9.536743164062501e-14
u 1 R line -1.5707963267948966 1.0 -1.5707963267948966 0.0 enc 9.548989632053974e-14
l 0
u 8 F line 0.0 0.0 3.0 0.0 enc 9.536743164062501e-14
u 3 F line 3.0 0.0 3.0 1.0 enc 9.536743164062501e-14
u 9 R line 3.0 1.0 0.0 1.0 enc 9.536743164062501e-14
u 2 R line 0.0 1.0 0.0 0.0 enc 9.536743164062501e-14
l 0
u 10 F line 1.5707963267948966 0.0 4.71238898038469 0.0 enc 9.536743164062501e-14
u 0 F line 4.71238898038469 0.0 4.71238898038469 1.0 enc 9.573482568036921e-14
u 11 R line 4.71238898038469 1.0 1.5707963267948966 1.0 enc 9.536743164062501e-14
u 3 R line 1.5707963267948966 1.0 1.5707963267948966 0.0 enc 9.548989632053974e-14
f plane 0.0 0.0 0.0 0.0 0.0 -1.0 1.0 0.0 0.0 F 0 1 loops 0 enc 9.573482568036921e-14
f plane 0.0 0.0 1.0 0.0 0.0 1.0 1.0 0.0 0.0 F 0 1 loops 1 enc 9.573482568036921e-14
f plane 0.0 -1.0 0.0 0.0 -1.0 0.0 1.0 0.0 0.0 F 0 1 loops 2 enc 9.536743164062501e-14
f cylinder 3.0 0.0 0.0 0.0 0.0 1.0 1.0 0.0 0.0 1.0 F 0 1 loops 3 enc 9.536743164062501e-14
f plane 3.0 1.0 0.0 0.0 1.0 0.0 -1.0 0.0 0.0 F 0 1 loops 4 enc 9.536743164062501e-14
f cylinder 0.0 0.0 0.0 0.0 0.0 1.0 1.0 0.0 0.0 1.0 F 0 1 loops 5 enc 9.536743164062501e-14
s 1 sides 0:F 1:F 2:F 3:F 4:F 5:F wire acorn
s 0 sides 0:B 1:B 2:B 3:B 4:B 5:B wire acorn
r void 1
r solid 0
mesh coarse 0.05 0.5
mesh fine 0.005 0.3
end
case face_spline_ring
tolerance 1e-07
v 1.6666666666666667 2.125 0.0 enc 9.55154613772417e-14
e 0 0 bspline 3 1 7 0.0 1.0 2.0 3.0 4.0 5.0 6.0 1 1 1 1 1 1 1 6 3.0 0.0 0.0 2.0 2.5 0.0 -1.0 2.75 0.0 -3.0 0.5 0.0 -2.0 -2.5 0.0 1.0 -2.75 0.0 1.0 1.0 1.0 1.0 1.0 1.0 fins 0
l 0
u 0 F bspline 3 1 7 0.0 1.0 2.0 3.0 4.0 5.0 6.0 1 1 1 1 1 1 1 6 3.0 0.0 2.0 2.5 -1.0 2.75 -3.0 0.5 -2.0 -2.5 1.0 -2.75 1.0 1.0 1.0 1.0 1.0 1.0 enc 9.536743164062501e-14
f plane 0.0 0.0 0.0 0.0 0.0 1.0 1.0 0.0 0.0 F 0 0 loops 0 enc 9.536743164062501e-14
s 0 sides 0:F 0:B wire acorn
r void 0
mesh coarse 0.05333333333333333 0.5
mesh fine 0.005333333333333333 0.3
end
case spline_dome
tolerance 1e-07
v 0.0 0.0 0.0 enc 9.536743164062501e-14
v 3.0 0.0 0.0 enc 9.536743164062501e-14
v 3.0 2.0 0.0 enc 9.536743164062501e-14
v 0.0 2.0 0.0 enc 9.536743164062501e-14
v 0.0 0.0 1.0 enc 9.536743164062501e-14
v 3.0 0.0 1.0 enc 9.536743164062501e-14
v 3.0 2.0 1.0 enc 9.536743164062501e-14
v 0.0 2.0 1.0 enc 9.536743164062501e-14
e 0 4 line 0.0 0.0 0.0 0.0 0.0 1.0 fins 11 21
e 1 5 line 3.0 0.0 0.0 3.0 0.0 1.0 fins 9 15
e 2 6 line 3.0 2.0 0.0 3.0 2.0 1.0 fins 13 19
e 3 7 line 0.0 2.0 0.0 0.0 2.0 1.0 fins 17 23
e 0 1 line 0.0 0.0 0.0 3.0 0.0 0.0 fins 3 8
e 4 5 line 0.0 0.0 1.0 3.0 0.0 1.0 fins 4 10
e 1 2 line 3.0 0.0 0.0 3.0 2.0 0.0 fins 2 12
e 5 6 line 3.0 0.0 1.0 3.0 2.0 1.0 fins 5 14
e 2 3 line 3.0 2.0 0.0 0.0 2.0 0.0 fins 1 16
e 6 7 line 3.0 2.0 1.0 0.0 2.0 1.0 fins 6 18
e 3 0 line 0.0 2.0 0.0 0.0 0.0 0.0 fins 0 20
e 7 4 line 0.0 2.0 1.0 0.0 0.0 1.0 fins 7 22
l 0
u 10 R line 0.0 -0.0 0.0 -2.0 enc 9.536743164062501e-14
u 8 R line 0.0 -2.0 3.0 -2.0 enc 9.536743164062501e-14
u 6 R line 3.0 -2.0 3.0 -0.0 enc 9.536743164062501e-14
u 4 R line 3.0 -0.0 0.0 -0.0 enc 9.536743164062501e-14
l 0
u 5 F line 0.0 0.0 3.0 0.0 enc 9.536743164062501e-14
u 7 F line 3.0 0.0 3.0 2.0 enc 9.536743164062501e-14
u 9 F line 3.0 2.0 0.0 2.0 enc 9.536743164062501e-14
u 11 F line 0.0 2.0 0.0 0.0 enc 9.536743164062501e-14
l 0
u 4 F line 0.0 0.0 3.0 0.0 enc 9.536743164062501e-14
u 1 F line 3.0 0.0 3.0 1.0 enc 9.536743164062501e-14
u 5 R line 3.0 1.0 0.0 1.0 enc 9.536743164062501e-14
u 0 R line 0.0 1.0 0.0 0.0 enc 9.536743164062501e-14
l 0
u 6 F line 0.0 0.0 2.0 0.0 enc 9.536743164062501e-14
u 2 F line 2.0 0.0 2.0 1.0 enc 9.536743164062501e-14
u 7 R line 2.0 1.0 0.0 1.0 enc 9.536743164062501e-14
u 1 R line 0.0 1.0 0.0 0.0 enc 9.536743164062501e-14
l 0
u 8 F line 0.0 0.0 3.0 0.0 enc 9.536743164062501e-14
u 3 F line 3.0 0.0 3.0 1.0 enc 9.536743164062501e-14
u 9 R line 3.0 1.0 0.0 1.0 enc 9.536743164062501e-14
u 2 R line 0.0 1.0 0.0 0.0 enc 9.536743164062501e-14
l 0
u 10 F line 0.0 0.0 2.0 0.0 enc 9.536743164062501e-14
u 0 F line 2.0 0.0 2.0 1.0 enc 9.536743164062501e-14
u 11 R line 2.0 1.0 0.0 1.0 enc 9.536743164062501e-14
u 3 R line 0.0 1.0 0.0 0.0 enc 9.536743164062501e-14
f plane 0.0 0.0 0.0 0.0 0.0 -1.0 1.0 0.0 0.0 F 0 1 loops 0 enc 9.536743164062501e-14
f bspline 3 0 3 0.0 1.5 3.0 4 1 4 2 0 2 0.0 2.0 3 3 15 0.0 0.0 1.0 0.0 1.0 1.0 0.0 2.0 1.0 0.5 0.0 1.0 0.5 1.0 1.5 0.5 2.0 1.0 1.5 0.0 1.0 1.5 1.0 1.75 1.5 2.0 1.0 2.5 0.0 1.0 2.5 1.0 1.375 2.5 2.0 1.0 3.0 0.0 1.0 3.0 1.0 1.0 3.0 2.0 1.0 1.0 1.0 1.0 1.0 1.0 1.0 1.0 1.0 1.0 1.0 1.0 1.0 1.0 1.0 1.0 F 0 1 loops 1 enc 9.536743164062501e-14
f plane 0.0 0.0 0.0 0.0 -1.0 0.0 1.0 0.0 0.0 F 0 1 loops 2 enc 9.536743164062501e-14
f plane 3.0 0.0 0.0 1.0 -0.0 0.0 0.0 1.0 0.0 F 0 1 loops 3 enc 9.536743164062501e-14
f plane 3.0 2.0 0.0 0.0 1.0 0.0 -1.0 0.0 0.0 F 0 1 loops 4 enc 9.536743164062501e-14
f plane 0.0 2.0 0.0 -1.0 -0.0 0.0 0.0 -1.0 0.0 F 0 1 loops 5 enc 9.536743164062501e-14
s 1 sides 0:F 1:F 2:F 3:F 4:F 5:F wire acorn
s 0 sides 0:B 1:B 2:B 3:B 4:B 5:B wire acorn
r void 1
r solid 0
mesh coarse 0.03 0.5
mesh fine 0.003 0.3
end
case sheet_spline_hole
tolerance 1e-07
v 0.0 0.0 0.0 enc 9.536743164062501e-14
v 5.0 0.0 0.0 enc 9.536743164062501e-14
v 5.0 3.75 0.125 enc 9.536743164062501e-14
v 0.0 3.75 0.0 enc 9.536743164062501e-14
v 1.73095703125 0.980224609375 0.8675394058227539 enc 9.536743164062501e-14
v 3.44482421875 0.980224609375 0.8090887069702148 enc 9.536743164062501e-14
v 3.33935546875 2.855224609375 0.8519868850708008 enc 9.536743164062501e-14
v 1.62548828125 2.855224609375 0.8209333419799805 enc 9.536743164062501e-14
e 0 1 bspline 3 0 3 0.0 1.0 2.0 4 1 4 5 0.0 0.0 0.0 1.0 0.0 0.5 2.5 0.125 0.25 4.0 0.0 0.5 5.0 0.0 0.0 1.0 1.0 1.0 1.0 1.0 fins 0
e 1 2 bspline 3 0 2 0.0 1.0 4 4 4 5.0 0.0 0.0 5.25 1.25 0.25 4.875 2.5 0.375 5.0 3.75 0.125 1.0 1.0 1.0 1.0 fins 1
e 3 2 bspline 3 0 3 0.0 1.0 2.0 4 1 4 5 0.0 3.75 0.0 1.0 3.75 0.25 2.5 3.875 0.5 4.0 3.75 0.25 5.0 3.75 0.125 1.0 1.0 1.0 1.0 1.0 fins 2
e 0 3 bspline 3 0 2 0.0 1.0 4 4 4 0.0 0.0 0.0 0.25 1.25 0.25 -0.125 2.5 0.25 0.0 3.75 0.0 1.0 1.0 1.0 1.0 fins 3
e 4 5 bspline 3 0 3 0.0 1.0 2.0 4 1 4 5 0.087890625 0.9375 0.140625 1.087890625 0.9375 0.8828125 2.587890625 1.0625 0.974609375 4.087890625 0.9375 0.759765625 5.087890625 0.9375 0.16015625 1.0 1.0 1.0 1.0 1.0 range 0.625 1.375 fins 7
e 5 6 bspline 3 0 2 0.0 1.0 4 4 4 3.35693359375 0.042724609375 0.38818359375 3.60693359375 1.292724609375 1.07855224609375 3.23193359375 2.542724609375 1.3167724609375 3.35693359375 3.792724609375 0.328857421875 1.0 1.0 1.0 1.0 range 0.25 0.75 fins 6
e 7 6 bspline 3 0 3 0.0 1.0 2.0 4 1 4 5 -0.017578125 2.8125 0.140625 0.982421875 2.8125 0.7109375 2.482421875 2.9375 1.111328125 3.982421875 2.8125 0.763671875 4.982421875 2.8125 0.24609375 1.0 1.0 1.0 1.0 1.0 range 0.625 1.375 fins 5
e 4 7 bspline 3 0 2 0.0 1.0 4 4 4 1.64306640625 0.042724609375 0.38818359375 1.89306640625 1.292724609375 1.25982666015625 1.51806640625 2.542724609375 1.1893310546875 1.64306640625 3.792724609375 0.322265625 1.0 1.0 1.0 1.0 range 0.25 0.75 fins 4
l 0
u 0 F line 0.0 0.0 2.0 0.0 enc 9.536743164062501e-14
u 1 F line 2.0 0.0 2.0 1.0 enc 9.536743164062501e-14
u 2 R line 2.0 1.0 0.0 1.0 enc 9.536743164062501e-14
u 3 R line 0.0 1.0 0.0 0.0 enc 9.536743164062501e-14
l 0
u 7 F line 0.625 0.25 0.625 0.75 enc 9.536743164062501e-14
u 6 F line 0.625 0.75 1.375 0.75 enc 9.536743164062501e-14
u 5 R line 1.375 0.75 1.375 0.25 enc 9.536743164062501e-14
u 4 R line 1.375 0.25 0.625 0.25 enc 9.536743164062501e-14
f bspline 3 0 3 0.0 1.0 2.0 4 1 4 3 0 2 0.0 1.0 4 4 20 0.0 0.0 0.0 0.25 1.25 0.25 -0.125 2.5 0.25 0.0 3.75 0.0 1.0 0.0 0.5 1.25 1.25 1.25 0.875 2.5 1.0 1.0 3.75 0.25 2.5 0.125 0.25 2.75 1.375 1.5 2.375 2.625 1.625 2.5 3.875 0.5 4.0 0.0 0.5 4.25 1.25 0.875 3.875 2.5 1.25 4.0 3.75 0.25 5.0 0.0 0.0 5.25 1.25 0.25 4.875 2.5 0.375 5.0 3.75 0.125 1.0 1.0 1.0 1.0 1.0 1.0 1.0 1.0 1.0 1.0 1.0 1.0 1.0 1.0 1.0 1.0 1.0 1.0 1.0 1.0 F 0 0 loops 0 1 enc 9.536743164062501e-14
s 0 sides 0:F 0:B wire acorn
r void 0
mesh coarse 0.05375 0.5
mesh fine 0.005375 0.3
end
case sheet_rational
tolerance 1e-07
v 0.0 0.0 0.0 enc 9.536743164062501e-14
v 3.0 0.0 0.0 enc 9.536743164062501e-14
v 3.0 3.0 0.0 enc 9.536743164062501e-14
v 0.0 3.0 0.0 enc 9.536743164062501e-14
e 0 1 bspline 2 0 2 0.0 1.0 3 3 3 0.0 0.0 0.0 1.5 0.0 1.0 3.0 0.0 0.0 1.0 2.5 1.0 fins 0
e 1 2 bspline 2 0 2 0.0 1.0 3 3 3 3.0 0.0 0.0 3.0 1.5 0.625 3.0 3.0 0.0 1.0 0.625 1.0 fins 1
e 3 2 bspline 2 0 2 0.0 1.0 3 3 3 0.0 3.0 0.0 1.5 3.0 1.0 3.0 3.0 0.0 1.0 2.5 1.0 fins 2
e 0 3 bspline 2 0 2 0.0 1.0 3 3 3 0.0 0.0 0.0 0.0 1.5 0.75 0.0 3.0 0.0 1.0 0.625 1.0 fins 3
l 0
u 0 F line 0.0 0.0 1.0 0.0 enc 9.536743164062501e-14
u 1 F line 1.0 0.0 1.0 1.0 enc 9.536743164062501e-14
u 2 R line 1.0 1.0 0.0 1.0 enc 9.536743164062501e-14
u 3 R line 0.0 1.0 0.0 0.0 enc 9.536743164062501e-14
f bspline 2 0 2 0.0 1.0 3 3 2 0 2 0.0 1.0 3 3 9 0.0 0.0 0.0 0.0 1.5 0.75 0.0 3.0 0.0 1.5 0.0 1.0 1.5 1.5 2.0 1.5 3.0 1.0 3.0 0.0 0.0 3.0 1.5 0.625 3.0 3.0 0.0 1.0 0.625 1.0 2.5 1.5 2.5 1.0 0.625 1.0 F 0 0 loops 0 enc 9.536743164062501e-14
s 0 sides 0:F 0:B wire acorn
r void 0
mesh coarse 0.03 0.5
mesh fine 0.003 0.3
end
