torus whole 0.0 0.0 0.0 0.0 0.0 1.0 1.0 0.0 0.0 3.0 1.0 0.0 6.283185307179586 6.283185307179586
torus whole_thin 1.0 2.0 3.0 0.0 0.0 1.0 1.0 0.0 0.0 10.0 0.5 0.0 6.283185307179586 6.283185307179586
torus whole_fat 0.0 0.0 0.0 0.0 0.0 1.0 1.0 0.0 0.0 2.0 1.75 0.0 6.283185307179586 6.283185307179586
torus millimetre 0.0 0.0 0.0 0.0 0.0 1.0 1.0 0.0 0.0 0.003 0.001 0.0 6.283185307179586 6.283185307179586
torus far 10000.0 -20000.0 5000.0 0.0 0.0 1.0 1.0 0.0 0.0 3.0 1.0 0.0 6.283185307179586 6.283185307179586
torus outer_half 0.0 0.0 0.0 0.0 0.0 1.0 1.0 0.0 0.0 3.0 1.0 -1.5707963267948966 1.5707963267948966 6.283185307179586
torus inner_half 0.0 0.0 0.0 0.0 0.0 1.0 1.0 0.0 0.0 3.0 1.0 1.5707963267948966 4.71238898038469 6.283185307179586
torus segment 0.0 0.0 0.0 0.0 0.0 1.0 1.0 0.0 0.0 4.0 1.5 0.3 2.0 6.283185307179586
torus segment_below 0.0 0.0 0.0 0.0 0.0 1.0 1.0 0.0 0.0 4.0 1.5 -1.0 0.5 6.283185307179586
torus quarter_wedge 0.0 0.0 0.0 0.0 0.0 1.0 1.0 0.0 0.0 3.0 1.0 0.0 6.283185307179586 1.5707963267948966
torus half_wedge 0.0 0.0 0.0 0.0 0.0 1.0 1.0 0.0 0.0 3.0 1.0 0.0 6.283185307179586 3.141592653589793
torus wide_wedge 1.0 2.0 3.0 0.0 0.0 1.0 1.0 0.0 0.0 5.0 2.0 0.0 6.283185307179586 5.0
torus rotated_0 -3.0 1.5 0.0 0.339047 0.051242 0.939373 0.995004 0.099833 0.25 2.0 0.5 0.0 6.283185307179586 6.283185307179586
torus rotated_1 -2.5 1.25 0.125 0.661505 0.311424 0.682221 0.540302 0.841471 0.25 2.25 0.6 -1.5707963267948966 1.5707963267948966 6.283185307179586
torus rotated_2 -2.0 1.0 0.25 0.71599 0.640752 0.277121 -0.32329 0.9463 0.25 2.5 0.7 0.0 6.283185307179586 1.25
torus rotated_3 -1.5 0.75 0.375 0.514026 0.836902 -0.188077 -0.942222 0.334988 0.25 2.75 0.8 0.4 2.5 6.283185307179586
torus rotated_4 -1.0 0.5 0.5 0.203825 0.76375 -0.612488 -0.8481 -0.529836 0.25 3.0 0.9 0.0 6.283185307179586 4.0
torus rotated_5 -0.5 0.25 0.625 -0.012479 0.427198 -0.904072 -0.112153 -0.993691 0.25 3.25 1.0 0.0 6.283185307179586 6.283185307179586
torus rotated_6 0.0 0.0 0.75 0.008913 -0.026969 -0.999597 0.70867 -0.70554 0.25 3.5 1.1 -1.5707963267948966 1.5707963267948966 6.283185307179586
torus rotated_7 0.5 -0.25 0.875 0.273534 -0.392032 -0.878345 0.993185 0.116549 0.25 3.75 1.2000000000000002 0.0 6.283185307179586 1.25
torus rotated_8 1.0 -0.5 1.0 0.645041 -0.512711 -0.566613 0.526078 0.850437 0.25 4.0 1.3 0.4 2.5 6.283185307179586
torus rotated_9 1.5 -0.75 1.125 0.919951 -0.36914 -0.132003 -0.339155 0.940731 0.25 4.25 1.4 0.0 6.283185307179586 4.0
