sphere full 0.0 0.0 0.0 0.0 0.0 1.0 1.0 0.0 0.0 2.0 -1.5707963267948966 1.5707963267948966
sphere upper_hemisphere 0.0 0.0 0.0 0.0 0.0 1.0 1.0 0.0 0.0 1.5 0.0 1.5707963267948966
sphere lower_hemisphere 1.0 2.0 3.0 0.0 0.0 1.0 1.0 0.0 0.0 1.5 -1.5707963267948966 0.0
sphere zone 0.0 0.0 0.0 0.0 0.0 1.0 1.0 0.0 0.0 3.0 -0.5 0.7
sphere zone_above 0.0 0.0 0.0 0.0 0.0 1.0 1.0 0.0 0.0 1.0 0.25 0.5
sphere thin_equator 0.0 0.0 0.0 0.0 0.0 1.0 1.0 0.0 0.0 1.0 -0.0009765625 0.0009765625
sphere north_cap 0.0 0.0 0.0 0.0 0.0 1.0 1.0 0.0 0.0 2.5 1.25 1.5707963267948966
sphere south_cap 0.0 0.0 0.0 0.0 0.0 1.0 1.0 0.0 0.0 2.5 -1.5707963267948966 -1.3
sphere millimetre 0.0 0.0 0.0 0.0 0.0 1.0 1.0 0.0 0.0 0.002 -1.5707963267948966 1.5707963267948966
sphere large 0.0 0.0 0.0 0.0 0.0 1.0 1.0 0.0 0.0 400.0 -0.25 1.5707963267948966
sphere far 10000.0 -20000.0 5000.0 0.0 0.0 1.0 1.0 0.0 0.0 2.0 -1.5707963267948966 1.5707963267948966
sphere rotated_0 -3.0 1.5 0.0 0.381656 0.077365 0.921061 0.955336 0.29552 0.25 0.5 -1.5707963267948966 1.5707963267948966
sphere rotated_1 -2.5 1.25 0.125 0.657046 0.459222 0.597834 0.169967 0.98545 0.25 0.75 0.0 1.5707963267948966
sphere rotated_2 -2.0 1.0 0.25 0.520157 0.846883 0.11057 -0.801144 0.598472 0.25 1.0 -0.75 0.5
sphere rotated_3 -1.5 0.75 0.375 0.128181 0.904375 -0.407033 -0.896758 -0.44252 0.25 1.25 -1.5707963267948966 0.3
sphere rotated_4 -1.0 0.5 0.5 -0.154879 0.561357 -0.812952 -0.012389 -0.999923 0.25 1.5 -1.5707963267948966 1.5707963267948966
sphere rotated_5 -0.5 0.25 0.625 -0.057456 0.071166 -0.995808 0.88552 -0.464602 0.25 1.75 0.0 1.5707963267948966
sphere rotated_6 0.0 0.0 0.75 0.376215 -0.196624 -0.905429 0.815725 0.57844 0.25 2.0 -0.75 0.5
sphere rotated_7 0.5 -0.25 0.875 0.821874 -0.058941 -0.566613 -0.1455 0.989358 0.25 2.25 -1.5707963267948966 0.3
sphere rotated_8 1.0 -0.5 1.0 0.940814 0.331116 -0.072326 -0.947722 0.319098 0.25 2.5 -1.5707963267948966 1.5707963267948966
sphere rotated_9 1.5 -0.75 1.125 0.657379 0.610459 0.441806 -0.714266 -0.699875 0.25 2.75 0.0 1.5707963267948966
sphere rotated_10 2.0 -1.0 1.25 0.220714 0.504519 0.834713 0.299745 -0.954019 0.25 3.0 -0.75 0.5
