case full valid 2 3 1 1 1 1
props 33.510321638291131 50.265482457436704 -8.7427029046467502e-17 8.2583530701259093e-17 5.2041704279304205e-18 53.616514621265814 5.1071589153653508e-16 4.0842504283130133e-32 53.616514621265821 1.1981829813516303e-32 53.616514621265814
face 1 sphere 50.265482457436704 -9.3208676658733481e-17 1.6544262635268278e-17 2.0816681711721679e-17
edge 1 degenerated closed 7.6946827748871581e-16 1.2246467991473532e-16 -2.9995195653237152e-32 2
edge 2 regular open 6.2831853071795862 2 -4.8985871965894128e-16 -4.8985871965894128e-16
edge 3 degenerated closed 7.6946827748871581e-16 1.2246467991473532e-16 -2.9995195653237152e-32 -2
vertex 1 1.2246467991473532e-16 -2.9995195653237152e-32 2
vertex 2 1.2246467991473532e-16 -2.9995195653237152e-32 -2
end
case upper_hemisphere valid 2 3 2 2 1 1
props 7.0685834705770336 21.20575041173111 -1.963305358928097e-16 4.6954686646459111e-17 0.56249999999999989 4.125181134782105 2.9148669260340264e-16 2.4286128663675398e-17 4.1251811347820517 4.5300045584588118e-17 6.361725123519359
face 1 sphere 14.137166941154073 2.2204460492503131e-16 -2.4566399531302292e-17 0.74999999999999989
face 2 plane 7.0685834705770363 4.4408920985006262e-16 4.6241135749819279e-17 0
edge 1 degenerated closed 5.7710120811653693e-16 9.1848509936051484e-17 -2.2496396739927864e-32 1.5
edge 2 regular open 2.3561944901923453 1.0606601717798214 -2.5978681687064801e-16 1.060660171779821
edge 3 regular closed 9.4247779607693811 -1.5 1.8369701987210297e-16 0
vertex 1 9.1848509936051484e-17 -2.2496396739927864e-32 1.5
vertex 2 1.5 -3.6739403974420594e-16 0
end
case lower_hemisphere valid 2 3 2 2 1 1
props 7.0685834705770336 21.205750411731106 1 2 2.4375000000000004 4.1251811347820961 0 0 4.1251811347820464 0 6.3617251235193635
face 1 sphere 14.137166941154069 1 2 2.25
face 2 plane 7.0685834705770363 1.0000000000000004 2 3
edge 1 regular closed 9.4247779607693811 -0.5 2 3
edge 2 regular open 2.3561944901923453 2.060660171779821 1.9999999999999998 1.9393398282201786
edge 3 degenerated closed 5.7710120811653693e-16 1 2 1.5
vertex 1 2.5 1.9999999999999996 3
vertex 2 1 2 1.5
end
case zone valid 2 3 3 3 1 1
props 84.635637432141237 101.8560591168432 3.9877740597942916e-16 8.430469787170849e-18 0.18861188649963087 243.87018561098384 1.4657690589302431e-14 -2.8273160091364628e-14 243.87018561098196 3.0096769153349774e-15 343.22645703799816
face 1 sphere 63.540527464094978 0 -9.9714079319425294e-17 0.24718822295023127
face 2 plane 16.540020814845768 0 1.4613018975942783e-17 1.9326530617130731
face 3 plane 21.775510837902452 4.4408920985006262e-16 1.8606490162771093e-16 -1.438276615812609
edge 1 regular closed 14.416935580370986 -2.2945265618534654 2.8099846095324277e-16 1.9326530617130731
edge 2 regular open 3.600000000000001 2.9850124958340776 -7.3111719968761103e-16 0.29950024994048269
edge 3 regular closed 16.542041576119829 -2.6327476856711183 3.224186026219737e-16 -1.438276615812609
vertex 1 2.2945265618534654 -5.6199692190648553e-16 1.9326530617130731
vertex 2 2.6327476856711183 -6.448372052439474e-16 -1.438276615812609
end
case zone_above valid 2 3 3 3 1 1
props 0.6293789336208242 6.8266355740014433 7.1662408711267151e-17 1.9769079315210588e-17 0.35963838270270265 0.13909589333779659 1.0279868818101197e-17 -5.4633416709556413e-18 0.13909589333779399 2.1939910803386876e-19 0.27258621072411982
face 1 sphere 1.4578345783185123 -1.1102230246251565e-16 -1.7750486415844722e-17 0.36341474892936293
face 2 plane 2.4195012042113828 -3.3306690738754696e-16 5.5910832738519272e-17 0.47942553860420295
face 3 plane 2.9492997914715486 -1.1102230246251565e-16 3.8011060283181794e-17 0.24740395925452294
edge 1 regular closed 5.514013858706611 -0.87758256189037276 1.074728675406579e-16 0.47942553860420301
edge 2 regular open 0.25 0.9305076219123144 -2.279086361514263e-16 0.36627252908604735
edge 3 regular closed 6.0878562920361139 -0.96891242171064473 1.1865754959020516e-16 0.24740395925452294
vertex 1 0.87758256189037276 -2.1494573508131581e-16 0.47942553860420301
vertex 2 0.96891242171064473 -2.3731509918041032e-16 0.24740395925452294
end
case thin_equator valid 2 3 3 3 1 1
props 0.006135920225707382 6.2954511594215639 -1.2368829659162628e-16 2.4183669516361278e-17 -1.7255621734322862e-20 0.0015339815193434142 8.1838061148042004e-20 1.3096007800358655e-38 0.0015339815193433806 4.1595419942021005e-25 0.0030679591375760121
face 1 sphere 0.012271844352527784 -2.2204460492503131e-16 -4.7550206164522327e-17 -9.2892091261107683e-20
face 2 plane 3.1415896575345181 -3.3306690738754701e-16 3.5012024870409758e-17 0.00097656234477957831
face 3 plane 3.1415896575345181 -3.3306690738754701e-16 3.5012024870409758e-17 -0.00097656234477957831
edge 1 regular closed 6.2831823111235989 -0.99999952316287966 1.2246462151903e-16 0.00097656234477957831
edge 2 regular open 0.001953125 1 -2.4492935982947064e-16 -2.4492935982947064e-16
edge 3 regular closed 6.2831823111235989 -0.99999952316287966 1.2246462151903e-16 -0.00097656234477957831
vertex 1 0.99999952316287966 -2.4492924303805999e-16 0.00097656234477957831
vertex 2 0.99999952316287966 -2.4492924303805999e-16 -0.00097656234477957831
end
case north_cap valid 2 3 2 2 1 1
props 0.12558084885474421 3.9556373022734048 -1.8648358519040363e-16 2.0928163640746761e-17 2.4151582261270184 0.013177544775591854 2.4898631661803787e-19 5.8900175488409965e-18 0.013177544775591521 1.3178150569886919e-19 0.026127345522091609
face 1 sphere 2.0033693131572159 0 7.0230724894623001e-18 2.4362307741944829
face 2 plane 1.9522679891161892 -1.1102230246251565e-16 6.0251150795006189e-17 2.3724615483889657
edge 1 degenerated closed 9.6183534686089518e-16 1.5308084989341916e-16 -3.7493994566546446e-32 2.5
edge 2 regular open 0.80199081698724139 0.39927817936094834 -9.7794948864753628e-17 2.4679094261107331
edge 3 regular closed 4.9530720860677722 -0.78830590598817163 9.6539630451736875e-17 2.3724615483889657
vertex 1 1.5308084989341916e-16 -3.7493994566546446e-32 2.5
vertex 2 0.78830590598817163 -1.9307926090347375e-16 2.3724615483889657
end
case south_cap valid 2 3 2 2 1 1
props 0.064396474325129224 2.8360580905297068 -3.2662536833962888e-16 3.6614121272146563e-17 -2.4393569990191293 0.0048446135217454778 2.5624936328972353e-19 -3.3355200318667712e-18 0.0048446135217453112 5.4103786323610044e-21 0.0096296939898157189
face 1 sphere 1.4310667122103562 -5.5511151231257827e-17 -1.2159166438016502e-17 -2.454447731771491
face 2 plane 1.4049913783193508 1.1102230246251565e-16 7.1174071309329329e-18 -2.4088954635429825
edge 1 regular closed 4.2018617742543931 -0.6687470715614684 8.1897896062691825e-17 -2.4088954635429825
edge 2 regular open 0.67699081698724184 0.33746210242229058 -8.2654376712998881e-17 -2.477119159311624
edge 3 degenerated closed 9.6183534686089518e-16 1.5308084989341916e-16 -3.7493994566546446e-32 -2.5
vertex 1 0.6687470715614684 -1.6379579212538365e-16 -2.4088954635429825
vertex 2 1.5308084989341916e-16 -3.7493994566546446e-32 -2.5
end
case millimetre valid 2 3 1 1 1 1
props 3.3510321638291134e-08 5.02654824574367e-05 -7.4036336230894957e-20 6.8090214586991943e-20 -6.626431603856498e-20 5.3616514621265827e-14 4.9489786041863194e-31 6.9428587089084793e-46 5.3616514621265834e-14 -1.5119694593198071e-46 5.3616514621265815e-14
face 1 sphere 5.02654824574367e-05 -1.0860623996606922e-19 3.9168125218622056e-20 -6.462348535570528e-21
edge 1 degenerated closed 7.6946827748871588e-19 1.2246467991473531e-19 -2.9995195653237154e-35 0.002
edge 2 regular open 0.0062831853071795866 0.002 -4.8985871965894126e-19 -4.8985871965894126e-19
edge 3 degenerated closed 7.6946827748871588e-19 1.2246467991473531e-19 -2.9995195653237154e-35 -0.002
vertex 1 1.2246467991473531e-19 -2.9995195653237154e-35 0.002
vertex 2 1.2246467991473531e-19 -2.9995195653237154e-35 -0.002
end
case large valid 2 3 2 2 1 1
props 182769891.71934426 1725915.2032603535 -3.0002902927558903e-14 2.1942554701403778e-14 96.953454311955312 8927071358728.2266 0.00017793267932923507 -7.389293889402686e-05 8927071358728.1543 2.2708732947528435e-05 12398719597586.062
face 1 sphere 1254027.2366249058 -2.8421709430404007e-14 5.5483534845794311e-15 150.51920814909545
face 2 plane 471887.96663544775 -5.6843418860808015e-14 1.231937848393152e-14 -98.96158370180919
edge 1 degenerated closed 1.538936554977432e-13 2.4492935982947064e-14 -5.9990391306474308e-30 400
edge 2 regular open 728.31853071795854 315.89921927786065 -7.7372993548355984e-14 245.372539742405
edge 3 regular closed 2435.1425168144456 -387.56496868425791 4.7463019836082062e-14 -98.961583701809175
vertex 1 2.4492935982947064e-14 -5.9990391306474308e-30 400
vertex 2 387.56496868425791 -9.4926039672164124e-14 -98.961583701809175
end
case far valid 2 3 1 1 1 1
props 33.510321638295594 50.265482457436704 10000 -20000 5000 53.616514205932617 0 0 53.616514682769775 0 53.616514205932617
face 1 sphere 50.265482457436704 10000 -20000 5000
edge 1 degenerated closed 7.6946827748871581e-16 10000 -20000 5002
edge 2 regular open 6.2831853071795862 10002 -20000 5000
edge 3 degenerated closed 7.6946827748871581e-16 10000 -20000 4998
vertex 1 10000 -20000 5002
vertex 2 10000 -20000 4998
end
case rotated_0 valid 2 3 1 1 1 1
props 0.52359877559829893 3.1415926535897944 -3 1.5 -1.9081958235744878e-17 0.052359877559829959 0 -6.47163100216445e-18 0.052359877559830181 -8.0895387527055856e-19 0.052359877559830181
face 1 sphere 3.1415926535897944 -3 1.5 1.040834085586083e-17
edge 1 degenerated closed 1.9236706937217898e-16 -2.8091720010764609 1.5386824997817921 0.46053049740214752
edge 2 regular open 1.5707963267948966 -2.5639830845791391 1.6501084149071819 -0.19327884840543494
edge 3 degenerated closed 1.9236706937217898e-16 -3.1908279989235391 1.4613175002182079 -0.46053049740214752
vertex 1 -2.8091720010764609 1.5386824997817921 0.46053049740214752
vertex 2 -3.1908279989235391 1.4613175002182079 -0.46053049740214752
end
case rotated_1 valid 2 3 2 2 1 1
props 0.88357293382212942 5.3014376029327774 -2.3152057924457621 1.3791562015162901 0.29314083074698022 0.15908495346681262 0.021088516108131561 0.027453893626588566 0.14365107719335501 0.019188050667668599 0.15389170037369304
face 1 sphere 3.5342917352885181 -2.2536077232610161 1.4222082686883866 0.34918777432930692
face 2 plane 1.7671458676442591 -2.5 1.2500000000000004 0.12499999999999993
edge 1 degenerated closed 2.8855060405826847e-16 -2.0072154465220313 1.5944165373767734 0.57337554865861395
edge 2 regular open 1.1780972450961726 -2.3647140839912337 1.962520123349222 0.31608321420804708
edge 3 regular closed 4.7123889803846906 -2.1985386237396964 0.58676091547255305 0.30314307558375031
vertex 1 -2.0072154465220313 1.5944165373767734 0.57337554865861395
vertex 2 -2.8014613762603031 1.913239084527447 -0.053143075583750393
end
case rotated_2 valid 2 3 3 3 1 1
props 3.2005359666190891 11.396593409380969 -2.0391246906712333 0.93629993365517372 0.24168324746659531 1.1428803334917266 0.17395367316598875 0.022711587836763858 1.3192568087736323 0.036977408055576144 1.0408654993714244
face 1 sphere 7.2951821418273131 -2.0525913153764241 0.9143745235766656 0.23882064118877333
face 2 plane 2.4195012042113828 -1.7506234308192441 1.4060173698277743 0.30301008590544026
face 3 plane 1.6819100633422743 -2.354559199933604 0.42273167732555694 0.17463119647210645
edge 1 regular closed 5.514013858706611 -1.0115577030941918 0.97859748728118989 0.099920827104852505
edge 2 regular open 1.25 -2.9004405292924167 1.3776573736052009 0.46582808290214373
edge 3 regular closed 4.5973367503348426 -1.7383594372836901 0.066368203419429894 0.0053045068759340896
vertex 1 -2.4896891585442971 1.8334372523743592 0.50609934470602802
vertex 2 -2.9707589625835178 0.77909515123168382 0.34395788606827854
end
case rotated_3 valid 2 3 2 2 1 1
props 5.8511185360473039 17.198787510495016 -1.5349896884339755 0.50313190349991965 0.4861081818081186 2.8838205845402838 0.11893605688888265 -0.053529675238317864 3.7061110000972839 -0.37767609898232712 3.0369443361797916
face 1 sphere 12.718739886951226 -1.5564380672328306 0.35180387847113592 0.55421654394942155
face 2 plane 4.4800476235437898 -1.4526499143057896 1.0840762964066577 0.22464193265482671
edge 1 regular closed 7.5031952398581723 -0.27019774706229471 0.91719975655145225 0.22623622726456835
edge 2 regular open 2.3384954084936203 -2.5912659046127988 0.2196564396710674 0.67562340801614429
edge 3 degenerated closed 4.8091767343044759e-16 -1.6602262201598723 -0.3804685394643848 0.88379115524401597
vertex 1 -2.635102081549284 1.2509528362618632 0.22304763804508493
vertex 2 -1.6602262201598723 -0.3804685394643848 0.88379115524401597
end
case rotated_4 valid 2 3 1 1 1 1
props 14.137166941154069 28.274333882308138 -1 0.49999999999999994 0.5 12.723450247038668 8.8817841970012523e-16 -8.8817841970012523e-16 12.723450247038667 1.7763568394002505e-15 12.723450247038667
face 1 sphere 28.274333882308138 -1 0.50000000000000011 0.50000000000000011
edge 1 degenerated closed 5.7710120811653703e-16 -1.2323184836919403 1.3420354408916402 -0.71942791439982168
edge 2 regular open 4.7123889803846906 -1.2822894808744265 -0.73686616524835591 -0.30029665640403203
edge 3 degenerated closed 5.7710120811653703e-16 -0.76768151630806014 -0.34203544089164034 1.7194279143998217
vertex 1 -1.2323184836919403 1.3420354408916402 -0.71942791439982168
vertex 2 -0.76768151630806014 -0.34203544089164034 1.7194279143998217
end
case rotated_5 valid 2 3 2 2 1 1
props 11.22464875188853 28.863382504856222 -0.53770551198364336 0.29670270234314861 -0.028499207696458143 8.932100035809297 -0.01976603739462246 0.27658120683780452 8.9406244468264884 -0.342578288878786 13.709754017306938
face 1 sphere 19.242255003237482 -0.55027401597819114 0.31227026979086497 -0.24633227692861079
face 2 plane 9.6211275016187408 -0.50000000000000022 0.25000000000000011 0.625
edge 1 degenerated closed 6.7328474280262637e-16 -0.60054803195638151 0.3745405395817295 -1.1176645538572219
edge 2 regular open 2.748893571891069 0.5278878158658471 -0.22121524344854948 -0.71062825379529304
edge 3 regular closed 10.995574287564272 -2.0542009217519208 1.0409395276636078 0.7711990369487759
vertex 1 -0.60054803195638151 0.3745405395817295 -1.1176645538572219
vertex 2 1.0542009217519208 -0.54093952766360787 0.4788009630512241
end
case rotated_6 valid 2 3 3 3 1 1
props 25.604287732952717 45.586373637523884 -0.056595571857651322 0.029578958098264805 0.8862074133979273 34.941742024800632 -0.93475568194428871 -4.3044333466272704 33.641744198252539 2.2496575159078245 43.512598309324034
face 1 sphere 29.180728567309259 -0.076075631970766278 0.03975996454320041 0.93308967845423318
face 2 plane 9.6780048168455295 0.36073408629045578 -0.18853309672069085 -0.11817139937504151
face 3 plane 6.7276402533690955 -0.51288535023198956 0.26805302580709045 1.9843507562835079
edge 1 regular closed 11.02802771741322 -1.0502531358876284 -1.162866393453897 -0.49286366972960044
edge 2 regular open 2.5 1.501457700864004 1.1506124390491357 1.399396479526628
edge 3 regular closed 9.1946735006696851 -1.6893030337910488 -0.54430225419889111 1.6719491938812927
vertex 1 1.7717213084685401 0.78580020001251605 0.25652087097951753
vertex 2 0.66353233332706985 1.0804083058130731 2.2967523186857233
end
case rotated_7 valid 2 3 2 2 1 1
props 34.12372330222788 55.724071534003876 0.096174270793499134 -0.22103948743340215 1.1534038768751451 67.268475938228562 -0.93913113254750469 -9.0280773723921861 54.240570475263034 0.64745193108212717 60.397320385978546
face 1 sphere 41.208717233721991 -0.15136743638942285 -0.20328694171098116 1.3240630646971678
face 2 plane 14.515354300281883 1.046480512952721 -0.28919105351178742 0.49824764758870588
edge 1 regular closed 13.505751431744711 0.78957054608256116 -2.4179262237241432 0.34703713451548107
edge 2 regular open 4.2092917352885166 -0.38106857582525988 1.6220882139494437 1.7590270832303898
edge 3 degenerated closed 8.6565181217480545e-16 -1.349215385731565 -0.11738282991017565 2.1498784818056285
vertex 1 1.3033904798228804 1.8395441167005695 0.64945816066193029
vertex 2 -1.349215385731565 -0.11738282991017565 2.1498784818056285
end
case rotated_8 valid 2 3 1 1 1 1
props 65.449846949787371 78.539816339744846 1 -0.5 1 163.62461737446847 0 0 163.62461737446841 -7.1054273576010019e-15 163.6246173744685
face 1 sphere 78.539816339744846 1 -0.5 1
edge 1 degenerated closed 9.6183534686089518e-16 3.3520351901291243 0.32779006691524076 0.81918498538363682
edge 2 regular open 7.8539816339744855 0.25866902012463822 1.7688033522440256 1.7436126189914403
edge 3 degenerated closed 9.6183534686089518e-16 -1.3520351901291243 -1.3277900669152405 1.1808150146163632
vertex 1 3.3520351901291243 0.32779006691524076 0.81918498538363682
vertex 2 -1.3520351901291243 -1.3277900669152405 1.1808150146163632
end
case rotated_9 valid 2 3 2 2 1 1
props 43.556873145083486 71.274883328318438 2.1779221337616437 -0.12046411909416184 1.5806124643907045 105.45562645423338 18.589041494213621 13.453401565694605 102.70008824561359 12.493173749682139 94.479481640622822
face 1 sphere 47.516588885545623 2.4038961783488579 0.08938117454111788 1.7324832858542718
face 2 plane 23.758294442772812 1.5 -0.75000000000000022 1.1250000000000009
edge 1 degenerated closed 1.0580188815469844e-15 3.3077923566977159 0.92876234908223521 2.3399665717085441
edge 2 regular open 4.319689898685966 2.2025101107430878 -0.20438761004486228 3.7271696071223293
edge 3 regular closed 17.27875959474386 2.314293030380616 0.15714990740888157 -1.3400569782789225
vertex 1 3.3077923566977159 0.92876234908223521 2.3399665717085441
vertex 2 0.68570696961938382 -1.6571499074088809 3.590056978278922
end
case rotated_10 valid 2 3 3 3 1 1
props 86.414471098715424 102.56934068442874 1.9501956131812417 -1.1138453357440554 1.0616459801614462 256.43172901131288 10.685366087227067 17.67864834182302 276.18229738223101 40.410730550703079 318.61561552419585
face 1 sphere 65.656639276445816 1.9330530626727578 -1.1530306272977833 0.99681497821962251
face 2 plane 21.775510837902452 2.3174478034696731 -0.27436207780786193 2.4505482587311214
face 3 plane 15.13719057008047 1.5486583218758441 -2.0316991767877042 -0.45691830229187597
edge 1 regular closed 16.542041576119832 1.4172068926511361 1.9411659126519591 1.3494749630853178
edge 2 regular open 3.7500000000000009 2.935262887287629 -3.693585398717155 2.1826741293078493
edge 3 regular closed 13.792010251004527 0.79807794077542982 -0.18449158664835075 -1.3749436929774408
vertex 1 3.2176887142882089 -2.4898900682676817 3.5516215543769247
vertex 2 2.2992387029762567 -3.8789067669270576 0.4611070883936888
end
