case ellipse_fuse
cone 0.0 0.0 0.0 0.0 0.0 1.0 1.0 0.0 0.0 2.0 1.0 2.0
boolean fuse
plane -4.0 0.0 0.0 1.0 0.0 0.0 0.0 1.0 0.0
wire P 3 -4.0 -8.0 -1.0 -4.0 4.0 -1.0 -4.0 4.0 2.0
prism 8.0 0.0 0.0
end
case ellipse_cut
cone 0.0 0.0 0.0 0.0 0.0 1.0 1.0 0.0 0.0 2.0 1.0 2.0
boolean cut
plane -4.0 0.0 0.0 1.0 0.0 0.0 0.0 1.0 0.0
wire P 3 -4.0 -8.0 -1.0 -4.0 4.0 -1.0 -4.0 4.0 2.0
prism 8.0 0.0 0.0
end
case ellipse_common
cone 0.0 0.0 0.0 0.0 0.0 1.0 1.0 0.0 0.0 2.0 1.0 2.0
boolean common
plane -4.0 0.0 0.0 1.0 0.0 0.0 0.0 1.0 0.0
wire P 3 -4.0 -8.0 -1.0 -4.0 4.0 -1.0 -4.0 4.0 2.0
prism 8.0 0.0 0.0
end
case parabola_cut
cone 0.0 0.0 0.0 0.0 0.0 1.0 1.0 0.0 0.0 2.0 1.0 2.0
boolean cut
plane -4.0 0.0 0.0 1.0 0.0 0.0 0.0 1.0 0.0
wire P 4 -4.0 2.75 -3.0 -4.0 4.0 -3.0 -4.0 4.0 3.5 -4.0 -0.5 3.5
prism 8.0 0.0 0.0
end
case parabola_common
cone 0.0 0.0 0.0 0.0 0.0 1.0 1.0 0.0 0.0 2.0 1.0 2.0
boolean common
plane -4.0 0.0 0.0 1.0 0.0 0.0 0.0 1.0 0.0
wire P 4 -4.0 2.75 -3.0 -4.0 4.0 -3.0 -4.0 4.0 3.5 -4.0 -0.5 3.5
prism 8.0 0.0 0.0
end
case hyperbola_cut
plane 0.0 0.0 -1.0 0.0 0.0 1.0 1.0 0.0 0.0
wire P 4 1.25 -4.0 -1.0 4.0 -4.0 -1.0 4.0 4.0 -1.0 1.25 4.0 -1.0
prism 0.0 0.0 4.0
boolean cut
cone 0.0 0.0 0.0 0.0 0.0 1.0 1.0 0.0 0.0 2.0 1.0 2.0
end
case hyperbola_common
plane 0.0 0.0 -1.0 0.0 0.0 1.0 1.0 0.0 0.0
wire P 4 1.25 -4.0 -1.0 4.0 -4.0 -1.0 4.0 4.0 -1.0 1.25 4.0 -1.0
prism 0.0 0.0 4.0
boolean common
cone 0.0 0.0 0.0 0.0 0.0 1.0 1.0 0.0 0.0 2.0 1.0 2.0
end
case apex_box_cut
cone 0.0 0.0 0.0 0.0 0.0 1.0 1.0 0.0 0.0 1.5 0.0 3.0
boolean cut
plane 0.0 0.0 1.5 0.0 0.0 1.0 1.0 0.0 0.0
wire P 4 -0.25 -1.0 1.5 1.0 -1.0 1.5 1.0 1.0 1.5 -0.25 1.0 1.5
prism 0.0 0.0 2.5
end
case apex_box_common
cone 0.0 0.0 0.0 0.0 0.0 1.0 1.0 0.0 0.0 1.5 0.0 3.0
boolean common
plane 0.0 0.0 1.5 0.0 0.0 1.0 1.0 0.0 0.0
wire P 4 -0.25 -1.0 1.5 1.0 -1.0 1.5 1.0 1.0 1.5 -0.25 1.0 1.5
prism 0.0 0.0 2.5
end
case apex_corner_common
cone 0.0 0.0 0.0 0.0 0.0 1.0 1.0 0.0 0.0 1.5 0.0 3.0
boolean common
plane 0.0 0.0 2.0 0.0 0.0 1.0 1.0 0.0 0.0
wire P 4 0.125 -0.25 2.0 2.0 -0.25 2.0 2.0 2.0 2.0 0.125 2.0 2.0
prism 0.0 0.0 2.0
end
case cone_in_box_cut
plane 0.0 0.0 -2.0 0.0 0.0 1.0 1.0 0.0 0.0
wire P 4 -2.0 -2.0 -2.0 3.0 -2.0 -2.0 3.0 3.0 -2.0 -2.0 3.0 -2.0
prism 0.0 0.0 4.0
boolean cut
cone 0.5 0.25 -1.0 0.0 0.0 1.0 1.0 0.0 0.0 1.0 0.0 2.0
end
case box_in_frustum_cut
cone 0.0 0.0 0.0 0.0 0.0 1.0 1.0 0.0 0.0 3.0 2.0 3.0
boolean cut
plane 0.0 0.0 0.5 0.0 0.0 1.0 1.0 0.0 0.0
wire P 4 -1.0 -1.0 0.5 1.0 -1.0 0.5 1.0 1.0 0.5 -1.0 1.0 0.5
prism 0.0 0.0 1.5
end
case normal_cut_fuse
cone 0.0 0.0 0.0 0.0 0.0 1.0 1.0 0.0 0.0 2.0 1.0 2.0
boolean fuse
plane 0.0 0.0 1.0 0.0 0.0 1.0 1.0 0.0 0.0
wire P 4 -3.0 -3.0 1.0 3.0 -3.0 1.0 3.0 3.0 1.0 -3.0 3.0 1.0
prism 0.0 0.0 4.0
end
case normal_cut_cut
cone 0.0 0.0 0.0 0.0 0.0 1.0 1.0 0.0 0.0 2.0 1.0 2.0
boolean cut
plane 0.0 0.0 1.0 0.0 0.0 1.0 1.0 0.0 0.0
wire P 4 -3.0 -3.0 1.0 3.0 -3.0 1.0 3.0 3.0 1.0 -3.0 3.0 1.0
prism 0.0 0.0 4.0
end
case normal_cut_common
cone 0.0 0.0 0.0 0.0 0.0 1.0 1.0 0.0 0.0 2.0 1.0 2.0
boolean common
plane 0.0 0.0 1.0 0.0 0.0 1.0 1.0 0.0 0.0
wire P 4 -3.0 -3.0 1.0 3.0 -3.0 1.0 3.0 3.0 1.0 -3.0 3.0 1.0
prism 0.0 0.0 4.0
end
case slab_cut
cone 0.0 0.0 0.0 0.0 0.0 1.0 1.0 0.0 0.0 2.0 1.0 2.0
boolean cut
plane 0.0 0.0 -1.0 0.0 0.0 1.0 1.0 0.0 0.0
wire P 4 -0.25 -3.0 -1.0 0.25 -3.0 -1.0 0.25 3.0 -1.0 -0.25 3.0 -1.0
prism 0.0 0.0 4.0
end
case bar_cut
plane -4.0 0.0 0.0 1.0 0.0 0.0 0.0 1.0 0.0
wire P 4 -4.0 -0.25 0.75 -4.0 0.25 0.75 -4.0 0.25 1.25 -4.0 -0.25 1.25
prism 8.0 0.0 0.0
boolean cut
cone 0.0 0.0 0.0 0.0 0.0 1.0 1.0 0.0 0.0 2.0 1.0 2.0
end
case on_top_fuse
cone 0.0 0.0 0.0 0.0 0.0 1.0 1.0 0.0 0.0 2.0 1.0 2.0
boolean fuse
plane 0.0 0.0 2.0 0.0 0.0 1.0 1.0 0.0 0.0
wire P 4 -3.0 -3.0 2.0 3.0 -3.0 2.0 3.0 3.0 2.0 -3.0 3.0 2.0
prism 0.0 0.0 1.0
end
case on_top_common
cone 0.0 0.0 0.0 0.0 0.0 1.0 1.0 0.0 0.0 2.0 1.0 2.0
boolean common
plane 0.0 0.0 2.0 0.0 0.0 1.0 1.0 0.0 0.0
wire P 4 -3.0 -3.0 2.0 3.0 -3.0 2.0 3.0 3.0 2.0 -3.0 3.0 2.0
prism 0.0 0.0 1.0
end
case base_wall_common
plane 0.0 0.0 0.0 0.0 0.0 1.0 1.0 0.0 0.0
wire P 4 0.5 -3.0 0.0 3.0 -3.0 0.0 3.0 3.0 0.0 0.5 3.0 0.0
prism 0.0 0.0 1.0
boolean common
cone 0.0 0.0 0.0 0.0 0.0 1.0 1.0 0.0 0.0 2.0 1.0 2.0
end
case tilt_ellipse_cut
cone 0.0 0.0 0.0 0.0 0.6 0.8 1.0 -0.0 0.0 2.0 1.0 2.0
boolean cut
plane 0.0 0.0 -4.0 0.0 0.0 1.0 1.0 0.0 0.0
wire P 4 -5.0 -5.0 -4.0 5.0 -5.0 -4.0 5.0 5.0 -4.0 -5.0 5.0 -4.0
prism 0.0 0.0 4.5
end
case tilt_ellipse_common
cone 0.0 0.0 0.0 0.0 0.6 0.8 1.0 -0.0 0.0 2.0 1.0 2.0
boolean common
plane 0.0 0.0 -4.0 0.0 0.0 1.0 1.0 0.0 0.0
wire P 4 -5.0 -5.0 -4.0 5.0 -5.0 -4.0 5.0 5.0 -4.0 -5.0 5.0 -4.0
prism 0.0 0.0 4.5
end
case lean_apex_cut
cone 1.0 2.0 -1.0 0.6 0.0 0.8 0.0 1.0 -0.0 1.5 0.0 3.0
boolean cut
plane 0.0 0.0 0.5 0.0 0.0 1.0 1.0 0.0 0.0
wire P 4 0.0 -1.0 0.5 5.0 -1.0 0.5 5.0 5.0 0.5 0.0 5.0 0.5
prism 0.0 0.0 3.5
end
case lean_apex_common
cone 1.0 2.0 -1.0 0.6 0.0 0.8 0.0 1.0 -0.0 1.5 0.0 3.0
boolean common
plane 0.0 0.0 0.5 0.0 0.0 1.0 1.0 0.0 0.0
wire P 4 0.0 -1.0 0.5 5.0 -1.0 0.5 5.0 5.0 0.5 0.0 5.0 0.5
prism 0.0 0.0 3.5
end
case inside_tilt_cut
plane 0.0 0.0 -3.0 0.0 0.0 1.0 1.0 0.0 0.0
wire P 4 -3.0 -3.0 -3.0 3.0 -3.0 -3.0 3.0 3.0 -3.0 -3.0 3.0 -3.0
prism 0.0 0.0 6.0
boolean cut
cone 0.25 0.5 -0.5 0.0 -0.8 0.6 1.0 0.0 0.0 1.5 0.5 2.0
end
case tilt_slab_cut
cone 0.0 0.0 0.0 0.0 -0.8 0.6 1.0 0.0 0.0 2.0 1.0 2.0
boolean cut
plane 0.0 0.0 0.25 0.0 0.0 1.0 1.0 0.0 0.0
wire P 4 -5.0 -5.0 0.25 5.0 -5.0 0.25 5.0 5.0 0.25 -5.0 5.0 0.25
prism 0.0 0.0 0.5
end
case apex_plane_common
cone 0.0 0.0 0.0 0.0 0.0 1.0 1.0 0.0 0.0 1.5 0.0 3.0
boolean common
plane 0.0 0.0 -1.0 0.0 0.0 1.0 1.0 0.0 0.0
wire P 4 0.0 -3.0 -1.0 3.0 -3.0 -1.0 3.0 3.0 -1.0 0.0 3.0 -1.0
prism 0.0 0.0 5.0
end
case ruling_tangent_fuse
cone 0.0 0.0 0.0 0.0 0.0 1.0 1.0 0.0 0.0 2.0 1.0 2.0
boolean fuse
plane -4.0 0.0 0.0 1.0 0.0 0.0 0.0 1.0 0.0
wire P 4 -4.0 3.5 -3.0 -4.0 5.0 -3.0 -4.0 5.0 5.0 -4.0 -0.5 5.0
prism 7.0 0.0 0.0
end
case ruling_tangent_common
cone 0.0 0.0 0.0 0.0 0.0 1.0 1.0 0.0 0.0 2.0 1.0 2.0
boolean common
plane -4.0 0.0 0.0 1.0 0.0 0.0 0.0 1.0 0.0
wire P 4 -4.0 3.5 -3.0 -4.0 5.0 -3.0 -4.0 5.0 5.0 -4.0 -0.5 5.0
prism 7.0 0.0 0.0
end
case vertex_on_cut
plane 0.0 0.0 -1.0 0.0 0.0 1.0 1.0 0.0 0.0
wire P 4 0.75 1.0 -1.0 4.0 1.0 -1.0 4.0 4.0 -1.0 0.75 4.0 -1.0
prism 0.0 0.0 2.5
boolean cut
cone 0.0 0.0 0.0 0.0 0.0 1.0 1.0 0.0 0.0 2.0 1.0 2.0
end
