ellipse_fuse done 1 1 0
S 149.14315416959016 259.79467012916501 -1.0258676143466064e-10 -0.0069325042754464728 0.048082927480239943 7 12 8 7 12 8 1
ellipse_cut done 1 1 0
S 5.1431541450717617 19.760724976421383 -5.2772058181037635e-09 -0.20103141831020446 1.394327151406892 3 3 2 3 3 2 1
ellipse_common done 1 1 0
S 9.5176115431829409 31.942272346729986 2.6824318090936638e-09 0.10863393173677811 0.45683032701950249 3 3 2 3 3 2 1
parabola_cut done 1 1 0
S 11.915421197237288 32.83414236422535 1.2056652914630542e-11 -0.25140216992678127 0.75173636618413142 5 9 6 4 6 4 1
parabola_common done 1 1 0
S 2.7453445194448518 15.467752628493658 -1.5931352806053899e-14 1.0911427412168475 0.93318620400610286 4 6 4 4 6 4 1
hyperbola_cut done 1 1 0
S 87.064046625125599 132.3051184829188 2.6374191621129484 -2.1905992799070512e-15 1.0062625280528945 9 18 12 8 16 11 1
hyperbola_common done 1 1 0
S 0.93595337550869651 8.251565010945658 1.4697474645180524 -6.8779266895424562e-13 0.41744850818805934 4 6 4 3 4 3 1
apex_box_cut done 1 1 0
S 6.3728031261907052 22.16778456020479 -0.01180930845418921 -6.4000356290153372e-11 0.624057458943446 4 6 4 4 6 4 1
apex_box_common done 1 1 0
S 0.69578034385166743 4.8902813866371666 0.10816401826611098 3.0993619775076185e-10 1.9035350577772052 3 6 4 3 6 4 1
apex_corner_common done 1 1 0
S 0.065154221789536657 1.1627006882847264 0.24198307219499077 0.034098529620239612 2.2086241174207379 5 9 6 4 7 5 1
cone_in_box_cut done 1 1 0
S 97.905604897606807 140.16640738463047 0.5 0.50534799592062063 0.010695991841241365 8 15 10 8 15 10 1
box_in_frustum_cut done 1 1 0
S 53.690260418206066 110.51364582564781 -3.9030281147032674e-17 2.6881783041664889e-17 1.3085132690569796 9 15 10 9 15 10 1
normal_cut_fuse done 1 1 0
S 153.68657734856851 185.79121292310342 -2.022703948894593e-16 2.889577069849422e-18 2.839448618573198 8 15 10 8 15 10 1
normal_cut_cut done 1 1 0
S 9.6865773485685285 31.928379864257476 -1.3753749973896289e-16 9.9387350577235909e-17 0.4527027027027028 3 3 2 3 3 2 1
normal_cut_common done 1 1 0
S 4.9741883681838388 18.991194537967733 -2.3993658123321268e-16 3.9509234039896364e-17 1.4342105263157894 3 3 2 3 3 2 1
slab_cut done 2 1 0
S 5.8376402851184466 21.687726737827415 0.82462455920521571 -3.6457513373964059e-15 0.75961354229639155 5 9 6 4 6 4 1
S 5.8376402851261942 21.687726737827401 -0.82462455919641631 5.1976202502852791e-15 0.75961354229143974 4 6 4 4 6 4 1
bar_cut done 2 1 0
S 0.6267475574008895 5.5588824860020338 2.7454484739363165 -3.4903067447302977e-13 1.0041746136713332 7 15 10 6 12 8 1
S 0.6267475574046717 5.5588824860071426 -2.7454484739218326 -2.1629244028440846e-16 1.004174613690451 6 12 8 6 12 8 1
on_top_fuse done 1 1 0
S 50.660765716752366 126.49922215389157 2.6297818651202051e-17 -2.9687634548455878e-17 2.0039012760044499 8 15 10 8 15 10 1
on_top_common done 0 1 0
base_wall_common done 1 1 0
S 3.1175758533956106 14.732270201068086 1.0320372174717884 1.2235154905305256e-09 0.44007812725674328 5 9 6 4 6 4 1
tilt_ellipse_cut done 1 1 0
S 8.6845578820887201 26.787238000819279 1.577058834489408e-10 0.26382445325168397 1.0773080528126777 4 6 4 4 6 4 1
tilt_ellipse_common done 1 1 0
S 5.9762078345806886 24.91436963839152 -2.4406430199032679e-10 0.77311653658714352 -0.023527577143803047 4 6 4 3 4 3 1
lean_apex_cut done 1 1 0
S 6.6006844707349241 21.64406937406962 1.406501504525189 2.000000000181593 -0.47974724118125817 3 3 2 3 3 2 1
lean_apex_common done 1 1 0
S 0.46789900263720696 4.3496739346622766 2.0636363649681062 1.9999999996656435 0.7250000003313527 2 3 2 2 3 2 1
inside_tilt_cut done 1 1 0
S 209.19321591722209 237.90361109605593 -0.00813456599552362 0.0017520603682666307 0.0027532377215617257 9 15 10 9 15 10 1
tilt_slab_cut done 2 1 0
S 5.4416076240155444 22.170508877633537 2.3931465960871586e-10 -0.88714796620208181 -0.31390141198485466 4 6 4 3 4 3 1
S 5.7417596474617811 22.1351880482027 -1.5859083868531205e-10 -0.35539558970222601 1.1957599804353543 5 9 6 4 7 5 1
apex_plane_common done 1 1 1
S 3.5342917352885173 15.93720830770933 0.4774648292756859 -7.8532214357123869e-17 0.75 4 8 4 3 5 3 1
ruling_tangent_fuse done 2 1 0
S 14.660765716752366 36.782407461071138 1.5145498483159605e-17 -2.8019172193845273e-16 0.78571428571428581 4 6 4 3 3 2 1
S 195.99999999999997 223.6099033699941 -0.49999999999999978 3.0595238095238098 1.7619047619047619 6 13 10 6 13 10 1
ruling_tangent_common done 0 1 0
vertex_on_cut done 1 1 0
S 24.112361492182828 50.981178278792001 2.3897026716472434 2.513764052620568 0.24857795173190883 8 17 11 8 17 11 1
