case sq_height
plane 0.0 0.0 0.0 0.0 0.0 1.0 1.0 0.0 0.0
wire P 4 0.0 0.0 0.0 10.0 0.0 0.0 10.0 10.0 0.0 0.0 10.0 0.0
prism 0.0 0.0 5.0
split 0.0 0.0 2.0 0.0 0.0 1.0
end
case sq_tilted
plane 0.0 0.0 0.0 0.0 0.0 1.0 1.0 0.0 0.0
wire P 4 0.0 0.0 0.0 10.0 0.0 0.0 10.0 10.0 0.0 0.0 10.0 0.0
prism 0.0 0.0 5.0
split 5.0 5.0 2.5 1.0 0.0 2.0
end
case sq_skew
plane 0.0 0.0 0.0 0.0 0.0 1.0 1.0 0.0 0.0
wire P 4 0.0 0.0 0.0 10.0 0.0 0.0 10.0 10.0 0.0 0.0 10.0 0.0
prism 0.0 0.0 5.0
split 4.0 6.0 2.0 1.0 2.0 3.0
end
case sq_vertical
plane 0.0 0.0 0.0 0.0 0.0 1.0 1.0 0.0 0.0
wire P 4 0.0 0.0 0.0 10.0 0.0 0.0 10.0 10.0 0.0 0.0 10.0 0.0
prism 0.0 0.0 5.0
split 4.0 0.0 0.0 1.0 0.0 0.0
end
case sq_diagonal_edges
plane 0.0 0.0 0.0 0.0 0.0 1.0 1.0 0.0 0.0
wire P 4 0.0 0.0 0.0 10.0 0.0 0.0 10.0 10.0 0.0 0.0 10.0 0.0
prism 0.0 0.0 5.0
split 5.0 5.0 0.0 1.0 1.0 0.0
end
case sq_through_corner
plane 0.0 0.0 0.0 0.0 0.0 1.0 1.0 0.0 0.0
wire P 4 0.0 0.0 0.0 10.0 0.0 0.0 10.0 10.0 0.0 0.0 10.0 0.0
prism 0.0 0.0 5.0
split 10.0 10.0 5.0 1.0 1.0 1.0
end
case sq_in_cap
plane 0.0 0.0 0.0 0.0 0.0 1.0 1.0 0.0 0.0
wire P 4 0.0 0.0 0.0 10.0 0.0 0.0 10.0 10.0 0.0 0.0 10.0 0.0
prism 0.0 0.0 5.0
split 3.0 4.0 5.0 0.0 0.0 1.0
end
case sq_corner_cut
plane 0.0 0.0 0.0 0.0 0.0 1.0 1.0 0.0 0.0
wire P 4 0.0 0.0 0.0 10.0 0.0 0.0 10.0 10.0 0.0 0.0 10.0 0.0
prism 0.0 0.0 5.0
split 0.0 0.0 7.0 1.0 1.0 4.0
end
case sq_miss
plane 0.0 0.0 0.0 0.0 0.0 1.0 1.0 0.0 0.0
wire P 4 0.0 0.0 0.0 10.0 0.0 0.0 10.0 10.0 0.0 0.0 10.0 0.0
prism 0.0 0.0 5.0
split 0.0 0.0 7.0 0.25 0.25 4.0
end
case sq_hole_crossed
plane 0.0 0.0 0.0 0.0 0.0 1.0 1.0 0.0 0.0
wire P 4 0.0 0.0 0.0 10.0 0.0 0.0 10.0 10.0 0.0 0.0 10.0 0.0
wire P 4 3.0 3.0 0.0 7.0 3.0 0.0 7.0 7.0 0.0 3.0 7.0 0.0
prism 0.0 0.0 5.0
split 5.0 5.0 2.5 1.0 0.5 1.5
end
case sq_hole_vertical
plane 0.0 0.0 0.0 0.0 0.0 1.0 1.0 0.0 0.0
wire P 4 0.0 0.0 0.0 10.0 0.0 0.0 10.0 10.0 0.0 0.0 10.0 0.0
wire P 4 3.0 3.0 0.0 7.0 3.0 0.0 7.0 7.0 0.0 3.0 7.0 0.0
prism 0.0 0.0 5.0
split 5.0 0.0 0.0 1.0 0.0 0.0
end
case u_two_sections
plane 0.0 0.0 0.0 0.0 0.0 1.0 1.0 0.0 0.0
wire P 8 0.0 0.0 0.0 9.0 0.0 0.0 9.0 6.0 0.0 6.0 6.0 0.0 6.0 2.0 0.0 3.0 2.0 0.0 3.0 6.0 0.0 0.0 6.0 0.0
prism 0.0 0.0 5.0
split 0.0 4.0 0.0 0.0 1.0 0.0
end
case u_tilted
plane 0.0 0.0 0.0 0.0 0.0 1.0 1.0 0.0 0.0
wire P 8 0.0 0.0 0.0 9.0 0.0 0.0 9.0 6.0 0.0 6.0 6.0 0.0 6.0 2.0 0.0 3.0 2.0 0.0 3.0 6.0 0.0 0.0 6.0 0.0
prism 0.0 0.0 3.0
split 4.5 3.0 1.5 0.25 1.0 0.5
end
case stadium_height
plane 0.0 0.0 0.0 0.0 0.0 1.0 1.0 0.0 0.0
wire S 4 0.0 -1.0 0.0 L 3.0 -1.0 0.0 A 3.0 0.0 0.0 1.0 1 3.0 1.0 0.0 L 0.0 1.0 0.0 A 0.0 0.0 0.0 1.0 1
prism 0.0 0.0 2.0
split 0.0 0.0 0.75 0.0 0.0 1.0
end
case stadium_tilted
plane 0.0 0.0 0.0 0.0 0.0 1.0 1.0 0.0 0.0
wire S 4 0.0 -1.0 0.0 L 3.0 -1.0 0.0 A 3.0 0.0 0.0 1.0 1 3.0 1.0 0.0 L 0.0 1.0 0.0 A 0.0 0.0 0.0 1.0 1
prism 0.0 0.0 2.0
split 1.5 0.0 1.0 1.0 0.0 2.0
end
case stadium_arc_only
plane 0.0 0.0 0.0 0.0 0.0 1.0 1.0 0.0 0.0
wire S 4 0.0 -1.0 0.0 L 3.0 -1.0 0.0 A 3.0 0.0 0.0 1.0 1 3.0 1.0 0.0 L 0.0 1.0 0.0 A 0.0 0.0 0.0 1.0 1
prism 0.0 0.0 2.0
split 3.5 0.0 1.0 1.0 0.0 0.25
end
case stadium_vertical_arc
plane 0.0 0.0 0.0 0.0 0.0 1.0 1.0 0.0 0.0
wire S 4 0.0 -1.0 0.0 L 3.0 -1.0 0.0 A 3.0 0.0 0.0 1.0 1 3.0 1.0 0.0 L 0.0 1.0 0.0 A 0.0 0.0 0.0 1.0 1
prism 0.0 0.0 2.0
split 3.5 0.0 0.0 1.0 0.0 0.0
end
case stadium_tangent
plane 0.0 0.0 0.0 0.0 0.0 1.0 1.0 0.0 0.0
wire S 4 0.0 -1.0 0.0 L 3.0 -1.0 0.0 A 3.0 0.0 0.0 1.0 1 3.0 1.0 0.0 L 0.0 1.0 0.0 A 0.0 0.0 0.0 1.0 1
prism 0.0 0.0 2.0
split 4.0 0.0 0.0 1.0 0.0 0.0
end
case rounded_skew
plane 0.0 0.0 0.0 0.0 0.0 1.0 1.0 0.0 0.0
wire S 8 1.0 0.0 0.0 L 7.0 0.0 0.0 A 7.0 1.0 0.0 1.0 1 8.0 1.0 0.0 L 8.0 5.0 0.0 A 7.0 5.0 0.0 1.0 1 7.0 6.0 0.0 L 1.0 6.0 0.0 A 1.0 5.0 0.0 1.0 1 0.0 5.0 0.0 L 0.0 1.0 0.0 A 1.0 1.0 0.0 1.0 1
prism 0.0 0.0 3.0
split 4.0 3.0 1.5 1.0 1.0 2.0
end
case disc_wall_ellipse
plane 0.0 0.0 0.0 0.0 0.0 1.0 1.0 0.0 0.0
wire C 0.0 0.0 0.0 2.0
prism 0.0 0.0 4.0
split 0.0 0.0 2.0 1.0 0.0 4.0
end
case disc_through_caps
plane 0.0 0.0 0.0 0.0 0.0 1.0 1.0 0.0 0.0
wire C 0.0 0.0 0.0 2.0
prism 0.0 0.0 4.0
split 0.0 0.0 2.0 1.0 0.0 1.0
end
case disc_vertical
plane 0.0 0.0 0.0 0.0 0.0 1.0 1.0 0.0 0.0
wire C 0.0 0.0 0.0 2.0
prism 0.0 0.0 4.0
split 1.0 0.0 0.0 1.0 0.0 0.0
end
case slot_hole_tilted
plane 1.0 -2.0 0.5 0.0 0.6 0.8 1.0 -0.0 0.0
wire P 4 -4.0 -6.0 3.5 6.0 -6.0 3.5 6.0 2.0 -2.5 -4.0 2.0 -2.5
wire S 4 -1.0 -2.8 1.1 L 3.0 -2.8 1.1 A 3.0 -2.0 0.5 1.0 1 3.0 -1.2 -0.09999999999999998 L -1.0 -1.2 -0.09999999999999998 A -1.0 -2.0 0.5 1.0 1
prism 0.0 1.7999999999999998 2.4000000000000004
split 1.0 -2.0 2.0 0.25 0.5 1.0
end
case tilted_frame_in_cap
plane 1.0 -2.0 0.5 0.0 0.6 0.8 1.0 -0.0 0.0
wire P 4 1.0 -2.0 0.5 11.0 -2.0 0.5 11.0 6.0 -5.5 1.0 6.0 -5.5
prism 0.0 2.4 3.2
split 1.0 -2.0 0.5 0.0 3.0 4.0
end
case tilted_frame_height
plane 1.0 -2.0 0.5 0.0 0.6 0.8 1.0 -0.0 0.0
wire P 4 1.0 -2.0 0.5 11.0 -2.0 0.5 11.0 6.0 -5.5 1.0 6.0 -5.5
prism 0.0 2.4 3.2
split 1.0 -0.8 2.1 0.0 3.0 4.0
end
case reversed_offsets
plane 0.0 0.0 2.0 0.0 0.0 1.0 1.0 0.0 0.0
wire S 4 0.0 -1.0 2.0 L 3.0 -1.0 2.0 A 3.0 0.0 2.0 1.0 1 3.0 1.0 2.0 L 0.0 1.0 2.0 A 0.0 0.0 2.0 1.0 1
prism -0.0 -0.0 -3.0
split 1.0 0.0 0.5 1.0 1.0 2.0
end
