sq_height done 2
S above 299.99999999999994 319.99999999999994 5 5 3.5 6 12 8 1
S below 199.99999999999994 279.99999999999994 5 5 1 6 12 8 1
sq_tilted done 2
S above 250 311.80339887498945 6.6666666666666652 5 3.333333333333333 5 9 6 1
S below 249.99999999999994 311.80339887498945 3.333333333333333 5 1.6666666666666667 5 9 6 1
sq_skew done 2
S above 261.97222222222211 296.15463916701003 5.7792651892694318 6.7534858445551915 3.0880164705050728 7 15 10 1
S below 238.02777777777777 282.82130583367672 4.142344497607656 3.0701219512195119 1.8528319134865987 7 15 10 1
sq_vertical done 2
S above 299.99999999999994 280 7 5 2.5 6 12 8 1
S below 199.99999999999994 220 2.0000000000000004 5 2.5 6 12 8 1
sq_diagonal_edges done 2
S above 250 270.7106781186547 6.6666666666666652 6.6666666666666679 2.5 5 9 6 1
S below 250 270.71067811865476 3.3333333333333339 3.3333333333333339 2.4999999999999996 5 9 6 1
sq_through_corner done 1
S below 499.99999999999989 399.99999999999994 4.9999999999999991 4.9999999999999991 2.5 6 12 8 1
sq_in_cap done 1
S below 499.99999999999989 399.99999999999994 4.9999999999999991 4.9999999999999991 2.5 6 12 8 1
sq_corner_cut done 2
S above 71.333333333333286 176.12489168102761 7.0233644859813094 7.0233644859813094 4.2441588785046722 6 12 8 1
S below 428.66666666666663 368.12489168102786 4.66329704510109 4.66329704510109 2.2097589424572321 7 15 10 1
sq_miss done 1
S below 499.99999999999989 399.99999999999994 4.9999999999999991 4.9999999999999991 2.5 6 12 8 1
sq_hole_crossed done 2
S above 210 293.68836882866464 7.1243737599206334 5.9401165674603176 3.0246982473544968 11 27 18 1
S below 210 293.68836882866464 2.875626240079364 4.0598834325396824 1.9753017526455026 11 27 18 1
sq_hole_vertical done 2
S above 210 253.99999999999997 7.7857142857142856 4.9999999999999982 2.4999999999999991 10 24 16 1
S below 210 253.99999999999997 2.2142857142857135 5 2.5 10 24 16 1
u_two_sections done 3
S above 30 62 1.5 5 2.4999999999999996 6 12 8 1
S above 30 62 7.5 5 2.4999999999999996 6 12 8 1
S below 150 210 4.5000000000000009 1.8 2.5 10 24 16 1
u_tilted done 3
S above 20.250000000000004 46.310795313650644 1.583333333333333 4.822916666666667 1.6666666666666663 6 12 8 1
S above 33.752604166666671 64.460523058884334 7.5498707661445863 4.0935860466013407 1.6001031941979782 7 15 10 1
S below 71.997395833333343 128.61506837253498 3.8905532245813279 1.4745915017904296 1.4061946142438599 10 24 16 1
stadium_height done 2
S above 11.426990816987241 33.637166941154071 1.5 -9.7157951940830399e-18 1.375 6 12 8 1
S below 6.8561944901923448 27.495574287564274 1.5 -1.6192991990138398e-17 0.375 6 12 8 1
stadium_tilted done 2
S above 9.1415926535897913 30.272030184994058 2.362944902079291 4.9537428199398829e-17 1.2911509921472757 8 18 12 1
S below 9.1415926535897949 30.272030184994055 0.63705509792070902 -1.045777696595526e-17 0.70884900785272453 8 18 12 1
stadium_arc_only done 2
S above 1.2528501440887574 8.9595086082033664 3.6727060314235698 -9.4420641427748603e-15 1.2277888983104064 4 6 4 1
S below 17.030335163050818 40.894368723015354 1.3401631536575318 1.3103372647287376e-15 0.98324252862425965 8 18 12 1
stadium_vertical_arc done 2
S above 1.2283696986087564 8.8812615185328987 3.7050201618985663 -1.0390422211669712e-16 1 4 6 4 1
S below 17.054815608570827 40.896497633281363 1.3411838618568008 3.2548666901658513e-18 1 8 18 12 1
stadium_tangent done 1
S below 18.283185307179586 42.849555921538766 1.5 -1.0316162892807118e-17 1 7 15 10 1
rounded_skew done 2
S above 70.712388980391978 125.23254150134953 5.3115965793110806 3.6994947124209512 1.8522737941054643 10 24 16 1
S below 70.71238898039222 125.23254150134967 2.6884034206889242 2.3005052875790502 1.1477262058945366 10 24 16 1
disc_wall_ellipse done 2
S above 25.13274119094504 50.652230123738562 0.1250000005969516 -1.0817367450491131e-09 2.9843750007370269 3 3 2 1
S below 25.132741266491642 50.652230249246855 -0.12500000022121405 1.0817367910044309e-09 1.0156250014704336 3 3 2 1
disc_through_caps done 2
S above 25.132741008092772 55.470643260571848 0.50000000399883082 -7.9409474861132137e-09 2.7499999936235651 4 5 3 1
S below 25.132741267853376 55.470643661414897 -0.4999999985447488 1.0426734726734149e-09 1.2500000005338237 3 3 2 1
disc_vertical done 2
S above 9.8269575888700551 35.525046074131609 1.4100403237971322 1.5816820418922155e-16 2 5 9 6 1
S below 40.438524868566638 67.585990533125454 -0.34265360830018232 4.0637087457973614e-17 2 4 6 4 1
slot_hole_tilted done 2
S above 144.40239384248304 264.39081824264326 2.2190478222120129 -1.6209955130158729 2.6727702529041708 11 27 18 1
S below 122.17282820341275 245.33176770432158 -0.44085576412311767 -0.4842084171521967 0.55023245148185107 11 27 18 1
tilted_frame_in_cap done 1
S above 400 359.99999999999994 6 3.2000000000000002 -0.89999999999999991 6 12 8 1
tilted_frame_height done 2
S above 199.99999999999994 280 6.0000000000000018 3.8000000000000007 -0.099999999999999631 6 12 8 1
S below 200.00000000000003 280 5.9999999999999991 2.5999999999999996 -1.7 6 12 8 1
reversed_offsets done 2
S above 15.973819545495667 41.554542031591708 2.0087197836764128 0.086257243297604536 0.97850638706998172 7 14 9 1
S below 11.450958415123896 35.271356760945672 0.7903477831873118 -0.12032683985398689 -0.16750523453085514 6 12 8 1
