cc_loop_equal done 2 0
L open 0 1
p 1 2.2204460492503131e-16 -0.86602540378443893
p 0.87273962575251973 0.4881859393302781 -0.99993019535649819
p 0.50793760194869142 0.8613938656856821 -0.93241325646102979
p 0.0045349107956267135 0.99998971660596758 -0.86603133908638452
p -0.50025248665962296 0.86587957992341158 -0.9306622153917623
p -0.8682763280397463 0.49608079500524094 -0.9999922901429481
p -0.99996900878487049 0.0078694960930357181 -0.87052140232231912
p -0.93153949241586786 -0.36364021025355742 -0.50410870273447361
p -0.86602540384962312 -0.49999999988706273 -1.5028616939702811e-05
p -0.9315339221420984 -0.36365447307565468 0.50408426738084866
p -0.99996919926821359 0.007845939142441305 0.87050809086327208
p -0.86829230036798344 0.4960529083168625 0.99999221843850861
p -0.5002746667919763 0.86586676763051473 0.93066723867796985
p 0.0045104088883406255 0.9999898274635709 0.86603127521185586
p 0.50791823952079584 0.86140528360215529 0.93240882735231156
p 0.87273063786011984 0.48820200890850812 0.99993038605637319
p 1 -1.1102230246251565e-16 0.86602540378443837
L open 0 1
p 1 -2.2204460492503131e-16 0.86602540378443837
p 0.99397011383846401 -0.10965129958314164 0.79266972358105181
p 0.97810252631694339 -0.20812361959590711 0.70608848040482985
p 0.95584803051580369 -0.29386143031264589 0.60809869753380696
p 0.93066329706462336 -0.36587684369088247 0.50025722140814388
p 0.90595783476172786 -0.42336784002585315 0.3839164525429194
p 0.88505806749037519 -0.46548062964287623 0.26047486150948945
p 0.87099600076296368 -0.4912901667077702 0.13169599070779292
p 0.86602540378507553 -0.49999999999889699 -1.485095441998859e-06
p 0.87099621502601599 -0.49128978348455815 -0.1316988679632343
p 0.88505843178356258 -0.4654799377007417 -0.26047742682389186
p 0.90595820880608779 -0.42336703207122828 -0.38391839714120157
p 0.93066364160229553 -0.36587597504567843 -0.50025872420537409
p 0.95584828279622225 -0.29386060932965263 -0.60809976942729582
p 0.97810267462171918 -0.2081229210095773 -0.70608918087832317
p 0.99397015377753362 -0.10965093717455129 -0.79267000229772466
p 1 5.5511151231257827e-17 -0.86602540378443882
cc_loop_unequal done 1 0
L closed 0 1
p 1.1102230246251565e-16 1 -0.45825756949558405
p -0.3751894317875365 0.92694815949091169 -0.48361574051510314
p -0.69564511788750327 0.71838559965763582 -0.49329411799651346
p -0.89913347956442002 0.43767453111303828 -0.34455804607512891
p -0.9539392004879409 0.30000000299243601 -5.4780581327100987e-05
p -0.89916990635858873 0.43759967987095894 0.34447933162037958
p -0.69572663904758603 0.71830665010121575 0.49328104953932861
p -0.37525283000155424 0.9269224959971879 0.48362247454092744
p -4.6541701495472205e-05 0.99999999891692337 0.4582575699681819
p 0.37515953133789542 0.92696026131511688 0.48361256172593386
p 0.6956301484415367 0.71840009496175194 0.49329651608760294
p 0.89912926986793296 0.43768318289892572 0.34456714026456914
p 0.95393920024827172 0.30000000373205571 6.1119290965330465e-05
p 0.89916962912644505 0.43760024973910605 -0.34447993156254986
p 0.6957207594345769 0.71831234482407247 -0.4932819925391756
p 0.37523831859335954 0.92692837067776146 -0.48362093463506645
p 1.1102230246251565e-16 1 -0.45825756949558405
cc_rings done 4 0
L open 0 1
p 2 1.1102230246251565e-16 0.86602540378443926
p 1.9970297452238503 -0.10896030299678433 0.79320073916830347
p 1.9892252587195602 -0.20732309152170031 0.70689039717031532
p 1.9783558421114997 -0.2934419117391866 0.60864597483315219
p 1.9662326249266127 -0.36596347874894525 0.50010723338690233
p 1.9545944279931313 -0.42374594048685776 0.3830057974882678
p 1.9449966696215477 -0.46581962973823055 0.25921503305242632
p 1.9386894414419844 -0.49140949415179136 0.1307946057743081
p 1.936491673103711 -0.49999999999998895 -1.5165607917068827e-07
p 1.9386894525153826 -0.49140945154604071 -0.13079493021755906
p 1.9449966904608209 -0.46581953819319 -0.25921537131388966
p 1.9545944565853519 -0.42374580867273071 -0.38300611465132273
p 1.9662326502601126 -0.36596334271337183 -0.50010746898989011
p 1.9783558615462633 -0.29344178008639543 -0.60864614607765932
p 1.9892252707519467 -0.20732297661983207 -0.7068905125218542
p 1.9970297476697054 -0.10896023786144844 -0.79320078805547367
p 2 0 -0.86602540378443893
L closed 0 1
p -1.3228756555322951 1.5 -2.2204460492503131e-16
p -1.4067708369320284 1.4216173213002903 0.38809987627243764
p -1.5848910637056375 1.2198853850924505 0.69409299733078977
p -1.7728631966117823 0.92571922058757072 0.90485531413479736
p -1.9205547342830787 0.55809455525052742 0.99831103745010796
p -1.9933900659302983 0.16246860388218404 0.94131427375154741
p -1.9914930439069634 -0.18427005903945237 0.72922869033296134
p -1.9559408239516052 -0.41748711622873458 0.39776550698493363
p -1.9364916731070556 -0.49999999998703448 -5.0921803705348216e-06
p -1.9559416882595384 -0.41748306693795967 -0.39777484640875571
p -1.9914937206126446 -0.184262746288746 -0.72923555269304985
p -1.9933893644500056 0.16247720613635727 -0.94131735629385649
p -1.9205511274137537 0.55810694612886647 -0.99831036676917961
p -1.7728584626459241 0.92572828931266427 -0.90485104884647483
p -1.5848875448755328 1.2198899555626583 -0.69408825253709094
p -1.4067690785802138 1.4216190611328434 -0.38809574476620834
p -1.3228756555322951 1.5 -2.2204460492503131e-16
L open 0 1
p 2 1.9428902930940239e-16 -0.86602540378443893
p 1.9960918581436422 0.12496920170825102 -0.92701235972666352
p 1.983460335089883 0.25668093047725149 -0.9699463020723178
p 1.9612354795208256 0.39186144399173722 -0.99413583416655016
p 1.9292778141245561 0.52714999170810062 -0.99963137268378954
p 1.8881465243868543 0.65947143378922202 -0.9872024991589583
p 1.8389420523994953 0.78631560402153 -0.95813539524477154
p 1.7830981179415475 0.90584824092416671 -0.91394046238012527
p 1.7222399238488948 1.0168036277353902 -0.85610399498988077
p 1.6580860660267143 1.1183696079774657 -0.78588743014326856
p 1.5924749328298617 1.2099684348235251 -0.70423352612836321
p 1.5274619611720377 1.2910693016368375 -0.61172652232240055
p 1.4655039600676865 1.3609916035652796 -0.50861917351086583
p 1.4097240538208764 1.4186888624638083 -0.39498199288304664
p 1.3641628075644885 1.4625525389249685 -0.27109524672900548
p 1.333688908728623 1.4903938970848607 -0.13827489791030295
p 1.3228756555322947 1.5000000000000004 -2.2204460492503131e-16
L open 0 1
p 1.3228756555322947 1.5000000000000002 -2.4492935982947064e-16
p 1.3336846962430267 1.4903976636639047 0.13824790793196134
p 1.3641476665633552 1.4625666617390558 0.27104509729716508
p 1.4096928234182264 1.4187198952027318 0.39490980574522899
p 1.465455556207103 1.3610437227287928 0.50853093740505506
p 1.5273965909296101 1.2911466378063874 0.61162650167386312
p 1.59239410253373 1.2100748130374481 0.70412627285371876
p 1.6579923795542224 1.1185084934802485 0.7857781309905516
p 1.7221368122987291 1.0169782576884663 0.85599854815204424
p 1.7829898545873071 0.90606131236968979 0.91384581210318783
p 1.838833642279496 0.78656909975309763 0.9580596112512223
p 1.8880438361107075 0.65976535804313119 0.98715496926679325
p 1.9291970874310538 0.52744536608710224 0.99962329620574975
p 1.9611949352574412 0.39206430146667137 0.99415788288636031
p 1.9834408095897389 0.2568317781832864 0.96998412688589908
p 1.996087215684565 0.12504328173844345 0.92704232181505264
p 2 3.8857805861880479e-16 0.86602540378443915
cc_rings_crossing done 4 0
L open 0 1
p 2 -1.1102230246251565e-16 1
p 1.990153938959714 -0.19821024423820111 0.98015952853368637
p 1.9622021959345677 -0.38699165987015116 0.92208321699883689
p 1.9204013797555537 -0.55862207881552872 0.82942232274389638
p 1.8706091378680061 -0.70768735578278374 0.7065257307030387
p 1.8195703072263885 -0.8301589425338507 0.55752679739219868
p 1.7746311873916851 -0.92232542257733141 0.38641401267525799
p 1.7433472992761629 -0.98017353667623641 0.19814092419533519
p 1.7320508090084603 -0.99999999750633572 7.0619805085374068e-05
p 1.743331664791389 -0.98020134422438021 -0.19800331548649686
p 1.7746033808520405 -0.92237892150727308 -0.38628629413011223
p 1.8195354579680507 -0.83023532063670291 -0.55741305333109181
p 1.8705726741421409 -0.70778377232191725 -0.70642914315687089
p 1.9203681128649197 -0.55873634811232664 -0.8293453415742158
p 1.9621891993474172 -0.38705751926292919 -0.92205555515994519
p 1.9901500048403158 -0.19824986564621949 -0.98015155858056824
p 2 -3.3306690738754696e-16 -1
L closed 0 1
p -1.732050807568877 1.0000000000000002 -2.2204460492503131e-16
p -1.7746407267669646 0.9223070664586146 0.38645782589626948
p -1.87064227617489 0.70759979661935024 0.70661342366663116
p -1.9622400332611805 0.38679978325672626 0.92216372781376688
p -1.9999999885163438 -0.00021432259155291502 0.99999997703239363
p -1.9621599154735405 -0.38720597696474612 0.92199324032406205
p -1.870542479044794 -0.70786352844196088 0.70634922438486647
p -1.7745760546047229 -0.92243149508597821 0.38616073205869461
p -1.7320508230239768 -0.99999997322851197 -0.00023138964693586391
p -1.7746671655970774 -0.92225619278159932 -0.38657921701558207
p -1.8706619842858518 -0.70754769318423039 -0.70666559599031364
p -1.9622433237147048 -0.386783090358366 -0.92217072943666611
p -1.999999992361726 0.00017479357788521721 -0.99999998472325657
p -1.9621773586676452 0.38711757340825304 -0.92203036186003651
p -1.8705825958690816 0.7077575096601304 -0.70645545450713221
p -1.7746180350837466 0.92235072831610987 -0.38635360519541295
p -1.732050807568877 1.0000000000000002 -2.2204460492503131e-16
L open 0 1
p 2 -9.1848509936051484e-17 -1
p 1.9975122754903052 0.099723153969484946 -0.99501522083772487
p 1.9901535646455275 0.19821400254747368 -0.98015876851111661
p 1.978225618119156 0.29431853781424544 -0.95570737956184182
p 1.9622008173505443 0.38699864977371456 -0.92208028335427694
p 1.942691042079459 0.47534341200512448 -0.87980032758085014
p 1.9203986695806163 0.55863139564509123 -0.82941604771410082
p 1.8960949908783162 0.6362576217946494 -0.77147665442857893
p 1.8706051594146105 0.70769787184737065 -0.70651519719212974
p 1.8447942829633752 0.7724856646210877 -0.63503220331057197
p 1.8195655596784068 0.8301693483041781 -0.55751130285984396
p 1.7958567648294306 0.88028318975873543 -0.47444863376268692
p 1.7746266369809627 0.92233417790896099 -0.38639311402688514
p 1.756825959362142 0.95580467338076569 -0.29400243639414309
p 1.7433420359586742 0.98018290697572086 -0.19809458617114831
p 1.7349178316731872 0.99501765005090714 -0.099698936404991778
p 1.732050807568877 1.0000000000000002 -2.2204460492503131e-16
L open 0 1
p 1.732050807568877 1.0000000000000002 -2.4492935982947064e-16
p 1.7349173215766964 0.99501853948947971 0.099690059272072917
p 1.7433400628643687 0.98018641631252346 0.19807722103808048
p 1.7568217322428126 0.95581244285579858 0.29397717640018606
p 1.7746195970697007 0.92234772172315116 0.38636078498723631
p 1.7958466744613228 0.88030377675615001 0.47441043511718051
p 1.8195523783042113 0.83019823714382368 0.55746828313034691
p 1.8447782640515187 0.77252392066536379 0.63498566387843236
p 1.8705868546784286 0.70774629402738087 0.70646669132932238
p 1.8960751640963383 0.63631672550280416 0.77142791138385947
p 1.9203777735370329 0.55870314346445005 0.82936771083392524
p 1.9426741049355114 0.47541285127078753 0.87976286527971015
p 1.9621941154336555 0.38703259627448949 0.9220660168291539
p 1.9782222492706252 0.29434114941964273 0.95570039806116203
p 1.9901513393363728 0.19823646871274142 0.98015426820666463
p 1.9975115168879793 0.099738078497963414 0.99501367783425354
p 2 1.5308084989341916e-16 1
cc_tangent_point done 0 1
P 0 1 0
cc_figure_eight done 3 0
L open 0 1
p 2 5.5511151231257827e-17 -1.6130979996198391e-08
p 1.9997646923535195 0.030678694912432178 -0.24579707245803434
p 1.9963474620072839 0.12081732474221714 -0.47648484725291451
p 1.9824130726120344 0.26464763406759628 -0.67768494545711455
p 1.9483091578201852 0.4517647405749402 -0.83632415015108286
p 1.8856874658642739 0.66647038942562431 -0.94273962448955584
p 1.7912059921856334 0.88970842973744679 -0.99389925030370507
p 1.6674277141432554 1.1043934151717274 -0.99453606503553982
p 1.5201197213821653 1.2997061321396237 -0.95403156881163065
p 1.3553900818603233 1.4706861547434191 -0.88230071189444859
p 1.1781412592966549 1.6161631193986805 -0.78761860000248196
p 0.99223852966236181 1.7365087438039368 -0.6764279727947542
p 0.80004940290584337 1.8330087356574136 -0.55325988552116201
p 0.6033771612076213 1.9068130340059775 -0.42153301576840685
p 0.40375176650654288 1.9588222364878054 -0.28400694715153912
p 0.202361860068379 1.9897360656198777 -0.14290725122046297
p 1.2246467991473532e-16 2 -2.2204460492503131e-16
L closed 0 1
p 0 2 -2.2204460492503131e-16
p -0.40378993364382987 1.9588143678285213 0.28403350517533693
p -0.8001198613343502 1.832977978704899 0.55330618513986218
p -1.1782456539944814 1.6160870087164489 0.78767812817883398
p -1.5202399949878058 1.2995654494549422 0.95407575249354803
p -1.7912921064841174 0.88953504500520064 0.99388001481446508
p -1.9483276185531364 0.45168507139321346 0.83627188721445944
p -1.9963482219095416 0.12080473159143723 0.4764616278517535
p -1.9999999998278688 6.7010145533244509e-10 -3.3323092733583432e-05
p -1.9963463949846081 0.12083485598793939 -0.47651720330432878
p -1.9483031045418533 0.45179084553705462 -0.83634126214577353
p -1.7911942653864228 0.88973203833028736 -0.99390186981372697
p -1.520106328905015 1.2997217956419054 -0.95402664802831427
p -1.1781296045509579 1.6161716153526064 -0.78761195346206481
p -0.8000410954036461 1.8330123615945877 -0.5532544261405683
p -0.40374748554077811 1.9588231188753811 -0.28400396815358209
p 0 2 -2.2204460492503131e-16
L open 0 1
p 1.2246467991473532e-16 2 -2.4492935982947064e-16
p 0.20238195535392026 1.9897340229315594 0.14292140690138738
p 0.40379603686434884 1.9588131096992223 0.28403775221145833
p 0.60344271649402448 1.9067922907855108 0.42157764210449888
p 0.80013170458667049 1.8329728089155481 0.55331396794319165
p 0.99233638396668478 1.7364528303354874 0.67648885602638753
p 1.1782622706964807 1.6160748937817928 0.78768760377262892
p 1.3555247926633407 1.4705619941802506 0.8823669365144815
p 1.520259086280157 1.2995431160087301 0.95408276457285057
p 1.6675427553406956 1.1042196944894989 0.9945542827132724
p 1.7913088200329419 0.88950138747311724 0.99387627336589723
p 1.8857472610165917 0.66630118208819133 0.94267974399245325
p 1.9483362433170248 0.45164786714439931 0.8362474924663662
p 1.9824234804016421 0.26456957579957086 0.67760019787929393
p 1.9963490036475844 0.12079182688464825 0.47643785452723164
p 1.9997647945934727 0.030672648664881581 0.24577315808736319
p 2 0 3.6739403974420589e-16
cc_empty done 0 0
cc_oblique_loop done 2 0
L open 0 1
p 1 2.2204460492503131e-16 -0.36930639376291552
p 0.77353111529745511 0.63375831902007029 -0.53240113024779201
p 0.21756969857822495 0.97604478540378659 -0.75491060473869509
p -0.26724713993226462 0.96362802449996621 -1.2579388590803147
p -0.6296258600425384 0.77689849914524078 -1.8316058710923584
p -0.92392029852849944 0.38258494234230528 -2.3256486489555415
p -0.97047518877958028 -0.24120100138538528 -2.2023206264315855
p -0.81567128558543245 -0.57851564247435427 -1.6075826779220179
p -0.67958882915447516 -0.73359322836452967 -0.93471372807457764
p -0.72338322272148625 -0.69044674792843042 -0.24263398524239596
p -0.96382575105667045 -0.26653315674941691 0.24711892222757992
p -0.92324447990922709 0.38421300031995509 0.47817399421216766
p -0.46777375775613217 0.88384822585538703 0.62606022624363378
p 0.08444673200081769 0.99642799570403562 1.0255580401433326
p 0.48514729287175618 0.87443243516671554 1.5897595443409576
p 0.80985048617607114 0.58663633239287294 2.1415231008134192
p 1 2.2204460492503131e-16 2.3693063937629155
L open 0 1
p 0.99999999999999989 0 2.3693063937629155
p 0.98350649476402752 -0.18087271316740205 2.2597107685518374
p 0.94639975778294649 -0.32299767250080541 2.1054283731251293
p 0.900211817552803 -0.43545230091101561 1.9299255301235445
p 0.85058927401184747 -0.52583067642252446 1.7428748461768186
p 0.8008396360350154 -0.59887885887860193 1.5483751742675813
p 0.75364990792927311 -0.65727605473144757 1.3483770219072373
p 0.71197977689196468 -0.70219996871865797 1.1439872354389355
p 0.67966652892842661 -0.73352124086160608 0.93534587387139068
p 0.66248481366112622 -0.74907534570844536 0.72328689768093679
p 0.66850260599838174 -0.74370979934932924 0.51013068446104604
p 0.70554287370396773 -0.70866723713922153 0.30315716802446541
p 0.77228636342426582 -0.63527453600284922 0.11457979010016278
p 0.85324036316474738 -0.52151787190107268 -0.046493119565663453
p 0.92815676691054838 -0.37218955052841368 -0.17898382656124007
p 0.98077126544465121 -0.19516075495193255 -0.28558721658050251
p 1 1.1102230246251565e-16 -0.36930639376291557
cc_tilted done 4 0
L open 0 1
p 2.5 2.7299090833947006 3.9732121111929342
p 2.4944505315538916 2.5860795819497802 3.9962882634079513
p 2.479671458542386 2.4410525867372703 3.9982610956532882
p 2.4587784506161641 2.2979938167612461 3.9793842467192171
p 2.4350782538543378 2.1595443941172228 3.9402605880958474
p 2.4118893203526293 2.0280694144005924 3.8816357172213651
p 2.3923890768126785 1.9059406148044593 3.8044211866522204
p 2.3793581564541042 1.7956974692568599 3.7098999768371987
p 2.3747727084975727 1.7000042257335226 3.6000056342700262
p 2.3793571417331467 1.6212989441669565 3.4773724456704289
p 2.3923868739366609 1.5614256370591366 3.3450770455399481
p 2.4118869369388785 1.5214923970036835 3.2062107773936779
p 2.435076168553937 1.5020230600407101 3.0635768928165619
p 2.4587769666007726 1.5032286402860355 2.9197076757390019
p 2.4796706643375988 1.5251626765897026 2.7770825115944464
p 2.4944503034368628 1.5676644251797891 2.6384057887151986
p 2.5 1.630090916605299 2.5067878888070654
L closed 0 1
p 0.1000000000000002 3.5 2.9999999999999996
p -0.15780829459105722 3.442576329415993 3.3339907895183778
p -0.36853916171586582 3.2573571101344454 3.6530009190493131
p -0.48561268358983339 2.9345540306390876 3.9006457615542809
p -0.48899194913870248 2.5230609347780901 3.9997340478897323
p -0.42641835364993197 2.1108266051000446 3.9211645112259017
p -0.37708172772618309 1.7660549013566564 3.6792087990439759
p -0.39624811397898835 1.5508067043913836 3.3146936255210906
p -0.46220416537437009 1.505219329449949 2.8979636346547188
p -0.49996088107898745 1.6359658349120245 2.4965668368954463
p -0.43939715536774082 1.9177951586906943 2.1869578670308658
p -0.26822578801441921 2.2711547239422631 2.0265372049284371
p -0.027527595142175482 2.6215465119295094 2.007414261173317
p 0.23717590426337443 2.9414851275371938 2.1027314513577826
p 0.44823254647800032 3.2349362141178224 2.3218637725620295
p 0.35601072785215332 3.4422746660469801 2.665159161691812
p 0.1000000000000002 3.5 2.9999999999999996
L open 0 1
p 2.5 1.6300909166052993 2.5067878888070649
p 2.4894295950628704 1.737214345233062 2.3533485749429111
p 2.4560158001659342 1.8689303886599054 2.2242737856630201
p 2.3997608697689086 2.0171463731438051 2.1242989240975456
p 2.3234578933888876 2.1735974092852732 2.0547691529939276
p 2.2312030471493989 2.3317195703878673 2.0142608363358478
p 2.1272019118224215 2.4871301781423729 2.000082844712507
p 2.0152757328267601 2.6373322009040852 2.0094749618408754
p 1.8989781032962059 2.7812259835678073 2.0403584181410039
p 1.7822943275989849 2.9187287658750085 2.0918886437697082
p 1.6712733747660311 3.0507798396344059 2.1653494240579803
p 1.5791309680989263 3.179042478980302 2.2659010262214734
p 1.5385178776402437 3.3006215864436861 2.4008296776467826
p 1.5799531714109021 3.3957155877260017 2.5553725320394687
p 1.6723163231981926 3.4559378307481232 2.7064308037074287
p 1.7832920474221565 3.4892196223629828 2.853560405462737
p 1.9000000000000001 3.5 2.9999999999999996
L open 0 1
p 1.8999999999999999 3.5 2.9999999999999996
p 1.9583925743084507 3.4973134581984664 3.0732524115130548
p 2.016136439974316 3.4891942078909794 3.1466110096965147
p 2.0727855638064847 3.4754983298436013 3.2200068607396943
p 2.1278973049635246 3.456029691685985 3.2932699280021369
p 2.1810222508857073 3.4305593799129812 3.3661409615777327
p 2.2316998125895 3.3988395261085191 3.4382779124474339
p 2.2794576058915226 3.3606135339125736 3.5092586478361807
p 2.3237965133636966 3.3156431336192878 3.578555334278231
p 2.3641508241302578 3.2638030493864818 3.6454493757017978
p 2.3999791777324901 3.2050680627214385 3.7091396652350666
p 2.4307767090074623 3.1395727183389992 3.7687306011934329
p 2.4561198825475783 3.0676512594140526 3.8232691249259227
p 2.4757156305671861 2.989869794323524 3.8717955976944478
p 2.4894552321964505 2.9070040973787865 3.9134263299861787
p 2.4974427132108437 2.8200023666151051 3.9474167464512759
p 2.5 2.7299090833947015 3.973212111192935
cc_near_tangent done 3 0
L open 0 1
p 6.123233995736766e-17 1 0.0019531247671692828
p 0.00032293210532427378 0.99999994787433344 0.0018989894811281265
p 0.00061442440966938384 0.99999981124092507 0.0017491886317597594
p 0.00085842912985509084 0.99999963154906824 0.0015299974914935852
p 0.0010522127878432525 0.99999944642407101 0.0012650663935823477
p 0.0011983124893478966 0.99999928202418431 0.00097097449983836112
p 0.0013002277350703138 0.99999915481210888 0.00065838037915518432
p 0.0013606375320362307 0.99999907440511659 0.00033425715552261206
p 0.0013810609116157815 0.99999904632332492 4.6967672397201583e-06
p 0.0013619445225829252 0.99999907255337361 -0.00032471801883106853
p 0.0013026626311154409 0.99999915154842334 -0.00064891360726398355
p 0.0012015175031607763 0.99999927817575274 -0.00096302002685816107
p 0.0010557410410963503 0.99999944270584318 -0.0012591737073969699
p 0.00086185045761890734 0.99999962860628178 -0.001526145864432794
p 0.00061723229828274974 0.99999980951185174 -0.0017472104721258592
p 0.00032455868499715261 0.99999994734796538 -0.0018984349043641266
p 6.123233995736766e-17 1 -0.0019531247671687932
L open 0 1
p 6.114900252818245e-17 1 -0.0019531247671687932
p -0.00016422496972849708 0.99999998649663613 -0.0019392571534717902
p -0.00032395771978304408 0.9999999475430752 -0.0018986403252707323
p -0.00047549620161465309 0.99999988695281761 -0.0018337135580933238
p -0.00061619575261843962 0.99999981015098027 -0.0017479419661481691
p -0.00074474482285922421 0.9999997226776608 -0.0016448122337778875
p -0.00086058492593213735 0.99999962969616663 -0.0015275734691042203
p -0.00096372003829221786 0.99999953562244581 -0.0013989953358838026
p -0.0010544326039167661 0.99999944409332975 -0.0012613676831774354
p -0.0011331171420343523 0.99999935810523632 -0.001116626267753976
p -0.0012002579508609531 0.99999927979841785 -0.00096618207537897476
p -0.001256305042860416 0.99999921089159916 -0.0008112168645958331
p -0.0013016396078686984 0.99999915280083074 -0.00065277043561113332
p -0.0013365740130938646 0.99999910663948899 -0.00049174063029464
p -0.0013613518031160886 0.99999907321827686 -0.00032888333217929793
p -0.0013761476998876536 0.99999905304522352 -0.00016481246646123375
p -0.0013810676027329492 0.99999904632568359 2.45029690981724e-16
L open 0 1
p 6.114900252818245e-17 1 0.0019531247671692831
p -0.00016422496972844319 0.99999998649663613 0.0019392571534722915
p -0.00032395771978293919 0.9999999475430752 0.0018986403252712564
p -0.00047549620161450537 0.99999988695281739 0.0018337135580938882
p -0.00061619575261827059 0.99999981015098027 0.0017479419661487793
p -0.00074474482285903708 0.99999972267766091 0.0016448122337785443
p -0.00086058492593196344 0.99999962969616663 0.001527573469104912
p -0.00096372003829204688 0.99999953562244592 0.001398995335884518
p -0.001054432603916623 0.99999944409332975 0.0012613676831781772
p -0.0011331171420342506 0.99999935810523632 0.0011166262677547044
p -0.001200257950860883 0.99999927979841785 0.00096618207537966508
p -0.0012563050428603673 0.99999921089159916 0.00081121686459648167
p -0.0013016396078686613 0.99999915280083074 0.00065277043561174871
p -0.001336574013093833 0.99999910663948899 0.00049174063029523338
p -0.0013613518031160609 0.99999907321827708 0.00032888333217987456
p -0.0013761476998876332 0.99999905304522352 0.00016481246646178385
p -0.0013810676027329492 0.99999904632568359 2.4492935982947064e-16
cc_near_figure_inside done 4 0
L open 0 1
p 1.9999999999999978 -9.4398260398046126e-08 0.0013109353048580156
p 1.9999999999999782 -2.9579106410764081e-07 0.0011470684687497927
p 1.9999999999999447 -4.7033150435672179e-07 0.00098320160184010635
p 1.9999999999999045 -6.1801957799947847e-07 0.00081933470852913783
p 1.9999999999998634 -7.388552795457822e-07 0.00065546779321708909
p 1.9999999999998264 -8.3283860631697642e-07 0.00049160086030415758
p 1.9999999999997975 -8.9996955573757051e-07 0.0003277339141905661
p 1.9999999999997791 -9.4024812610634678e-07 0.00016386695927655658
p 1.9999999999997722 -9.5367431662357705e-07 -3.7646142171492147e-14
p 1.9999999999997793 -9.4024812616171066e-07 -0.00016386695935183517
p 1.9999999999997979 -8.9996955578378378e-07 -0.00032773391426581619
p 1.9999999999998264 -8.3283860616834246e-07 -0.00049160086037938733
p 1.9999999999998632 -7.3885527949170317e-07 -0.00065546779329232697
p 1.9999999999999041 -6.1801957794289667e-07 -0.0008193347086044078
p 1.9999999999999445 -4.7033150428738198e-07 -0.00098320160191540332
p 1.9999999999999782 -2.9579106419585538e-07 -0.0011470684688250966
p 1.9999999999999978 -9.4398260342534975e-08 -0.0013109353049332658
L closed 0 1
p -0.0019531247671689123 1.9999990463256836 -2.2204460492503131e-16
p -0.35428344813673002 1.9683707143329419 0.24951214869759281
p -0.75528982719118987 1.8519010016242912 0.52370130964237549
p -1.1393774402509627 1.6437211212535554 0.76525937150134715
p -1.4891136901192963 1.3351181116362278 0.94217578636953847
p -1.7710125639984657 0.92925480837652208 0.99749448704733146
p -1.9401769798104624 0.48550310493117849 0.85749280385166493
p -1.9951704660326 0.13890586860398935 0.50844717551640595
p -1.9999999218190097 0.00053730560639364913 0.032806067383820275
p -1.9971139690582111 0.10740489460712671 -0.45086102982405812
p -1.9529334935262714 0.43133598668055556 -0.8225705512781869
p -1.8004699533776718 0.87080878850376864 -0.9916198195076904
p -1.5310039217332987 1.2868671232620683 -0.95797010061984689
p -1.1879571947090286 1.6089616928467589 -0.79319891496749384
p -0.8071686680725294 1.8298849197372724 -0.55793323785135451
p -0.40772881035666531 1.9579983015106734 -0.28677083520263524
p -0.0019531247671689123 1.9999990463256836 -2.2204460492503131e-16
L open 0 1
p 2 1.1102230246251565e-16 -0.0013810676028932489
p 1.999760211051937 0.030969427211612159 -0.24694450895758774
p 1.9963189947516453 0.12128679318905539 -0.47735182215292249
p 1.9823418923534997 0.26518028194591842 -0.67826349667436392
p 1.9481961989223617 0.45225161654341051 -0.83664373348764909
p 1.8855620238174877 0.66682520360776854 -0.94286541567032689
p 1.7911168667746633 0.88988783895312973 -0.99391925194420017
p 1.6674253446583562 1.1043969927834583 -0.9945355920348411
p 1.5202412117445279 1.2995640259503598 -0.95407590001082643
p 1.3556583719770816 1.4704388524871232 -0.88243208826216568
p 1.1785636212300306 1.6158551416963121 -0.78785868921572577
p 0.99267245249849279 1.7362607285669689 -0.67669687735861028
p 0.80046400521022498 1.832827722777429 -0.55353090395840487
p 0.60383885513050528 1.9066668685167818 -0.42184522847572548
p 0.40427272218902077 1.9587148083789139 -0.28436626775099011
p 0.20278185866737553 1.989693321598224 -0.143196526688115
p 0.0019531247671682724 1.9999990463256836 -2.2204460492503131e-16
L open 0 1
p 0.0019531247671682724 1.9999990463256836 -2.4492935982947064e-16
p 0.15238801717165507 1.994186021618175 0.10766734814692894
p 0.3574607263395187 1.9677961941311384 0.2517313669817336
p 0.56084221226854936 1.9197541439025656 0.39249274799380973
p 0.76147264027597616 1.8493673141541864 0.52780067267265318
p 0.95784800087938682 1.7557127190676156 0.65490215781738992
p 1.1480823791275376 1.6376528689648098 0.77032306034631859
p 1.3297850323818252 1.4938781013391531 0.86953060846115471
p 1.4992041379781382 1.3237775204042515 0.94613291878570116
p 1.6513660412051832 1.128268675077913 0.99173933573267758
p 1.7800180276414097 0.91188586250928849 0.99611046568586192
p 1.8789247599876568 0.68530412929049078 0.94919286992327701
p 1.9449811135753601 0.4658845334416522 0.84541210763808272
p 1.9811957906178272 0.27361128919084843 0.68728505727894529
p 1.9960727649721517 0.12527379022116217 0.48461916367768648
p 1.9997439822953329 0.032000130258160467 0.25095438383270302
p 2 5.5511151231257827e-17 0.0013810676028133142
cc_near_figure_outside done 1 0
L closed 0 1
p 2.2204460492503131e-16 2 -0.0013810676027332658
p -0.49867833482829893 1.9368324455806842 0.34978103703418528
p 0.38548333660153067 1.9624990718045816 0.27128838268409772
p 0.8114497451086452 1.8279905167332766 0.5607435321870704
p 1.2159415531396451 1.5879188065337242 0.80892063764050093
p 1.5750429375090929 1.2325744235522775 0.97257880536160468
p 1.8429241515505166 0.77693665713429261 0.97480373570040069
p 1.9733797667945083 0.32522653286130343 0.7380240401911029
p 1.9995174497833015 0.043929442674020318 0.29313342557378747
p 1.9998076943267371 0.02773326750840575 -0.23387075197295731
p 1.9800960159356833 0.2814600049038829 -0.69548464675134358
p 1.8652638035222671 0.72165847395795513 -0.96048188783712707
p 1.6115619012506153 1.1844273877705507 -0.98284631844962966
p 1.2601908242595219 1.5530354268811446 -0.83315836845213664
p 0.85934557734471395 1.8059693190567745 -0.59195861167797492
p 0.4350227050652824 1.952115607813057 -0.30574130884694772
p 2.2204460492503131e-16 2 -0.0013810676027332658
cs_loop done 2 0
L open 0 1
p 1 -2.2204460492503131e-16 -0.86602540378443849
p 0.98814211324977297 -0.15354204324601856 -0.84523744151644653
p 0.95591673234120089 -0.29363787666919217 -0.78597086178087516
p 0.91119137324537314 -0.41198335044100243 -0.69539493844424571
p 0.86257734673344144 -0.50592517275562343 -0.58114718212616645
p 0.81739164547866094 -0.57608238700911141 -0.4496386683292789
p 0.78121115003762709 -0.62426689043609285 -0.30599582857290225
p 0.75795998331986358 -0.65230103795657379 -0.15453140822145656
p 0.75000017042801792 -0.66143763204233019 0.00071717183080992168
p 0.75809481117312139 -0.65214435332405785 0.15583463484011198
p 0.7814280045276436 -0.62399541264176916 0.30705701832283094
p 0.81762736258697177 -0.57574777232670338 0.45042434059250741
p 0.86279315847723193 -0.50555704445941296 0.58170394753643662
p 0.91135337002134298 -0.41162487093290245 0.69574428580957193
p 0.95600654749159708 -0.2933453302518757 0.78614225250085368
p 0.98816808756788255 -0.15337478848365435 0.84528353556731983
p 1 -2.2204460492503131e-16 0.86602540378443849
L open 0 1
p 1 -2.4492935982947064e-16 0.8660254037844386
p 0.98815763211100593 0.15344213583063071 0.84526498153741669
p 0.95597037216665881 0.2934631985086586 0.78607322525284506
p 0.91128826118612305 0.41176899253951771 0.69560390079536316
p 0.86270654417683634 0.50570482777639403 0.58148055919618147
p 0.81753000448688129 0.57588600582075866 0.45010000358830415
p 0.78132910899034225 0.62411923786611478 0.30657352652041248
p 0.75803090938256634 0.65221863139715686 0.15521831102343253
p 0.75000000000001732 0.66143782776612836 2.2876481666495413e-07
p 0.75803075498610162 0.65221882668848041 -0.15521670771639262
p 0.78132853352525355 0.62411995667628428 -0.30657071809954173
p 0.81752934228420004 0.57588694588618106 -0.45009779673094114
p 0.86270593169738397 0.5057058726328213 -0.58147897922858527
p 0.91128780146167321 0.41177000995780932 -0.69560290944397796
p 0.95597011729406089 0.29346402876780675 -0.78607273889964224
p 0.98815755840448716 0.15344261049510308 -0.84526485073843505
p 1 -2.4492935982947064e-16 -0.8660254037844386
cs_viviani done 4 0
L open 0 1
p 2 -4.8985871965894128e-16 0
p 1.9857688313441306 0.16810664110525697 0.16870796013628778
p 1.9432800171226678 0.331998177394914 0.33680845514691049
p 1.8731579155195894 0.48743744062411104 0.50367070847039375
p 1.7764798418938854 0.63014210611003341 0.66861075537403403
p 1.6548218127884886 0.75578329716795389 0.83087686964976681
p 1.5103604224145508 0.85996060461627843 0.98958534736495751
p 1.3459763962094244 0.93824321109501474 1.1436989043201331
p 1.1654116586327989 0.98622461128158057 1.2919662088144357
p 0.97345759062405124 0.99964768410360061 1.4328589652294919
p 0.77620564362147715 0.97463638797772667 1.5644771375062785
p 0.58125396792249595 0.9081033944820105 1.6844856971909059
p 0.39785624659023588 0.79838769506241292 1.7900523754728601
p 0.23685774427138753 0.64623052223512778 1.8778403852838892
p 0.10995944634401976 0.4558813714853352 1.9442430675027198
p 0.02825575511997365 0.23603628539416019 1.9858218672573247
p 3.4609617254684129e-30 1.2246467991473535e-16 2
L open 0 1
p 1.2246467991473532e-16 0 2
p 0.01318838851571006 -0.16187291370593579 1.9933948988899937
p 0.080480143476814259 -0.39304355123112578 1.9593467567364926
p 0.1978881054263017 -0.59717377307033259 1.898479335782961
p 0.35420932565617447 -0.76351451010540039 1.8142715752143868
p 0.53696162953613469 -0.88633823821611124 1.7105778967431369
p 0.73428733240882704 -0.96405226589541071 1.5910453579651174
p 0.93591633374614558 -0.99794452565134995 1.4588239540066135
p 1.1334173434503889 -0.99105994573936307 1.316497366158925
p 1.3200219726464262 -0.9474101170903928 1.1661715302833293
p 1.4904244339190302 -0.87148372497532633 1.0095301625704569
p 1.6404961911845322 -0.76796134512316638 0.84794316751926191
p 1.7670708355907685 -0.64156241755707211 0.68253815430597764
p 1.867766256643554 -0.4969725558768906 0.5142640211190227
p 1.9408529848126759 -0.33881507085286477 0.34393897936377998
p 1.9851575700184187 -0.17165255098883558 0.17229305170853443
p 2 -4.4408920985006262e-16 0
L open 0 1
p 2 -4.8985871965894128e-16 0
p 1.9857688313441169 0.16810664110534468 -0.16870796013637737
p 1.9432800171226083 0.33199817739508231 -0.3368084551470838
p 1.8731579155194598 0.48743744062434119 -0.50367070847065065
p 1.7764798418936598 0.63014210611031252 -0.66861075537437342
p 1.6548218127881802 0.7557832971682199 -0.8308768696501373
p 1.510360422414168 0.85996060461650581 -0.98958534736534454
p 1.3459763962089415 0.93824321109519215 -1.1436989043205557
p 1.1654116586322172 0.98622461128167782 -1.2919662088148849
p 0.97345759062331294 0.99964768410358096 -1.4328589652300074
p 0.77620564362059707 0.9746363879775255 -1.5644771375068425
p 0.58125396792155803 0.90810339448158106 -1.6844856971914568
p 0.39785624658944907 0.79838769506182206 -1.7900523754733038
p 0.23685774427081419 0.64623052223445066 -1.8778403852841947
p 0.10995944634375926 0.45588137148482599 -1.9442430675028546
p 0.028255755119905149 0.23603628539387755 -1.9858218672573575
p 3.4609617254684129e-30 1.2246467991473535e-16 -2
L open 0 1
p 1.2246467991473532e-16 0 -2
p 0.013188388516004589 -0.16187291370772611 -1.9933948988898407
p 0.080480143477568822 -0.39304355123289059 -1.9593467567361009
p 0.19788810542756829 -0.59717377307203412 -1.8984793357822918
p 0.35420932565787555 -0.76351451010683813 -1.8142715752134535
p 0.5369616295380778 -0.88633823821712554 -1.7105778967420047
p 0.73428733241083044 -0.9640522658959636 -1.5910453579638586
p 0.93591633374805039 -0.99794452565147274 -1.4588239540053074
p 1.1334173434521349 -0.99105994573912826 -1.3164973661575989
p 1.3200219726477886 -0.94741011708993228 -1.1661715302821618
p 1.4904244339200079 -0.87148372497477689 -1.0095301625694886
p 1.6404961911852309 -0.76796134512258429 -0.8479431675184389
p 1.7670708355912295 -0.64156241755652066 -0.68253815430530151
p 1.8677662566438162 -0.49697255587643274 -0.51426402111851277
p 1.940852984812792 -0.33881507085254225 -0.34393897936344231
p 1.9851575700184472 -0.17165255098866794 -0.17229305170836631
p 2 -4.4408920985006262e-16 0
cs_rings done 2 0
L closed 0 1
p 1.5000000000000004 -3.3306690738754696e-16 2.598076211353316
p 1.4227983856074748 0.38528319636660729 2.6128914280665088
p 1.2044555976651388 0.70974800998717447 2.6543444462071184
p 0.88060008067464257 0.92473973538580523 2.7146638686020088
p 0.50066891608099739 0.99999975627108617 2.7837620384390722
p 0.1203779083999842 0.92514164688166989 2.8512492160741036
p -0.20412309370189322 0.71007795950436692 2.9075974733546412
p -0.4227769321376591 0.38533457082931039 2.9449578830593981
p -0.49999999999907652 -1.3589514180791929e-06 2.9580398915496535
p -0.42277588706624353 -0.38533707349546736 2.9449577056254239
p -0.20412117799743051 -0.7100798591353219 2.9075971439242263
p 0.12038039037951248 -0.92514266533222456 2.8512487808297795
p 0.50067159118041338 -0.99999975447826805 2.783761557956252
p 0.88060255832383127 -0.92473871564254595 2.7146634122564919
p 1.2044575096677386 -0.70974611223688822 2.6543440860422929
p 1.4227993484430645 -0.38528089011146183 2.6128912438233165
p 1.5000000000000004 -3.3306690738754696e-16 2.598076211353316
L closed 0 1
p 1.5000000000000009 -3.3306690738754696e-16 -2.5980762113533156
p 1.4227983856075186 0.38528319636653063 -2.6128914280665021
p 1.2044555976652711 0.70974800998704235 -2.6543444462070935
p 0.88060008067484641 0.92473973538572174 -2.7146638686019706
p 0.50066891608122333 0.99999975627108539 -2.7837620384390314
p 0.12037790840023795 0.92514164688177414 -2.8512492160740601
p -0.20412309370160769 0.71007795950464991 -2.9075974733545924
p -0.42277693213746043 0.38533457082978573 -2.9449578830593643
p -0.49999999999907652 -1.3589508913802867e-06 -2.9580398915496526
p -0.42277588706643843 -0.38533707349500079 -2.9449577056254568
p -0.20412117799772805 -0.71007985913502636 -2.9075971439242752
p 0.12038039037921117 -0.92514266533210066 -2.8512487808298319
p 0.50067159118018578 -0.99999975447826828 -2.7837615579562924
p 0.88060255832373735 -0.92473871564258503 -2.7146634122565105
p 1.204457509667727 -0.7097461122368991 -2.6543440860422933
p 1.4227993484430641 -0.38528089011146227 -2.6128912438233152
p 1.5000000000000009 -3.3306690738754696e-16 -2.5980762113533156
cs_tangent_outside done 0 0
cs_tangent_inside done 0 0
cs_empty done 0 0
cs_tilted done 2 0
L open 0 1
p 2 1.1125880325350577 1.8167840433800768
p 1.9433242223321037 0.86450475560970164 2.0391273242105932
p 1.7855091838122448 0.68536223686946662 2.2785662713191059
p 1.556834358011606 0.59510224160165093 2.5111755745710811
p 1.293371021047182 0.5980822806696463 2.7241074820909321
p 1.0286227121121998 0.68753516425273808 2.9160307128839396
p 0.79194524650107256 0.84987812808968011 3.0966994853707606
p 0.61412801563029018 1.0641472916227812 3.2897836163017584
p 0.54166754586661003 1.2882863252910735 3.5323498236908462
p 0.61322501713982547 1.458835136594405 3.8154037221787345
p 0.79072024972313648 1.5844426786164045 4.0756832688745206
p 1.0273985831992885 1.7124479755919677 4.2826382980282336
p 1.2923381925102904 1.8716289395056223 4.4226969241346286
p 1.556109251863556 2.0752470949264938 4.485511443218237
p 1.7851271196615661 2.3239642087526762 4.4641766463078332
p 1.9432175565835017 2.6042235688880924 4.3592574659481951
p 2 2.8874119674649421 4.1832159566199243
L open 0 1
p 2 2.8874119674649421 4.1832159566199234
p 1.9432391886854106 3.1356621366996231 3.9606925269042135
p 1.7852046527850758 3.314846508609008 3.7210681431392469
p 1.5562565982157157 3.4049966604305677 3.4883112473668643
p 1.2925481750531767 3.4017706138693979 3.2752761725880672
p 1.0276474777699232 3.3119730489399455 3.0832678228620667
p 0.79096080796338109 3.1492301820824506 2.9024614881487971
p 0.61339491761475973 2.9346039518695362 2.709062995511256
p 0.54166666666666607 2.7110243284497542 2.4667318123981774
p 0.61339488062347436 2.5409886691755617 2.1842426444305043
p 0.79096074819505136 2.4154214561220062 1.9240498748285264
p 1.0276474047045057 2.2874153838818829 1.7171909327499186
p 1.2925480965283633 2.1282306987132533 1.577222912341024
p 1.5562565233409926 1.9246203348558564 1.5144760630687242
p 1.7852045925262237 1.6759316859788072 1.5358482522833465
p 1.9432391583864088 1.3957206507163404 1.6407704021252043
p 2 1.1125880325350557 1.8167840433800759
cs_near_viviani done 3 0
L open 0 1
p 1.9999980926518219 0.0019531238358468789 0
p 1.9888409710752177 0.14897494071723455 -0.14937953102428
p 1.9491598534845878 0.31479451454808377 -0.31886746952978001
p 1.8813322776857242 0.47249697911450977 -0.4871669655108376
p 1.7864106218015769 0.61770410655331198 -0.65358619271847995
p 1.6659574440663589 0.74598973337482177 -0.81736240219079059
p 1.5221405389408247 0.85285945947420216 -0.97760682662065379
p 1.3578444223267123 0.93378121649378776 -1.1332728352015917
p 1.1768276581720607 0.98424183114837027 -1.2830981556381569
p 0.9839164127615756 0.99987064725139696 -1.4255396717775133
p 0.78525940706778119 0.97667112297309089 -1.5586780852038753
p 0.58855185277896449 0.91143317606306506 -1.680146564935268
p 0.40318611440937058 0.80237970817982029 -1.787071335063984
p 0.24021016573646314 0.65016874550278725 -1.8760532655161919
p 0.11158399667961039 0.45903923003694003 -1.9434063369433632
p 0.028684890942479901 0.23779605383242586 -1.9856047950577891
p -1.9775616253438358e-30 1.2246462151902539e-16 -1.9999990463256836
L open 0 1
p 1.2246462151902536e-16 0 -1.9999990463256836
p 0.049405997345265421 -0.31043697591848685 -1.9751415660868479
p 0.22666908961123911 -0.63400259819199423 -1.8832572864758674
p 0.49341212344450391 -0.86218832771196952 -1.7358490540306337
p 0.80289097768842188 -0.98038157885038713 -1.5473248635508154
p 1.1159521668164136 -0.99325480255150456 -1.3296961517542862
p 1.4039705890189984 -0.91477197360325446 -1.091812716414855
p 1.647204135107271 -0.76231673610923112 -0.83999280531501819
p 1.832470939769828 -0.55406870770003769 -0.57883875434848786
p 1.9513691173962386 -0.30805324468797179 -0.3118620670548789
p 1.9991193248123629 -0.041941576366546593 -0.041938085334560726
p 1.9291769994151282 -0.36963510551637146 0.37635381830194786
p 1.6519534855744147 -0.75825896062056408 0.8343196103081717
p 1.201378217341291 -0.97951356341115547 1.2638195165994268
p 0.65999632216574688 -0.94042410307016877 1.6370716349916465
p 0.18437390828666936 -0.57857936962559031 1.9055834717597973
p 1.2246462151902536e-16 0 1.9999990463256836
L open 0 1
p 1.9015132138574949e-29 1.2246462151902539e-16 1.9999990463256836
p 0.028292692779447366 0.2361883029636595 1.9858023059877818
p 0.11009923055532181 0.45615417598423663 1.9441701886556615
p 0.23714630630175504 0.6465711345289874 1.8776856962473074
p 0.39831543205220143 0.79873380531585636 1.7897947707255037
p 0.58188320303277208 0.90839328376925932 1.6841109758963755
p 0.77698685079613039 0.9748154380636791 1.5639764975490449
p 0.97436087182609965 0.99967125940308055 1.4322270899183098
p 1.1663986476082382 0.98605856359317734 1.2912005623524361
p 1.3470037227655713 0.93786374625557078 1.1427986333997131
p 1.5113816806316187 0.85935369804212913 0.98855087239426775
p 1.6557891425022451 0.75494410352560093 0.82970952659581587
p 1.7773455373233946 0.62907385733333743 0.66731185685945393
p 1.8738777862362541 0.48614567243174212 0.502235614872242
p 1.943804418375763 0.33050448797133153 0.33524221558163991
p 1.9860515126255944 0.16644043520931456 0.16701244265660525
p 1.9999980926518215 0.0019531238361707589 4.2146848510894041e-08
