case hole_halved_fuse
plane 0.0 0.0 0.0 0.0 0.0 1.0 1.0 0.0 0.0
wire P 4 0.0 0.0 0.0 10.0 0.0 0.0 10.0 10.0 0.0 0.0 10.0 0.0
prism 0.0 0.0 5.0
boolean cut
plane 5.0 1.8 -1.6 0.0 0.6 0.8 1.0 -0.0 0.0
wire C 5.0 1.8 -1.6 1.5
prism 0.0 6.0 8.0
then fuse
plane 0.0 0.0 -1.0 0.0 0.0 1.0 1.0 0.0 0.0
wire P 4 5.0 -1.0 -1.0 12.0 -1.0 -1.0 12.0 11.0 -1.0 5.0 11.0 -1.0
prism 0.0 0.0 7.0
end
case hole_halved_cut
plane 0.0 0.0 0.0 0.0 0.0 1.0 1.0 0.0 0.0
wire P 4 0.0 0.0 0.0 10.0 0.0 0.0 10.0 10.0 0.0 0.0 10.0 0.0
prism 0.0 0.0 5.0
boolean cut
plane 5.0 1.8 -1.6 0.0 0.6 0.8 1.0 -0.0 0.0
wire C 5.0 1.8 -1.6 1.5
prism 0.0 6.0 8.0
then cut
plane 0.0 0.0 -1.0 0.0 0.0 1.0 1.0 0.0 0.0
wire P 4 5.0 -1.0 -1.0 12.0 -1.0 -1.0 12.0 11.0 -1.0 5.0 11.0 -1.0
prism 0.0 0.0 7.0
end
case hole_halved_common
plane 0.0 0.0 0.0 0.0 0.0 1.0 1.0 0.0 0.0
wire P 4 0.0 0.0 0.0 10.0 0.0 0.0 10.0 10.0 0.0 0.0 10.0 0.0
prism 0.0 0.0 5.0
boolean cut
plane 5.0 1.8 -1.6 0.0 0.6 0.8 1.0 -0.0 0.0
wire C 5.0 1.8 -1.6 1.5
prism 0.0 6.0 8.0
then common
plane 0.0 0.0 -1.0 0.0 0.0 1.0 1.0 0.0 0.0
wire P 4 5.0 -1.0 -1.0 12.0 -1.0 -1.0 12.0 11.0 -1.0 5.0 11.0 -1.0
prism 0.0 0.0 7.0
end
case hole_tool_fuse
plane 0.0 0.0 0.0 0.0 0.0 1.0 1.0 0.0 0.0
wire P 4 0.0 0.0 0.0 10.0 0.0 0.0 10.0 10.0 0.0 0.0 10.0 0.0
prism 0.0 0.0 5.0
boolean cut
plane 5.0 1.8 -1.6 0.0 0.6 0.8 1.0 -0.0 0.0
wire C 5.0 1.8 -1.6 1.5
prism 0.0 6.0 8.0
then fuse swapped
plane 0.0 0.0 1.0 0.0 0.0 1.0 1.0 0.0 0.0
wire P 4 4.0 -2.0 1.0 12.0 -2.0 1.0 12.0 12.0 1.0 4.0 12.0 1.0
prism 0.0 0.0 3.0
end
case hole_tool_cut
plane 0.0 0.0 0.0 0.0 0.0 1.0 1.0 0.0 0.0
wire P 4 0.0 0.0 0.0 10.0 0.0 0.0 10.0 10.0 0.0 0.0 10.0 0.0
prism 0.0 0.0 5.0
boolean cut
plane 5.0 1.8 -1.6 0.0 0.6 0.8 1.0 -0.0 0.0
wire C 5.0 1.8 -1.6 1.5
prism 0.0 6.0 8.0
then cut swapped
plane 0.0 0.0 1.0 0.0 0.0 1.0 1.0 0.0 0.0
wire P 4 4.0 -2.0 1.0 12.0 -2.0 1.0 12.0 12.0 1.0 4.0 12.0 1.0
prism 0.0 0.0 3.0
end
case hole_tool_common
plane 0.0 0.0 0.0 0.0 0.0 1.0 1.0 0.0 0.0
wire P 4 0.0 0.0 0.0 10.0 0.0 0.0 10.0 10.0 0.0 0.0 10.0 0.0
prism 0.0 0.0 5.0
boolean cut
plane 5.0 1.8 -1.6 0.0 0.6 0.8 1.0 -0.0 0.0
wire C 5.0 1.8 -1.6 1.5
prism 0.0 6.0 8.0
then common swapped
plane 0.0 0.0 1.0 0.0 0.0 1.0 1.0 0.0 0.0
wire P 4 4.0 -2.0 1.0 12.0 -2.0 1.0 12.0 12.0 1.0 4.0 12.0 1.0
prism 0.0 0.0 3.0
end
case pin_step_fuse
plane 0.0 0.0 0.0 0.0 0.0 1.0 1.0 0.0 0.0
wire P 4 0.0 0.0 0.0 10.0 0.0 0.0 10.0 10.0 0.0 0.0 10.0 0.0
prism 0.0 0.0 5.0
boolean fuse
plane 5.0 2.6 -3.2 0.0 0.6 0.8 1.0 -0.0 0.0
wire C 5.0 2.6 -3.2 0.8
prism 0.0 8.4 11.200000000000001
then fuse
plane 0.0 0.0 4.0 0.0 0.0 1.0 1.0 0.0 0.0
wire P 4 5.0 -5.0 4.0 20.0 -5.0 4.0 20.0 15.0 4.0 5.0 15.0 4.0
prism 0.0 0.0 8.0
end
case pin_step_cut
plane 0.0 0.0 0.0 0.0 0.0 1.0 1.0 0.0 0.0
wire P 4 0.0 0.0 0.0 10.0 0.0 0.0 10.0 10.0 0.0 0.0 10.0 0.0
prism 0.0 0.0 5.0
boolean fuse
plane 5.0 2.6 -3.2 0.0 0.6 0.8 1.0 -0.0 0.0
wire C 5.0 2.6 -3.2 0.8
prism 0.0 8.4 11.200000000000001
then cut
plane 0.0 0.0 4.0 0.0 0.0 1.0 1.0 0.0 0.0
wire P 4 5.0 -5.0 4.0 20.0 -5.0 4.0 20.0 15.0 4.0 5.0 15.0 4.0
prism 0.0 0.0 8.0
end
case pin_step_common
plane 0.0 0.0 0.0 0.0 0.0 1.0 1.0 0.0 0.0
wire P 4 0.0 0.0 0.0 10.0 0.0 0.0 10.0 10.0 0.0 0.0 10.0 0.0
prism 0.0 0.0 5.0
boolean fuse
plane 5.0 2.6 -3.2 0.0 0.6 0.8 1.0 -0.0 0.0
wire C 5.0 2.6 -3.2 0.8
prism 0.0 8.4 11.200000000000001
then common
plane 0.0 0.0 4.0 0.0 0.0 1.0 1.0 0.0 0.0
wire P 4 5.0 -5.0 4.0 20.0 -5.0 4.0 20.0 15.0 4.0 5.0 15.0 4.0
prism 0.0 0.0 8.0
end
case hole_capped_fuse
plane 0.0 0.0 0.0 0.0 0.0 1.0 1.0 0.0 0.0
wire P 4 0.0 0.0 0.0 10.0 0.0 0.0 10.0 10.0 0.0 0.0 10.0 0.0
prism 0.0 0.0 5.0
boolean cut
plane 5.0 1.8 -1.6 0.0 0.6 0.8 1.0 -0.0 0.0
wire C 5.0 1.8 -1.6 1.5
prism 0.0 6.0 8.0
then fuse
plane 0.0 0.0 5.0 0.0 0.0 1.0 1.0 0.0 0.0
wire P 4 2.0 2.0 5.0 8.0 2.0 5.0 8.0 8.0 5.0 2.0 8.0 5.0
prism 0.0 0.0 2.5
end
case hole_capped_cut
plane 0.0 0.0 0.0 0.0 0.0 1.0 1.0 0.0 0.0
wire P 4 0.0 0.0 0.0 10.0 0.0 0.0 10.0 10.0 0.0 0.0 10.0 0.0
prism 0.0 0.0 5.0
boolean cut
plane 5.0 1.8 -1.6 0.0 0.6 0.8 1.0 -0.0 0.0
wire C 5.0 1.8 -1.6 1.5
prism 0.0 6.0 8.0
then cut
plane 0.0 0.0 5.0 0.0 0.0 1.0 1.0 0.0 0.0
wire P 4 2.0 2.0 5.0 8.0 2.0 5.0 8.0 8.0 5.0 2.0 8.0 5.0
prism 0.0 0.0 2.5
end
case hole_capped_common
plane 0.0 0.0 0.0 0.0 0.0 1.0 1.0 0.0 0.0
wire P 4 0.0 0.0 0.0 10.0 0.0 0.0 10.0 10.0 0.0 0.0 10.0 0.0
prism 0.0 0.0 5.0
boolean cut
plane 5.0 1.8 -1.6 0.0 0.6 0.8 1.0 -0.0 0.0
wire C 5.0 1.8 -1.6 1.5
prism 0.0 6.0 8.0
then common
plane 0.0 0.0 5.0 0.0 0.0 1.0 1.0 0.0 0.0
wire P 4 2.0 2.0 5.0 8.0 2.0 5.0 8.0 8.0 5.0 2.0 8.0 5.0
prism 0.0 0.0 2.5
end
case groove_drilled_fuse
plane 0.0 0.0 0.0 0.0 0.0 1.0 1.0 0.0 0.0
wire P 4 0.0 0.0 0.0 10.0 0.0 0.0 10.0 6.0 0.0 0.0 6.0 0.0
prism 0.0 0.0 4.0
boolean cut
plane -1.0 0.0 0.0 1.0 0.0 0.0 0.0 1.0 0.0
wire C -1.0 3.0 4.0 1.25
prism 12.0 0.0 0.0
then fuse
plane 0.0 0.0 -1.0 0.0 0.0 1.0 1.0 0.0 0.0
wire C 5.0 0.75 -1.0 0.5
prism 0.0 0.0 6.0
end
case groove_drilled_cut
plane 0.0 0.0 0.0 0.0 0.0 1.0 1.0 0.0 0.0
wire P 4 0.0 0.0 0.0 10.0 0.0 0.0 10.0 6.0 0.0 0.0 6.0 0.0
prism 0.0 0.0 4.0
boolean cut
plane -1.0 0.0 0.0 1.0 0.0 0.0 0.0 1.0 0.0
wire C -1.0 3.0 4.0 1.25
prism 12.0 0.0 0.0
then cut
plane 0.0 0.0 -1.0 0.0 0.0 1.0 1.0 0.0 0.0
wire C 5.0 0.75 -1.0 0.5
prism 0.0 0.0 6.0
end
case groove_drilled_common
plane 0.0 0.0 0.0 0.0 0.0 1.0 1.0 0.0 0.0
wire P 4 0.0 0.0 0.0 10.0 0.0 0.0 10.0 6.0 0.0 0.0 6.0 0.0
prism 0.0 0.0 4.0
boolean cut
plane -1.0 0.0 0.0 1.0 0.0 0.0 0.0 1.0 0.0
wire C -1.0 3.0 4.0 1.25
prism 12.0 0.0 0.0
then common
plane 0.0 0.0 -1.0 0.0 0.0 1.0 1.0 0.0 0.0
wire C 5.0 0.75 -1.0 0.5
prism 0.0 0.0 6.0
end
case hole_column_fuse
plane 0.0 0.0 0.0 0.0 0.0 1.0 1.0 0.0 0.0
wire P 4 0.0 0.0 0.0 10.0 0.0 0.0 10.0 10.0 0.0 0.0 10.0 0.0
prism 0.0 0.0 5.0
boolean cut
plane 5.0 1.8 -1.6 0.0 0.6 0.8 1.0 -0.0 0.0
wire C 5.0 1.8 -1.6 1.5
prism 0.0 6.0 8.0
then fuse
plane 5.0 4.8 2.4000000000000004 0.0 0.6 0.8 1.0 -0.0 0.0
wire P 4 2.0 2.3999999999999995 4.2 8.0 2.3999999999999995 4.2 8.0 7.2 0.6000000000000005 2.0 7.2 0.6000000000000005
prism 0.0 3.5999999999999996 4.800000000000001
end
case hole_column_cut
plane 0.0 0.0 0.0 0.0 0.0 1.0 1.0 0.0 0.0
wire P 4 0.0 0.0 0.0 10.0 0.0 0.0 10.0 10.0 0.0 0.0 10.0 0.0
prism 0.0 0.0 5.0
boolean cut
plane 5.0 1.8 -1.6 0.0 0.6 0.8 1.0 -0.0 0.0
wire C 5.0 1.8 -1.6 1.5
prism 0.0 6.0 8.0
then cut
plane 5.0 4.8 2.4000000000000004 0.0 0.6 0.8 1.0 -0.0 0.0
wire P 4 2.0 2.3999999999999995 4.2 8.0 2.3999999999999995 4.2 8.0 7.2 0.6000000000000005 2.0 7.2 0.6000000000000005
prism 0.0 3.5999999999999996 4.800000000000001
end
case hole_column_common
plane 0.0 0.0 0.0 0.0 0.0 1.0 1.0 0.0 0.0
wire P 4 0.0 0.0 0.0 10.0 0.0 0.0 10.0 10.0 0.0 0.0 10.0 0.0
prism 0.0 0.0 5.0
boolean cut
plane 5.0 1.8 -1.6 0.0 0.6 0.8 1.0 -0.0 0.0
wire C 5.0 1.8 -1.6 1.5
prism 0.0 6.0 8.0
then common
plane 5.0 4.8 2.4000000000000004 0.0 0.6 0.8 1.0 -0.0 0.0
wire P 4 2.0 2.3999999999999995 4.2 8.0 2.3999999999999995 4.2 8.0 7.2 0.6000000000000005 2.0 7.2 0.6000000000000005
prism 0.0 3.5999999999999996 4.800000000000001
end
case quarter_bored_fuse
plane 0.0 0.0 0.0 0.0 0.0 1.0 1.0 0.0 0.0
wire C 0.0 0.0 0.0 3.0
prism 0.0 0.0 5.0
boolean common
plane 0.0 0.0 0.0 1.0 0.0 0.0 0.0 1.0 0.0
wire P 4 0.0 0.0 -1.0 0.0 5.0 -1.0 0.0 5.0 6.0 0.0 0.0 6.0
prism 5.0 0.0 0.0
then fuse
plane 0.0 0.0 1.0 0.0 0.0 1.0 1.0 0.0 0.0
wire C 0.0 0.0 1.0 1.5
prism 0.0 0.0 6.0
end
case quarter_bored_cut
plane 0.0 0.0 0.0 0.0 0.0 1.0 1.0 0.0 0.0
wire C 0.0 0.0 0.0 3.0
prism 0.0 0.0 5.0
boolean common
plane 0.0 0.0 0.0 1.0 0.0 0.0 0.0 1.0 0.0
wire P 4 0.0 0.0 -1.0 0.0 5.0 -1.0 0.0 5.0 6.0 0.0 0.0 6.0
prism 5.0 0.0 0.0
then cut
plane 0.0 0.0 1.0 0.0 0.0 1.0 1.0 0.0 0.0
wire C 0.0 0.0 1.0 1.5
prism 0.0 0.0 6.0
end
case quarter_bored_common
plane 0.0 0.0 0.0 0.0 0.0 1.0 1.0 0.0 0.0
wire C 0.0 0.0 0.0 3.0
prism 0.0 0.0 5.0
boolean common
plane 0.0 0.0 0.0 1.0 0.0 0.0 0.0 1.0 0.0
wire P 4 0.0 0.0 -1.0 0.0 5.0 -1.0 0.0 5.0 6.0 0.0 0.0 6.0
prism 5.0 0.0 0.0
then common
plane 0.0 0.0 1.0 0.0 0.0 1.0 1.0 0.0 0.0
wire C 0.0 0.0 1.0 1.5
prism 0.0 0.0 6.0
end
case pin_slab_fuse
plane 0.0 0.0 0.0 0.0 0.0 1.0 1.0 0.0 0.0
wire P 4 0.0 0.0 0.0 10.0 0.0 0.0 10.0 10.0 0.0 0.0 10.0 0.0
prism 0.0 0.0 5.0
boolean fuse
plane 5.0 2.6 -3.2 0.0 0.6 0.8 1.0 -0.0 0.0
wire C 5.0 2.6 -3.2 0.8
prism 0.0 8.4 11.200000000000001
then fuse swapped
plane 0.0 0.0 6.0 0.0 0.0 1.0 1.0 0.0 0.0
wire P 4 -2.0 -2.0 6.0 12.0 -2.0 6.0 12.0 14.0 6.0 -2.0 14.0 6.0
prism 0.0 0.0 1.0
end
case pin_slab_cut
plane 0.0 0.0 0.0 0.0 0.0 1.0 1.0 0.0 0.0
wire P 4 0.0 0.0 0.0 10.0 0.0 0.0 10.0 10.0 0.0 0.0 10.0 0.0
prism 0.0 0.0 5.0
boolean fuse
plane 5.0 2.6 -3.2 0.0 0.6 0.8 1.0 -0.0 0.0
wire C 5.0 2.6 -3.2 0.8
prism 0.0 8.4 11.200000000000001
then cut swapped
plane 0.0 0.0 6.0 0.0 0.0 1.0 1.0 0.0 0.0
wire P 4 -2.0 -2.0 6.0 12.0 -2.0 6.0 12.0 14.0 6.0 -2.0 14.0 6.0
prism 0.0 0.0 1.0
end
case pin_slab_common
plane 0.0 0.0 0.0 0.0 0.0 1.0 1.0 0.0 0.0
wire P 4 0.0 0.0 0.0 10.0 0.0 0.0 10.0 10.0 0.0 0.0 10.0 0.0
prism 0.0 0.0 5.0
boolean fuse
plane 5.0 2.6 -3.2 0.0 0.6 0.8 1.0 -0.0 0.0
wire C 5.0 2.6 -3.2 0.8
prism 0.0 8.4 11.200000000000001
then common swapped
plane 0.0 0.0 6.0 0.0 0.0 1.0 1.0 0.0 0.0
wire P 4 -2.0 -2.0 6.0 12.0 -2.0 6.0 12.0 14.0 6.0 -2.0 14.0 6.0
prism 0.0 0.0 1.0
end
case groove_tangent_fuse
plane 0.0 0.0 0.0 0.0 0.0 1.0 1.0 0.0 0.0
wire P 4 0.0 0.0 0.0 10.0 0.0 0.0 10.0 6.0 0.0 0.0 6.0 0.0
prism 0.0 0.0 4.0
boolean cut
plane -1.0 0.0 0.0 1.0 0.0 0.0 0.0 1.0 0.0
wire C -1.0 3.0 4.0 1.25
prism 12.0 0.0 0.0
then fuse
plane -1.0 0.0 0.0 1.0 0.0 0.0 0.0 1.0 0.0
wire C -1.0 3.0 2.25 0.5
prism 13.0 0.0 0.0
end
case groove_tangent_cut
plane 0.0 0.0 0.0 0.0 0.0 1.0 1.0 0.0 0.0
wire P 4 0.0 0.0 0.0 10.0 0.0 0.0 10.0 6.0 0.0 0.0 6.0 0.0
prism 0.0 0.0 4.0
boolean cut
plane -1.0 0.0 0.0 1.0 0.0 0.0 0.0 1.0 0.0
wire C -1.0 3.0 4.0 1.25
prism 12.0 0.0 0.0
then cut
plane -1.0 0.0 0.0 1.0 0.0 0.0 0.0 1.0 0.0
wire C -1.0 3.0 2.25 0.5
prism 13.0 0.0 0.0
end
case groove_tangent_common
plane 0.0 0.0 0.0 0.0 0.0 1.0 1.0 0.0 0.0
wire P 4 0.0 0.0 0.0 10.0 0.0 0.0 10.0 6.0 0.0 0.0 6.0 0.0
prism 0.0 0.0 4.0
boolean cut
plane -1.0 0.0 0.0 1.0 0.0 0.0 0.0 1.0 0.0
wire C -1.0 3.0 4.0 1.25
prism 12.0 0.0 0.0
then common
plane -1.0 0.0 0.0 1.0 0.0 0.0 0.0 1.0 0.0
wire C -1.0 3.0 2.25 0.5
prism 13.0 0.0 0.0
end
case groove_edge_fuse
plane 0.0 0.0 0.0 0.0 0.0 1.0 1.0 0.0 0.0
wire P 4 0.0 0.0 0.0 10.0 0.0 0.0 10.0 6.0 0.0 0.0 6.0 0.0
prism 0.0 0.0 4.0
boolean cut
plane -1.0 0.0 0.0 1.0 0.0 0.0 0.0 1.0 0.0
wire C -1.0 3.0 4.0 1.25
prism 12.0 0.0 0.0
then fuse
plane 0.0 0.0 -1.0 0.0 0.0 1.0 1.0 0.0 0.0
wire P 4 5.0 -1.0 -1.0 8.0 -1.0 -1.0 8.0 2.25 -1.0 5.0 2.25 -1.0
prism 0.0 0.0 4.0
end
case groove_edge_cut
plane 0.0 0.0 0.0 0.0 0.0 1.0 1.0 0.0 0.0
wire P 4 0.0 0.0 0.0 10.0 0.0 0.0 10.0 6.0 0.0 0.0 6.0 0.0
prism 0.0 0.0 4.0
boolean cut
plane -1.0 0.0 0.0 1.0 0.0 0.0 0.0 1.0 0.0
wire C -1.0 3.0 4.0 1.25
prism 12.0 0.0 0.0
then cut
plane 0.0 0.0 -1.0 0.0 0.0 1.0 1.0 0.0 0.0
wire P 4 5.0 -1.0 -1.0 8.0 -1.0 -1.0 8.0 2.25 -1.0 5.0 2.25 -1.0
prism 0.0 0.0 4.0
end
case groove_edge_common
plane 0.0 0.0 0.0 0.0 0.0 1.0 1.0 0.0 0.0
wire P 4 0.0 0.0 0.0 10.0 0.0 0.0 10.0 6.0 0.0 0.0 6.0 0.0
prism 0.0 0.0 4.0
boolean cut
plane -1.0 0.0 0.0 1.0 0.0 0.0 0.0 1.0 0.0
wire C -1.0 3.0 4.0 1.25
prism 12.0 0.0 0.0
then common
plane 0.0 0.0 -1.0 0.0 0.0 1.0 1.0 0.0 0.0
wire P 4 5.0 -1.0 -1.0 8.0 -1.0 -1.0 8.0 2.25 -1.0 5.0 2.25 -1.0
prism 0.0 0.0 4.0
end
