hole_halved_fuse done 1 1 0
S 815.91067665444893 623.36670178917973 6.7735550488608833 5.0033841516085849 2.5000000000174367 12 30 20 12 30 20 1
hole_halved_cut done 1 1 0
S 227.9106766544468 251.86670178917979 2.3193993850218328 5.0121151209796508 2.5000000000118727 8 18 12 8 18 12 1
hole_halved_common done 1 1 0
S 227.91067665444857 251.86670178917643 7.6806006149781503 5.0121151209821662 2.5000000000152367 9 21 14 8 20 14 1
hole_tool_fuse done 1 1 0
S 635.42465187344408 579.47329606139067 6.0252889218163315 5.0040475586253077 2.500000000030663 18 48 32 18 48 32 1
hole_tool_cut done 2 1 0
S 23.603298564550588 50.001682100976893 5.1480240655891034 4.8749999996328608 2.4999999995099946 5 9 6 4 8 6 1
S 156 272 9.1538461538461515 5 2.5 10 24 16 10 24 16 1
hole_tool_common done 1 1 0
S 156.39670143544589 217.76010751698311 7.2794991231468611 5.0188649268220162 2.5000000000615561 9 21 14 8 20 14 1
pin_step_fuse done 1 1 0
S 2861.8123885959722 1452.7769890037628 11.24559459986555 5.0030927946198362 7.0712532901938046 16 39 26 16 39 26 1
pin_step_cut done 1 1 0
S 461.81238847720607 424.77698900376276 4.7265556248166778 5.0191657865788004 2.2446350382763671 12 27 18 12 27 18 1
pin_step_common done 1 1 0
S 53.769911153443203 145.17345043260451 7.3485253605899841 5.3394958894666518 4.6408968944738032 9 21 14 8 19 13 1
hole_capped_fuse done 1 1 0
S 545.82135331438531 516.9689359473623 5.0000000000181526 5.0101174694154311 3.1183341819748249 13 31 20 13 31 20 1
hole_capped_cut done 1 1 0
S 455.82135331175004 441.23340357098931 5.0000000000195799 5.0121151210013801 2.5000000000189773 8 22 16 7 17 12 1
hole_capped_common done 0 1 0
groove_drilled_fuse done 1 1 0
S 217.02710372062458 263.64435495581796 5.0000000000000009 2.9837149753431809 1.8338154485744096 12 24 16 12 24 16 1
groove_drilled_cut done 1 1 0
S 212.31471474023999 268.35674393620263 4.9999999999999991 3.0332929513586717 1.8301269324496257 9 21 14 9 21 14 1
groove_drilled_common done 1 1 0
S 3.1415926535897922 14.137166941154067 5 0.75000000000000011 2 3 3 2 3 3 2 1
hole_column_fuse done 1 1 0
S 578.79424958861705 487.84052134271633 5.0000000000182867 5.3515059149215922 3.2077655592094763 13 30 20 13 30 20 1
hole_column_cut done 1 1 0
S 362.79424958861699 475.03668773489551 5.0000000000291767 4.608179021833319 2.2597829503317963 12 30 20 12 30 20 1
hole_column_common done 1 1 0
S 93.027103721526416 169.39288223563562 4.9999999998903801 6.5874161688135668 3.4368169145163221 8 18 12 8 18 12 1
quarter_bored_fuse done 1 1 0
S 70.685834705770333 113.42587685278997 0.57295779513082323 0.57295779513082334 3.3500000000000005 8 17 11 8 17 11 1
quarter_bored_cut done 1 1 0
S 28.274333882308145 65.123889803846893 1.432394487827058 1.432394487827058 2.375 7 15 10 7 15 10 1
quarter_bored_common done 1 1 0
S 7.0685834705770354 24.959069696057895 0.63661977236758138 0.63661977236758127 2.9999999999999996 5 9 6 5 9 6 1
pin_slab_fuse done 1 1 0
S 737.06902543894842 934.6407057024536 5.0000000000000009 5.3240584553807899 3.6981673435994975 17 33 22 17 33 22 1
pin_slab_cut done 1 1 0
S 221.48672587714233 509.25663706143979 5.0000000000000036 5.9560292508529598 6.4999999997781037 7 15 10 7 15 10 1
pin_slab_common done 1 1 0
S 2.5132741228738205 11.309733552927142 4.9999999999998588 9.8750000049463811 6.5000000065971539 3 3 2 3 3 2 1
groove_tangent_fuse done 1 1 0
S 217.81250188402208 266.78594760940774 5.0234379937695293 3.0000000000000004 1.8371190682371865 13 29 18 12 28 18 1
groove_tangent_cut done 1 1 0
S 207.60232575985523 287.20629985774133 5 3.0000000000000004 1.8168129998144034 11 26 16 11 26 16 1
groove_tangent_common done 1 1 0
S 7.8539816339744828 32.986722862692822 5 3.0000000000000004 2.25 4 6 4 3 3 2 1
groove_edge_fuse done 1 1 0
S 234.2063073938298 281.86116964863834 5.1200864328248255 2.7666320322104179 1.7227164690752552 14 37 26 14 37 26 1
groove_edge_cut done 1 1 0
S 195.20630739382972 270.86116964863834 4.8443953968212803 3.1945057539733992 1.8671069996387466 12 30 20 12 30 20 1
groove_edge_common done 1 1 0
S 20.25 45 6.5 1.125 1.5 6 12 8 6 12 8 1
