frustum_height done 2
S above 9.3284212416488597 25.988263498198606 -3.3324229131841485e-16 2.1525955547664209e-17 1.9954809004092771 3 3 2 1
S below 12.66272733347969 35.27506106638748 2.4549406988582725e-16 7.753697178634499e-17 0.57676776740847102 3 3 2 1
apex_height done 2
S above 1.5707963267948983 8.8051793531592892 1.766974823035285e-17 1.9876553717854313e-17 1.875 2 3 2 1
S below 10.995574287564278 32.698723366657433 -3.4329796561828428e-16 1.2208709204316701e-16 0.58928571428571419 3 3 2 1
apex_up_height done 2
S above 0.073631077818510776 1.1780972450961724 -2.9449580383921452e-18 -6.6887498172883273e-18 0.375 2 3 2 1
S below 4.6387579025661783 18.555031610264717 -2.7523671317544372e-16 8.0324545349575044e-17 1.517857142857143 3 3 2 1
widening_height done 2
S above 2.1046216409791016 39.564642252466001 -3.5607376025713976e-16 5.846832419470357e-17 0.44087099125364426 3 3 2 1
S below 3.0004664211043131 28.969942603936008 -1.0175462375597894e-16 1.2377488651679998e-16 0.23063650306748465 3 3 2 1
apex_touch done 1
S below 12.566370614359176 35.220717412637121 1.7669748230352865e-17 -9.0030152429795397e-18 0.75000000000000022 2 3 2 1
frustum_in_cap done 1
S above 21.991148575128552 45.511728065337266 -8.077599191018455e-17 9.4807933951988977e-17 1.1785714285714284 3 3 2 1
frustum_miss done 1
S below 21.991148575128552 45.511728065337266 -8.077599191018455e-17 9.4807933951988977e-17 1.1785714285714284 3 3 2 1
tilted_height done 2
S above 1.8325957145940459 9.1956018652677844 0.99999999999999978 -0.56428571428571439 2.4142857142857146 3 3 2 1
S below 14.660765716752369 36.782407461071138 1.0000000000000002 -1.5285714285714287 1.1285714285714283 3 3 2 1
frustum_meridian done 2
S above 10.995574287564276 31.755864032668633 0.68209261325097992 -1.5713950769256422e-16 1.1785714285714288 5 9 6 1
S below 10.995574287564272 31.755864032668633 -0.68209261325098014 6.4968915383241505e-17 1.1785714285714286 4 6 4 1
apex_meridian done 2
S above 6.2831853071795871 23.610358706318564 0.45015815807855297 0.45015815807855275 0.75000000000000033 4 8 4 1
S below 6.2831853071795862 23.610358706318564 -0.45015815807855308 -0.45015815807855303 0.75 3 5 3 1
apex_oblique done 2
S above 4.4428829193676291 19.465222832921754 0.3750000030488056 -4.1016126921717609e-11 1.3125000026020119 2 3 2 1
S below 8.1234877075187075 30.657376978409534 -0.20509431002589595 3.7387462732431915e-11 0.44235853444482204 3 2 1 1
frustum_parallel done 2
S above 6.5840829810656976 25.048328580048288 0.97329740011286736 -9.4822055147954933e-15 1.0795263783278342 5 9 6 1
S below 15.407065593875926 37.385428381870739 -0.41593065261080026 4.4875492258804124e-15 1.220897517622046 4 6 4 1
sphere_equator done 2
S above 16.755160819145544 37.699111843077475 3.5781240166464605e-16 -1.4358443970438078e-17 0.75000000000000067 2 3 2 1
S below 16.755160819145587 37.699111843077546 -4.3732626870123294e-16 7.6991373754095538e-18 -0.74999999999999922 2 3 2 1
sphere_height done 2
S above 7.7721693252872379 26.507188014663864 -1.8569975403351928e-16 4.0277730733522128e-17 1.1940789473684217 2 3 2 1
S below 25.738152313003894 45.356743936202662 -2.588118240478893e-17 2.5854575542317047e-17 -0.36057692307692274 2 3 2 1
sphere_oblique done 2
S above 13.013523148668893 33.646455872463783 0.30755815405948012 0.61511629093715592 0.61511624628514738 2 3 2 1
S below 20.496799011226308 41.186281136045082 -0.19527025148459526 -0.39054048914442069 -0.3905404586048804 2 3 2 1
sphere_tilted done 2
S above 5.8930424288082186 19.543741183533491 1.438735947221969 -2.4385351523274883 0.71972821522447272 2 3 2 1
S below 8.2457061470615525 22.693226714729267 0.68645939900499275 -1.6866174807607619 0.34290729342476201 2 3 2 1
sphere_touch done 1
S below 33.510321638291131 50.265482457436704 -8.7427029046467502e-17 8.2583530701259093e-17 5.2041704279304205e-18 1 3 2 1
sphere_miss done 1
S below 33.510321638291131 50.265482457436704 -8.7427029046467502e-17 8.2583530701259093e-17 5.2041704279304205e-18 1 3 2 1
zone_height done 2
S above 13.031685246366649 34.045358550728963 7.1137094553482382e-16 1.3400483092099535e-16 0.85221665437750438 3 3 2 1
S below 14.251337306591424 37.23889654412352 -1.0906430751283461e-16 5.1265171788001048e-17 -0.33142243600231147 3 3 2 1
cap_height done 2
S above 1.4398966328953275 11.780972450961748 -5.8792071384628409e-16 4.7488165933362375e-17 1.670454545454545 2 3 2 1
S below 9.2241885404777637 29.926602544302767 -1.9257594655673035e-16 1.014512358427558e-16 0.93990119597599187 3 3 2 1
zone_meridian done 2
S above 13.641511276479035 32.773643297183582 1.6859969284737648e-17 0.78580350746609107 0.23394058567847764 4 6 4 1
S below 13.641511276479035 32.773643297183582 -1.0583866875766613e-16 -0.78580350746609118 0.23394058567847767 4 6 4 1
cap_meridian done 2
S above 5.3320425866865477 19.680334583821299 0.49388691779167521 0.49388691779167521 1.0385426913281752 4 8 4 1
S below 5.3320425866865477 19.680334583821299 -0.49388691779167548 -0.49388691779167537 1.0385426913281754 3 5 3 1
zone_oblique done 2
S above 11.731041893877784 32.306179289305959 0.70687042869501859 8.3471333437186788e-09 0.62209101510101805 4 6 4 1
S below 15.551980641034875 37.902155622256906 -0.53320067625147116 -7.461412607608307e-09 -0.058845847398687923 3 3 2 1
