case bulge_rect_fuse
plane 0.0 0.0 0.0 0.0 0.0 1.0 1.0 0.0 0.0
wire S 4 0.0 0.0 0.0 L 10.0 0.0 0.0 B 2 3 10.0 0.0 0.0 12.0 3.0 0.0 10.0 6.0 0.0 2 0.0 1.0 3 3 10.0 6.0 0.0 L 0.0 6.0 0.0 L
prism 0.0 0.0 5.0
boolean fuse
plane 9.0 -1.0 0.0 0.0 0.0 1.0 1.0 0.0 0.0
wire P 4 9.0 -1.0 0.0 13.0 -1.0 0.0 13.0 2.0 0.0 9.0 2.0 0.0
prism 0.0 0.0 5.0
end
case bulge_rect_cut_tilted
plane 1.0 -2.0 0.5 0.0 0.6 0.8 1.0 -0.0 0.0
wire S 4 1.0 -2.0 0.5 L 11.0 -2.0 0.5 B 2 3 11.0 -2.0 0.5 13.0 0.40000000000000036 -1.2999999999999998 11.0 2.8000000000000007 -3.0999999999999996 2 0.0 1.0 3 3 11.0 2.8000000000000007 -3.0999999999999996 L 1.0 2.8000000000000007 -3.0999999999999996 L
prism 0.0 3.0 4.0
boolean cut
plane 1.0 -2.6 -0.30000000000000004 0.0 0.6 0.8 1.0 -0.0 0.0
wire P 4 10.0 -3.4 0.30000000000000004 14.0 -3.4 0.30000000000000004 14.0 -0.9999999999999999 -1.5 10.0 -0.9999999999999999 -1.5
prism 0.0 4.2 5.6000000000000005
end
case dome_rect_common
plane 0.0 0.0 0.0 0.0 0.0 1.0 1.0 0.0 0.0
wire S 2 0.0 0.0 0.0 L 4.0 0.0 0.0 B 2 3 4.0 0.0 0.0 2.0 4.0 0.0 0.0 0.0 0.0 2 0.0 1.0 3 3
prism 0.0 0.0 5.0
boolean common
plane 0.0 0.0 -1.0 0.0 0.0 1.0 1.0 0.0 0.0
wire P 4 -1.0 -1.0 -1.0 5.0 -1.0 -1.0 5.0 1.0 -1.0 -1.0 1.0 -1.0
prism 0.0 0.0 7.0
end
case dome_bar_cut
plane 0.0 0.0 0.0 0.0 0.0 1.0 1.0 0.0 0.0
wire S 2 0.0 0.0 0.0 L 4.0 0.0 0.0 B 2 3 4.0 0.0 0.0 2.0 4.0 0.0 0.0 0.0 0.0 2 0.0 1.0 3 3
prism 0.0 0.0 5.0
boolean cut
plane 0.0 0.0 -1.0 0.0 0.0 1.0 1.0 0.0 0.0
wire P 4 1.5 -1.0 -1.0 2.5 -1.0 -1.0 2.5 5.0 -1.0 1.5 5.0 -1.0
prism 0.0 0.0 7.0
end
case straight_spline_rects_fuse
plane 0.0 0.0 0.0 0.0 0.0 1.0 1.0 0.0 0.0
wire S 4 0.0 0.0 0.0 B 2 3 0.0 0.0 0.0 5.0 0.0 0.0 10.0 0.0 0.0 2 0.0 1.0 3 3 10.0 0.0 0.0 B 3 5 10.0 0.0 0.0 10.0 2.5 0.0 10.0 5.0 0.0 10.0 7.5 0.0 10.0 10.0 0.0 3 0.0 1.0 2.0 4 1 4 10.0 10.0 0.0 L 0.0 10.0 0.0 L
prism 0.0 0.0 5.0
boolean fuse
plane 5.0 5.0 0.0 0.0 0.0 1.0 1.0 0.0 0.0
wire P 4 5.0 5.0 0.0 15.0 5.0 0.0 15.0 15.0 0.0 5.0 15.0 0.0
prism 0.0 0.0 5.0
end
case wave_bar_common_tilted
plane 1.0 -2.0 0.5 0.0 0.6 0.8 1.0 -0.0 0.0
wire S 4 1.0 -2.0 0.5 L 11.0 -2.0 0.5 L 11.0 2.8000000000000007 -3.0999999999999996 B 2 5 11.0 2.8000000000000007 -3.0999999999999996 9.0 4.4 -4.3 6.0 2.0 -2.5 3.0 4.4 -4.3 1.0 2.8000000000000007 -3.0999999999999996 4 0.0 1.0 2.0 3.0 3 1 1 3 1.0 2.8000000000000007 -3.0999999999999996 L
prism 0.0 3.0 4.0
boolean common
plane 1.0 -2.6 -0.30000000000000004 0.0 0.6 0.8 1.0 -0.0 0.0
wire P 4 5.0 -3.4 0.30000000000000004 7.0 -3.4 0.30000000000000004 7.0 4.6000000000000005 -5.699999999999999 5.0 4.6000000000000005 -5.699999999999999
prism 0.0 4.2 5.6000000000000005
end
case bulge_disc_cut
plane 0.0 0.0 0.0 0.0 0.0 1.0 1.0 0.0 0.0
wire S 4 0.0 0.0 0.0 L 10.0 0.0 0.0 B 2 3 10.0 0.0 0.0 12.0 3.0 0.0 10.0 6.0 0.0 2 0.0 1.0 3 3 10.0 6.0 0.0 L 0.0 6.0 0.0 L
prism 0.0 0.0 5.0
boolean cut
plane 11.0 3.0 -1.0 0.0 0.0 1.0 1.0 0.0 0.0
wire C 11.0 3.0 -1.0 1.5
prism 0.0 0.0 7.0
end
case blob_disc_common_tilted
plane 1.0 -2.0 0.5 0.0 0.6 0.8 1.0 -0.0 0.0
wire S 4 5.0 -2.0 0.5 B 3 4 5.0 -2.0 0.5 7.5 -2.0 0.5 9.0 -0.7999999999999998 -0.3999999999999999 9.0 1.2000000000000002 -1.9 2 0.0 1.0 4 4 9.0 1.2000000000000002 -1.9 B 3 4 9.0 1.2000000000000002 -1.9 9.0 3.2 -3.4 7.5 4.4 -4.3 5.0 4.4 -4.3 2 0.0 1.0 4 4 5.0 4.4 -4.3 B 3 4 5.0 4.4 -4.3 2.5 4.4 -4.3 1.0 3.2 -3.4 1.0 1.2000000000000002 -1.9 2 0.0 1.0 4 4 1.0 1.2000000000000002 -1.9 B 3 4 1.0 1.2000000000000002 -1.9 1.0 -0.7999999999999998 -0.3999999999999999 2.5 -2.0 0.5 5.0 -2.0 0.5 2 0.0 1.0 4 4
prism 0.0 3.0 4.0
boolean common
plane 1.0 -2.6 -0.30000000000000004 0.0 0.6 0.8 1.0 -0.0 0.0
wire C 9.0 1.4 -3.3 2.0
prism 0.0 4.2 5.6000000000000005
end
case capsule_disc_fuse
plane 0.0 0.0 0.0 0.0 0.0 1.0 1.0 0.0 0.0
wire S 4 0.0 -1.0 0.0 L 3.0 -1.0 0.0 A 3.0 0.0 0.0 1.0 1 3.0 1.0 0.0 L 0.0 1.0 0.0 B 3 6 0.0 1.0 0.0 -1.0 1.0 0.0 -1.5 0.5 0.0 -1.5 -0.5 0.0 -1.0 -1.0 0.0 0.0 -1.0 0.0 3 0.0 1.0 2.0 4 2 4
prism 0.0 0.0 2.0
boolean fuse
plane 0.0 0.0 0.0 0.0 0.0 1.0 1.0 0.0 0.0
wire C -1.5 0.0 0.0 0.75
prism 0.0 0.0 2.0
end
case capsule_parabola_common
plane 0.0 0.0 0.0 0.0 0.0 1.0 1.0 0.0 0.0
wire S 4 0.0 -1.0 0.0 L 3.0 -1.0 0.0 A 3.0 0.0 0.0 1.0 1 3.0 1.0 0.0 L 0.0 1.0 0.0 B 3 6 0.0 1.0 0.0 -1.0 1.0 0.0 -1.5 0.5 0.0 -1.5 -0.5 0.0 -1.0 -1.0 0.0 0.0 -1.0 0.0 3 0.0 1.0 2.0 4 2 4
prism 0.0 0.0 2.0
boolean common
plane 0.0 0.0 -1.0 0.0 0.0 1.0 1.0 0.0 0.0
wire S 2 2.5 -2.0 -1.0 L 5.5 -2.0 -1.0 B 2 3 5.5 -2.0 -1.0 4.0 3.0 -1.0 2.5 -2.0 -1.0 2 0.0 1.0 3 3
prism 0.0 0.0 4.0
end
case capsule_parabola_cut_tilted
plane 1.0 -2.0 0.5 0.0 0.6 0.8 1.0 -0.0 0.0
wire S 4 1.0 -2.8 1.1 L 4.0 -2.8 1.1 A 4.0 -2.0 0.5 1.0 1 4.0 -1.2 -0.09999999999999998 L 1.0 -1.2 -0.09999999999999998 B 3 6 1.0 -1.2 -0.09999999999999998 0.0 -1.2 -0.09999999999999998 -0.5 -1.6 0.2 -0.5 -2.4 0.8 0.0 -2.8 1.1 1.0 -2.8 1.1 3 0.0 1.0 2.0 4 2 4
prism 0.0 1.2 1.6
boolean cut
plane 1.0 -2.6 -0.30000000000000004 0.0 0.6 0.8 1.0 -0.0 0.0
wire S 2 3.5 -4.2 0.8999999999999999 L 6.5 -4.2 0.8999999999999999 B 2 3 6.5 -4.2 0.8999999999999999 5.0 -0.19999999999999962 -2.0999999999999996 3.5 -4.2 0.8999999999999999 2 0.0 1.0 3 3
prism 0.0 2.4 3.2
end
case waves_common
plane 0.0 0.0 0.0 0.0 0.0 1.0 1.0 0.0 0.0
wire S 4 0.0 0.0 0.0 L 10.0 0.0 0.0 L 10.0 6.0 0.0 B 2 5 10.0 6.0 0.0 8.0 8.0 0.0 5.0 5.0 0.0 2.0 8.0 0.0 0.0 6.0 0.0 4 0.0 1.0 2.0 3.0 3 1 1 3 0.0 6.0 0.0 L
prism 0.0 0.0 5.0
boolean common
plane 0.0 0.0 -1.0 0.0 0.0 1.0 1.0 0.0 0.0
wire S 4 11.0 7.0 -1.0 L 11.0 12.0 -1.0 L -1.0 12.0 -1.0 L -1.0 7.0 -1.0 B 2 5 -1.0 7.0 -1.0 2.0 5.0 -1.0 5.0 7.75 -1.0 8.0 5.0 -1.0 11.0 7.0 -1.0 4 0.0 1.0 2.0 3.0 3 1 1 3
prism 0.0 0.0 7.0
end
case waves_fuse_tilted
plane 1.0 -2.0 0.5 0.0 0.6 0.8 1.0 -0.0 0.0
wire S 4 1.0 -2.0 0.5 L 11.0 -2.0 0.5 L 11.0 2.8000000000000007 -3.0999999999999996 B 2 5 11.0 2.8000000000000007 -3.0999999999999996 9.0 4.4 -4.3 6.0 2.0 -2.5 3.0 4.4 -4.3 1.0 2.8000000000000007 -3.0999999999999996 4 0.0 1.0 2.0 3.0 3 1 1 3 1.0 2.8000000000000007 -3.0999999999999996 L
prism 0.0 3.0 4.0
boolean fuse
plane 1.0 -2.0 0.5 0.0 0.6 0.8 1.0 -0.0 0.0
wire S 4 12.0 3.6000000000000005 -3.7 L 12.0 7.600000000000001 -6.699999999999999 L 0.0 7.600000000000001 -6.699999999999999 L 0.0 3.6000000000000005 -3.7 B 2 5 0.0 3.6000000000000005 -3.7 3.0 2.0 -2.5 6.0 4.2 -4.1499999999999995 9.0 2.0 -2.5 12.0 3.6000000000000005 -3.7 4 0.0 1.0 2.0 3.0 3 1 1 3
prism 0.0 3.0 4.0
end
case waves_at_knots_cut
plane 0.0 0.0 0.0 0.0 0.0 1.0 1.0 0.0 0.0
wire S 4 0.0 0.0 0.0 L 10.0 0.0 0.0 L 10.0 6.0 0.0 B 2 5 10.0 6.0 0.0 8.0 8.0 0.0 5.0 5.0 0.0 2.0 8.0 0.0 0.0 6.0 0.0 4 0.0 1.0 2.0 3.0 3 1 1 3 0.0 6.0 0.0 L
prism 0.0 0.0 5.0
boolean cut
plane 0.0 0.0 -1.0 0.0 0.0 1.0 1.0 0.0 0.0
wire S 4 11.0 7.0 -1.0 L 11.0 12.0 -1.0 L -1.0 12.0 -1.0 L -1.0 7.0 -1.0 B 2 5 -1.0 7.0 -1.0 2.0 5.0 -1.0 5.0 8.0 -1.0 8.0 5.0 -1.0 11.0 7.0 -1.0 4 0.0 1.0 2.0 3.0 3 1 1 3
prism 0.0 0.0 7.0
end
case blobs_common
plane 0.0 0.0 0.0 0.0 0.0 1.0 1.0 0.0 0.0
wire S 4 4.0 0.0 0.0 B 3 4 4.0 0.0 0.0 6.5 0.0 0.0 8.0 1.5 0.0 8.0 4.0 0.0 2 0.0 1.0 4 4 8.0 4.0 0.0 B 3 4 8.0 4.0 0.0 8.0 6.5 0.0 6.5 8.0 0.0 4.0 8.0 0.0 2 0.0 1.0 4 4 4.0 8.0 0.0 B 3 4 4.0 8.0 0.0 1.5 8.0 0.0 0.0 6.5 0.0 0.0 4.0 0.0 2 0.0 1.0 4 4 0.0 4.0 0.0 B 3 4 0.0 4.0 0.0 0.0 1.5 0.0 1.5 0.0 0.0 4.0 0.0 0.0 2 0.0 1.0 4 4
prism 0.0 0.0 5.0
boolean common
plane 0.0 0.0 -1.0 0.0 0.0 1.0 1.0 0.0 0.0
wire S 4 7.0 1.0 -1.0 B 3 4 7.0 1.0 -1.0 9.5 1.0 -1.0 11.0 2.5 -1.0 11.0 5.0 -1.0 2 0.0 1.0 4 4 11.0 5.0 -1.0 B 3 4 11.0 5.0 -1.0 11.0 7.5 -1.0 9.5 9.0 -1.0 7.0 9.0 -1.0 2 0.0 1.0 4 4 7.0 9.0 -1.0 B 3 4 7.0 9.0 -1.0 4.5 9.0 -1.0 3.0 7.5 -1.0 3.0 5.0 -1.0 2 0.0 1.0 4 4 3.0 5.0 -1.0 B 3 4 3.0 5.0 -1.0 3.0 2.5 -1.0 4.5 1.0 -1.0 7.0 1.0 -1.0 2 0.0 1.0 4 4
prism 0.0 0.0 7.0
end
case blobs_cut_tilted
plane 1.0 -2.0 0.5 0.0 0.6 0.8 1.0 -0.0 0.0
wire S 4 5.0 -2.0 0.5 B 3 4 5.0 -2.0 0.5 7.5 -2.0 0.5 9.0 -0.7999999999999998 -0.3999999999999999 9.0 1.2000000000000002 -1.9 2 0.0 1.0 4 4 9.0 1.2000000000000002 -1.9 B 3 4 9.0 1.2000000000000002 -1.9 9.0 3.2 -3.4 7.5 4.4 -4.3 5.0 4.4 -4.3 2 0.0 1.0 4 4 5.0 4.4 -4.3 B 3 4 5.0 4.4 -4.3 2.5 4.4 -4.3 1.0 3.2 -3.4 1.0 1.2000000000000002 -1.9 2 0.0 1.0 4 4 1.0 1.2000000000000002 -1.9 B 3 4 1.0 1.2000000000000002 -1.9 1.0 -0.7999999999999998 -0.3999999999999999 2.5 -2.0 0.5 5.0 -2.0 0.5 2 0.0 1.0 4 4
prism 0.0 3.0 4.0
boolean cut
plane 1.0 -2.6 -0.30000000000000004 0.0 0.6 0.8 1.0 -0.0 0.0
wire S 4 8.0 -1.7999999999999998 -0.9 B 3 4 8.0 -1.7999999999999998 -0.9 10.5 -1.7999999999999998 -0.9 12.0 -0.6 -1.8 12.0 1.4 -3.3 2 0.0 1.0 4 4 12.0 1.4 -3.3 B 3 4 12.0 1.4 -3.3 12.0 3.4 -4.8 10.5 4.6000000000000005 -5.699999999999999 8.0 4.6000000000000005 -5.699999999999999 2 0.0 1.0 4 4 8.0 4.6000000000000005 -5.699999999999999 B 3 4 8.0 4.6000000000000005 -5.699999999999999 5.5 4.6000000000000005 -5.699999999999999 4.0 3.4 -4.8 4.0 1.4 -3.3 2 0.0 1.0 4 4 4.0 1.4 -3.3 B 3 4 4.0 1.4 -3.3 4.0 -0.6 -1.8 5.5 -1.7999999999999998 -0.9 8.0 -1.7999999999999998 -0.9 2 0.0 1.0 4 4
prism 0.0 4.2 5.6000000000000005
end
case dome_tangent_line_common
plane 0.0 0.0 0.0 0.0 0.0 1.0 1.0 0.0 0.0
wire S 2 0.0 0.0 0.0 L 4.0 0.0 0.0 B 2 3 4.0 0.0 0.0 2.0 4.0 0.0 0.0 0.0 0.0 2 0.0 1.0 3 3
prism 0.0 0.0 5.0
boolean common
plane 0.0 0.0 -1.0 0.0 0.0 1.0 1.0 0.0 0.0
wire P 4 1.0 -1.0 -1.0 3.0 -1.0 -1.0 3.0 2.0 -1.0 1.0 2.0 -1.0
prism 0.0 0.0 7.0
end
case dome_tangent_line_fuse_tilted
plane 1.0 -2.0 0.5 0.0 0.6 0.8 1.0 -0.0 0.0
wire S 2 1.0 -2.0 0.5 L 5.0 -2.0 0.5 B 2 3 5.0 -2.0 0.5 3.0 1.2000000000000002 -1.9 1.0 -2.0 0.5 2 0.0 1.0 3 3
prism 0.0 3.0 4.0
boolean fuse
plane 1.0 -2.0 0.5 0.0 0.6 0.8 1.0 -0.0 0.0
wire P 4 2.0 -2.8 1.1 4.0 -2.8 1.1 4.0 -0.3999999999999999 -0.7 2.0 -0.3999999999999999 -0.7
prism 0.0 3.0 4.0
end
case dome_tangent_line_cut
plane 0.0 0.0 0.0 0.0 0.0 1.0 1.0 0.0 0.0
wire S 2 0.0 0.0 0.0 L 4.0 0.0 0.0 B 2 3 4.0 0.0 0.0 2.0 4.0 0.0 0.0 0.0 0.0 2 0.0 1.0 3 3
prism 0.0 0.0 5.0
boolean cut
plane 0.0 0.0 -1.0 0.0 0.0 1.0 1.0 0.0 0.0
wire P 4 1.0 -1.0 -1.0 3.0 -1.0 -1.0 3.0 2.0 -1.0 1.0 2.0 -1.0
prism 0.0 0.0 7.0
end
case dome_touch_line_cut_tilted
plane 1.0 -2.0 0.5 0.0 0.6 0.8 1.0 -0.0 0.0
wire S 2 1.0 -2.0 0.5 L 5.0 -2.0 0.5 B 2 3 5.0 -2.0 0.5 3.0 1.2000000000000002 -1.9 1.0 -2.0 0.5 2 0.0 1.0 3 3
prism 0.0 3.0 4.0
boolean cut
plane 1.0 -2.6 -0.30000000000000004 0.0 0.6 0.8 1.0 -0.0 0.0
wire P 4 0.0 -0.9999999999999999 -1.5 6.0 -0.9999999999999999 -1.5 6.0 -0.19999999999999962 -2.0999999999999996 0.0 -0.19999999999999962 -2.0999999999999996
prism 0.0 4.2 5.6000000000000005
end
case dome_touch_line_common
plane 0.0 0.0 0.0 0.0 0.0 1.0 1.0 0.0 0.0
wire S 2 0.0 0.0 0.0 L 4.0 0.0 0.0 B 2 3 4.0 0.0 0.0 2.0 4.0 0.0 0.0 0.0 0.0 2 0.0 1.0 3 3
prism 0.0 0.0 5.0
boolean common
plane 0.0 0.0 -1.0 0.0 0.0 1.0 1.0 0.0 0.0
wire P 4 -1.0 2.0 -1.0 5.0 2.0 -1.0 5.0 3.0 -1.0 -1.0 3.0 -1.0
prism 0.0 0.0 7.0
end
case dome_tangent_disc_common
plane 0.0 0.0 0.0 0.0 0.0 1.0 1.0 0.0 0.0
wire S 2 0.0 0.0 0.0 L 4.0 0.0 0.0 B 2 3 4.0 0.0 0.0 2.0 4.0 0.0 0.0 0.0 0.0 2 0.0 1.0 3 3
prism 0.0 0.0 5.0
boolean common
plane 2.0 1.5 -1.0 0.0 0.0 1.0 1.0 0.0 0.0
wire C 2.0 1.5 -1.0 0.5
prism 0.0 0.0 7.0
end
case dome_tangent_disc_cut
plane 0.0 0.0 0.0 0.0 0.0 1.0 1.0 0.0 0.0
wire S 2 0.0 0.0 0.0 L 4.0 0.0 0.0 B 2 3 4.0 0.0 0.0 2.0 4.0 0.0 0.0 0.0 0.0 2 0.0 1.0 3 3
prism 0.0 0.0 5.0
boolean cut
plane 2.0 1.5 -1.0 0.0 0.0 1.0 1.0 0.0 0.0
wire C 2.0 1.5 -1.0 0.5
prism 0.0 0.0 7.0
end
case dome_tangent_disc_fuse_tilted
plane 1.0 -2.0 0.5 0.0 0.6 0.8 1.0 -0.0 0.0
wire S 2 1.0 -2.0 0.5 L 5.0 -2.0 0.5 B 2 3 5.0 -2.0 0.5 3.0 1.2000000000000002 -1.9 1.0 -2.0 0.5 2 0.0 1.0 3 3
prism 0.0 3.0 4.0
boolean fuse
plane 1.0 -2.0 0.5 0.0 0.6 0.8 1.0 -0.0 0.0
wire C 3.0 -0.7999999999999998 -0.3999999999999999 0.5
prism 0.0 3.0 4.0
end
case blob_identical_common_tilted
plane 1.0 -2.0 0.5 0.0 0.6 0.8 1.0 -0.0 0.0
wire S 4 5.0 -2.0 0.5 B 3 4 5.0 -2.0 0.5 7.5 -2.0 0.5 9.0 -0.7999999999999998 -0.3999999999999999 9.0 1.2000000000000002 -1.9 2 0.0 1.0 4 4 9.0 1.2000000000000002 -1.9 B 3 4 9.0 1.2000000000000002 -1.9 9.0 3.2 -3.4 7.5 4.4 -4.3 5.0 4.4 -4.3 2 0.0 1.0 4 4 5.0 4.4 -4.3 B 3 4 5.0 4.4 -4.3 2.5 4.4 -4.3 1.0 3.2 -3.4 1.0 1.2000000000000002 -1.9 2 0.0 1.0 4 4 1.0 1.2000000000000002 -1.9 B 3 4 1.0 1.2000000000000002 -1.9 1.0 -0.7999999999999998 -0.3999999999999999 2.5 -2.0 0.5 5.0 -2.0 0.5 2 0.0 1.0 4 4
prism 0.0 3.0 4.0
boolean common
plane 1.0 -2.0 0.5 0.0 0.6 0.8 1.0 -0.0 0.0
wire S 4 5.0 -2.0 0.5 B 3 4 5.0 -2.0 0.5 7.5 -2.0 0.5 9.0 -0.7999999999999998 -0.3999999999999999 9.0 1.2000000000000002 -1.9 2 0.0 1.0 4 4 9.0 1.2000000000000002 -1.9 B 3 4 9.0 1.2000000000000002 -1.9 9.0 3.2 -3.4 7.5 4.4 -4.3 5.0 4.4 -4.3 2 0.0 1.0 4 4 5.0 4.4 -4.3 B 3 4 5.0 4.4 -4.3 2.5 4.4 -4.3 1.0 3.2 -3.4 1.0 1.2000000000000002 -1.9 2 0.0 1.0 4 4 1.0 1.2000000000000002 -1.9 B 3 4 1.0 1.2000000000000002 -1.9 1.0 -0.7999999999999998 -0.3999999999999999 2.5 -2.0 0.5 5.0 -2.0 0.5 2 0.0 1.0 4 4
prism 0.0 3.0 4.0
end
case blob_identical_cut
plane 0.0 0.0 0.0 0.0 0.0 1.0 1.0 0.0 0.0
wire S 4 4.0 0.0 0.0 B 3 4 4.0 0.0 0.0 6.5 0.0 0.0 8.0 1.5 0.0 8.0 4.0 0.0 2 0.0 1.0 4 4 8.0 4.0 0.0 B 3 4 8.0 4.0 0.0 8.0 6.5 0.0 6.5 8.0 0.0 4.0 8.0 0.0 2 0.0 1.0 4 4 4.0 8.0 0.0 B 3 4 4.0 8.0 0.0 1.5 8.0 0.0 0.0 6.5 0.0 0.0 4.0 0.0 2 0.0 1.0 4 4 0.0 4.0 0.0 B 3 4 0.0 4.0 0.0 0.0 1.5 0.0 1.5 0.0 0.0 4.0 0.0 0.0 2 0.0 1.0 4 4
prism 0.0 0.0 5.0
boolean cut
plane 0.0 0.0 0.0 0.0 0.0 1.0 1.0 0.0 0.0
wire S 4 4.0 0.0 0.0 B 3 4 4.0 0.0 0.0 6.5 0.0 0.0 8.0 1.5 0.0 8.0 4.0 0.0 2 0.0 1.0 4 4 8.0 4.0 0.0 B 3 4 8.0 4.0 0.0 8.0 6.5 0.0 6.5 8.0 0.0 4.0 8.0 0.0 2 0.0 1.0 4 4 4.0 8.0 0.0 B 3 4 4.0 8.0 0.0 1.5 8.0 0.0 0.0 6.5 0.0 0.0 4.0 0.0 2 0.0 1.0 4 4 0.0 4.0 0.0 B 3 4 0.0 4.0 0.0 0.0 1.5 0.0 1.5 0.0 0.0 4.0 0.0 0.0 2 0.0 1.0 4 4
prism 0.0 0.0 5.0
end
case bulge_identical_fuse
plane 0.0 0.0 0.0 0.0 0.0 1.0 1.0 0.0 0.0
wire S 4 0.0 0.0 0.0 L 10.0 0.0 0.0 B 2 3 10.0 0.0 0.0 12.0 3.0 0.0 10.0 6.0 0.0 2 0.0 1.0 3 3 10.0 6.0 0.0 L 0.0 6.0 0.0 L
prism 0.0 0.0 5.0
boolean fuse
plane 0.0 0.0 0.0 0.0 0.0 1.0 1.0 0.0 0.0
wire S 4 0.0 0.0 0.0 L 10.0 0.0 0.0 B 2 3 10.0 0.0 0.0 12.0 3.0 0.0 10.0 6.0 0.0 2 0.0 1.0 3 3 10.0 6.0 0.0 L 0.0 6.0 0.0 L
prism 0.0 0.0 5.0
end
case bulge_shared_same_common
plane 0.0 0.0 0.0 0.0 0.0 1.0 1.0 0.0 0.0
wire S 4 0.0 0.0 0.0 L 10.0 0.0 0.0 B 2 3 10.0 0.0 0.0 12.0 3.0 0.0 10.0 6.0 0.0 2 0.0 1.0 3 3 10.0 6.0 0.0 L 0.0 6.0 0.0 L
prism 0.0 0.0 5.0
boolean common
plane 0.0 0.0 -1.0 0.0 0.0 1.0 1.0 0.0 0.0
wire S 4 8.0 0.0 -1.0 L 10.0 0.0 -1.0 B 2 3 10.0 0.0 -1.0 12.0 3.0 -1.0 10.0 6.0 -1.0 2 0.0 1.0 3 3 10.0 6.0 -1.0 L 8.0 6.0 -1.0 L
prism 0.0 0.0 7.0
end
case bulge_shared_same_cut_tilted
plane 1.0 -2.0 0.5 0.0 0.6 0.8 1.0 -0.0 0.0
wire S 4 1.0 -2.0 0.5 L 11.0 -2.0 0.5 B 2 3 11.0 -2.0 0.5 13.0 0.40000000000000036 -1.2999999999999998 11.0 2.8000000000000007 -3.0999999999999996 2 0.0 1.0 3 3 11.0 2.8000000000000007 -3.0999999999999996 L 1.0 2.8000000000000007 -3.0999999999999996 L
prism 0.0 3.0 4.0
boolean cut
plane 1.0 -2.6 -0.30000000000000004 0.0 0.6 0.8 1.0 -0.0 0.0
wire S 4 9.0 -2.6 -0.30000000000000004 L 11.0 -2.6 -0.30000000000000004 B 2 3 11.0 -2.6 -0.30000000000000004 13.0 -0.19999999999999962 -2.0999999999999996 11.0 2.2000000000000006 -3.8999999999999995 2 0.0 1.0 3 3 11.0 2.2000000000000006 -3.8999999999999995 L 9.0 2.2000000000000006 -3.8999999999999995 L
prism 0.0 4.2 5.6000000000000005
end
case bulge_shared_opposite_fuse
plane 0.0 0.0 0.0 0.0 0.0 1.0 1.0 0.0 0.0
wire S 4 0.0 0.0 0.0 L 10.0 0.0 0.0 B 2 3 10.0 0.0 0.0 12.0 3.0 0.0 10.0 6.0 0.0 2 0.0 1.0 3 3 10.0 6.0 0.0 L 0.0 6.0 0.0 L
prism 0.0 0.0 5.0
boolean fuse
plane 0.0 0.0 0.0 0.0 0.0 1.0 1.0 0.0 0.0
wire S 4 10.0 0.0 0.0 L 14.0 0.0 0.0 L 14.0 6.0 0.0 L 10.0 6.0 0.0 B 2 3 10.0 6.0 0.0 12.0 3.0 0.0 10.0 0.0 0.0 2 0.0 1.0 3 3
prism 0.0 0.0 5.0
end
case bulge_shared_opposite_common_tilted
plane 1.0 -2.0 0.5 0.0 0.6 0.8 1.0 -0.0 0.0
wire S 4 1.0 -2.0 0.5 L 11.0 -2.0 0.5 B 2 3 11.0 -2.0 0.5 13.0 0.40000000000000036 -1.2999999999999998 11.0 2.8000000000000007 -3.0999999999999996 2 0.0 1.0 3 3 11.0 2.8000000000000007 -3.0999999999999996 L 1.0 2.8000000000000007 -3.0999999999999996 L
prism 0.0 3.0 4.0
boolean common
plane 1.0 -2.0 0.5 0.0 0.6 0.8 1.0 -0.0 0.0
wire S 4 11.0 -2.0 0.5 L 15.0 -2.0 0.5 L 15.0 2.8000000000000007 -3.0999999999999996 L 11.0 2.8000000000000007 -3.0999999999999996 B 2 3 11.0 2.8000000000000007 -3.0999999999999996 13.0 0.40000000000000036 -1.2999999999999998 11.0 -2.0 0.5 2 0.0 1.0 3 3
prism 0.0 3.0 4.0
end
case lens_hole_disc_cut
plane 0.0 0.0 0.0 0.0 0.0 1.0 1.0 0.0 0.0
wire P 4 0.0 0.0 0.0 10.0 0.0 0.0 10.0 10.0 0.0 0.0 10.0 0.0
wire S 2 3.0 5.0 0.0 B 3 4 3.0 5.0 0.0 4.0 2.0 0.0 6.0 2.0 0.0 7.0 5.0 0.0 2 0.0 1.0 4 4 7.0 5.0 0.0 B 3 4 7.0 5.0 0.0 6.0 8.0 0.0 4.0 8.0 0.0 3.0 5.0 0.0 2 0.0 1.0 4 4
prism 0.0 0.0 5.0
boolean cut
plane 5.0 5.0 -1.0 0.0 0.0 1.0 1.0 0.0 0.0
wire C 5.0 5.0 -1.0 2.125
prism 0.0 0.0 7.0
end
case lens_hole_fill_fuse
plane 0.0 0.0 0.0 0.0 0.0 1.0 1.0 0.0 0.0
wire P 4 0.0 0.0 0.0 10.0 0.0 0.0 10.0 10.0 0.0 0.0 10.0 0.0
wire S 2 3.0 5.0 0.0 B 3 4 3.0 5.0 0.0 4.0 2.0 0.0 6.0 2.0 0.0 7.0 5.0 0.0 2 0.0 1.0 4 4 7.0 5.0 0.0 B 3 4 7.0 5.0 0.0 6.0 8.0 0.0 4.0 8.0 0.0 3.0 5.0 0.0 2 0.0 1.0 4 4
prism 0.0 0.0 5.0
boolean fuse
plane 0.0 0.0 0.0 0.0 0.0 1.0 1.0 0.0 0.0
wire S 2 3.0 5.0 0.0 B 3 4 3.0 5.0 0.0 4.0 2.0 0.0 6.0 2.0 0.0 7.0 5.0 0.0 2 0.0 1.0 4 4 7.0 5.0 0.0 B 3 4 7.0 5.0 0.0 6.0 8.0 0.0 4.0 8.0 0.0 3.0 5.0 0.0 2 0.0 1.0 4 4
prism 0.0 0.0 5.0
end
case lens_hole_square_common_tilted
plane 1.0 -2.0 0.5 0.0 0.6 0.8 1.0 -0.0 0.0
wire P 4 1.0 -2.0 0.5 11.0 -2.0 0.5 11.0 6.0 -5.5 1.0 6.0 -5.5
wire S 2 4.0 2.0 -2.5 B 3 4 4.0 2.0 -2.5 5.0 -0.3999999999999999 -0.7 7.0 -0.3999999999999999 -0.7 8.0 2.0 -2.5 2 0.0 1.0 4 4 8.0 2.0 -2.5 B 3 4 8.0 2.0 -2.5 7.0 4.4 -4.3 5.0 4.4 -4.3 4.0 2.0 -2.5 2 0.0 1.0 4 4
prism 0.0 3.0 4.0
boolean common
plane 1.0 -2.6 -0.30000000000000004 0.0 0.6 0.8 1.0 -0.0 0.0
wire P 4 5.0 0.6000000000000002 -2.7 10.0 0.6000000000000002 -2.7 10.0 4.6000000000000005 -5.699999999999999 5.0 4.6000000000000005 -5.699999999999999
prism 0.0 4.2 5.6000000000000005
end
case vertex_on_spline_cut
plane 0.0 0.0 0.0 0.0 0.0 1.0 1.0 0.0 0.0
wire S 4 0.0 0.0 0.0 L 10.0 0.0 0.0 B 2 3 10.0 0.0 0.0 12.0 3.0 0.0 10.0 6.0 0.0 2 0.0 1.0 3 3 10.0 6.0 0.0 L 0.0 6.0 0.0 L
prism 0.0 0.0 5.0
boolean cut
plane 10.75 1.5 -1.0 0.0 0.0 1.0 1.0 0.0 0.0
wire P 3 10.75 1.5 -1.0 13.0 5.0 -1.0 8.0 5.0 -1.0
prism 0.0 0.0 7.0
end
case vertex_on_spline_fuse_tilted
plane 1.0 -2.0 0.5 0.0 0.6 0.8 1.0 -0.0 0.0
wire S 4 1.0 -2.0 0.5 L 11.0 -2.0 0.5 B 2 3 11.0 -2.0 0.5 13.0 0.40000000000000036 -1.2999999999999998 11.0 2.8000000000000007 -3.0999999999999996 2 0.0 1.0 3 3 11.0 2.8000000000000007 -3.0999999999999996 L 1.0 2.8000000000000007 -3.0999999999999996 L
prism 0.0 3.0 4.0
boolean fuse
plane 1.0 -2.0 0.5 0.0 0.6 0.8 1.0 -0.0 0.0
wire P 3 11.75 -0.7999999999999998 -0.3999999999999999 14.0 2.0 -2.5 9.0 2.0 -2.5
prism 0.0 3.0 4.0
end
case spline_end_on_edge_common
plane 0.0 0.0 0.0 0.0 0.0 1.0 1.0 0.0 0.0
wire S 4 0.0 0.0 0.0 L 10.0 0.0 0.0 B 2 3 10.0 0.0 0.0 12.0 3.0 0.0 10.0 6.0 0.0 2 0.0 1.0 3 3 10.0 6.0 0.0 L 0.0 6.0 0.0 L
prism 0.0 0.0 5.0
boolean common
plane 10.0 -1.0 -1.0 0.0 0.0 1.0 1.0 0.0 0.0
wire P 4 10.0 -1.0 -1.0 13.0 -1.0 -1.0 13.0 4.0 -1.0 10.0 4.0 -1.0
prism 0.0 0.0 7.0
end
case blob_inside_cut
plane 0.0 0.0 0.0 0.0 0.0 1.0 1.0 0.0 0.0
wire P 4 -1.0 -1.0 0.0 9.0 -1.0 0.0 9.0 9.0 0.0 -1.0 9.0 0.0
prism 0.0 0.0 5.0
boolean cut
plane 0.0 0.0 -1.0 0.0 0.0 1.0 1.0 0.0 0.0
wire S 4 4.0 0.0 -1.0 B 3 4 4.0 0.0 -1.0 6.5 0.0 -1.0 8.0 1.5 -1.0 8.0 4.0 -1.0 2 0.0 1.0 4 4 8.0 4.0 -1.0 B 3 4 8.0 4.0 -1.0 8.0 6.5 -1.0 6.5 8.0 -1.0 4.0 8.0 -1.0 2 0.0 1.0 4 4 4.0 8.0 -1.0 B 3 4 4.0 8.0 -1.0 1.5 8.0 -1.0 0.0 6.5 -1.0 0.0 4.0 -1.0 2 0.0 1.0 4 4 0.0 4.0 -1.0 B 3 4 0.0 4.0 -1.0 0.0 1.5 -1.0 1.5 0.0 -1.0 4.0 0.0 -1.0 2 0.0 1.0 4 4
prism 0.0 0.0 7.0
end
case blob_inside_common_tilted
plane 1.0 -2.0 0.5 0.0 0.6 0.8 1.0 -0.0 0.0
wire P 4 0.0 -2.8 1.1 10.0 -2.8 1.1 10.0 5.2 -4.8999999999999995 0.0 5.2 -4.8999999999999995
prism 0.0 3.0 4.0
boolean common
plane 1.0 -2.6 -0.30000000000000004 0.0 0.6 0.8 1.0 -0.0 0.0
wire S 4 5.0 -2.6 -0.30000000000000004 B 3 4 5.0 -2.6 -0.30000000000000004 7.5 -2.6 -0.30000000000000004 9.0 -1.4 -1.2 9.0 0.6000000000000002 -2.7 2 0.0 1.0 4 4 9.0 0.6000000000000002 -2.7 B 3 4 9.0 0.6000000000000002 -2.7 9.0 2.6 -4.2 7.5 3.8000000000000003 -5.1 5.0 3.8000000000000003 -5.1 2 0.0 1.0 4 4 5.0 3.8000000000000003 -5.1 B 3 4 5.0 3.8000000000000003 -5.1 2.5 3.8000000000000003 -5.1 1.0 2.6 -4.2 1.0 0.6000000000000002 -2.7 2 0.0 1.0 4 4 1.0 0.6000000000000002 -2.7 B 3 4 1.0 0.6000000000000002 -2.7 1.0 -1.4 -1.2 2.5 -2.6 -0.30000000000000004 5.0 -2.6 -0.30000000000000004 2 0.0 1.0 4 4
prism 0.0 4.2 5.6000000000000005
end
case blob_apart_fuse
plane 0.0 0.0 0.0 0.0 0.0 1.0 1.0 0.0 0.0
wire S 4 4.0 0.0 0.0 B 3 4 4.0 0.0 0.0 6.5 0.0 0.0 8.0 1.5 0.0 8.0 4.0 0.0 2 0.0 1.0 4 4 8.0 4.0 0.0 B 3 4 8.0 4.0 0.0 8.0 6.5 0.0 6.5 8.0 0.0 4.0 8.0 0.0 2 0.0 1.0 4 4 4.0 8.0 0.0 B 3 4 4.0 8.0 0.0 1.5 8.0 0.0 0.0 6.5 0.0 0.0 4.0 0.0 2 0.0 1.0 4 4 0.0 4.0 0.0 B 3 4 0.0 4.0 0.0 0.0 1.5 0.0 1.5 0.0 0.0 4.0 0.0 0.0 2 0.0 1.0 4 4
prism 0.0 0.0 5.0
boolean fuse
plane 12.0 0.0 0.0 0.0 0.0 1.0 1.0 0.0 0.0
wire P 4 12.0 0.0 0.0 15.0 0.0 0.0 15.0 3.0 0.0 12.0 3.0 0.0
prism 0.0 0.0 5.0
end
case blob_apart_common_tilted
plane 1.0 -2.0 0.5 0.0 0.6 0.8 1.0 -0.0 0.0
wire S 4 5.0 -2.0 0.5 B 3 4 5.0 -2.0 0.5 7.5 -2.0 0.5 9.0 -0.7999999999999998 -0.3999999999999999 9.0 1.2000000000000002 -1.9 2 0.0 1.0 4 4 9.0 1.2000000000000002 -1.9 B 3 4 9.0 1.2000000000000002 -1.9 9.0 3.2 -3.4 7.5 4.4 -4.3 5.0 4.4 -4.3 2 0.0 1.0 4 4 5.0 4.4 -4.3 B 3 4 5.0 4.4 -4.3 2.5 4.4 -4.3 1.0 3.2 -3.4 1.0 1.2000000000000002 -1.9 2 0.0 1.0 4 4 1.0 1.2000000000000002 -1.9 B 3 4 1.0 1.2000000000000002 -1.9 1.0 -0.7999999999999998 -0.3999999999999999 2.5 -2.0 0.5 5.0 -2.0 0.5 2 0.0 1.0 4 4
prism 0.0 3.0 4.0
boolean common
plane 1.0 -2.0 0.5 0.0 0.6 0.8 1.0 -0.0 0.0
wire P 4 13.0 -2.0 0.5 16.0 -2.0 0.5 16.0 0.40000000000000036 -1.2999999999999998 13.0 0.40000000000000036 -1.2999999999999998
prism 0.0 3.0 4.0
end
case bulge_step_fuse
plane 0.0 0.0 0.0 0.0 0.0 1.0 1.0 0.0 0.0
wire S 4 0.0 0.0 0.0 L 10.0 0.0 0.0 B 2 3 10.0 0.0 0.0 12.0 3.0 0.0 10.0 6.0 0.0 2 0.0 1.0 3 3 10.0 6.0 0.0 L 0.0 6.0 0.0 L
prism 0.0 0.0 5.0
boolean fuse
plane 9.0 -1.0 0.0 0.0 0.0 1.0 1.0 0.0 0.0
wire P 4 9.0 -1.0 0.0 13.0 -1.0 0.0 13.0 2.0 0.0 9.0 2.0 0.0
prism 0.0 0.0 8.0
end
case blob_pocket_cut
plane 0.0 0.0 0.0 0.0 0.0 1.0 1.0 0.0 0.0
wire P 4 -1.0 -1.0 0.0 9.0 -1.0 0.0 9.0 9.0 0.0 -1.0 9.0 0.0
prism 0.0 0.0 5.0
boolean cut
plane 0.0 0.0 3.0 0.0 0.0 1.0 1.0 0.0 0.0
wire S 4 4.0 0.0 3.0 B 3 4 4.0 0.0 3.0 6.5 0.0 3.0 8.0 1.5 3.0 8.0 4.0 3.0 2 0.0 1.0 4 4 8.0 4.0 3.0 B 3 4 8.0 4.0 3.0 8.0 6.5 3.0 6.5 8.0 3.0 4.0 8.0 3.0 2 0.0 1.0 4 4 4.0 8.0 3.0 B 3 4 4.0 8.0 3.0 1.5 8.0 3.0 0.0 6.5 3.0 0.0 4.0 3.0 2 0.0 1.0 4 4 0.0 4.0 3.0 B 3 4 0.0 4.0 3.0 0.0 1.5 3.0 1.5 0.0 3.0 4.0 0.0 3.0 2 0.0 1.0 4 4
prism 0.0 0.0 3.0
end
case bulge_slot_cut_tilted
plane 1.0 -2.0 0.5 0.0 0.6 0.8 1.0 -0.0 0.0
wire S 4 1.0 -2.0 0.5 L 11.0 -2.0 0.5 B 2 3 11.0 -2.0 0.5 13.0 0.40000000000000036 -1.2999999999999998 11.0 2.8000000000000007 -3.0999999999999996 2 0.0 1.0 3 3 11.0 2.8000000000000007 -3.0999999999999996 L 1.0 2.8000000000000007 -3.0999999999999996 L
prism 0.0 3.0 4.0
boolean cut
plane 1.0 -0.8 2.1 0.0 0.6 0.8 1.0 -0.0 0.0
wire P 4 10.0 0.8 0.9000000000000001 14.0 0.8 0.9000000000000001 14.0 2.4000000000000004 -0.2999999999999998 10.0 2.4000000000000004 -0.2999999999999998
prism 0.0 0.6 0.8
end
case lens_plug_fuse
plane 0.0 0.0 0.0 0.0 0.0 1.0 1.0 0.0 0.0
wire P 4 0.0 0.0 0.0 10.0 0.0 0.0 10.0 10.0 0.0 0.0 10.0 0.0
wire S 2 3.0 5.0 0.0 B 3 4 3.0 5.0 0.0 4.0 2.0 0.0 6.0 2.0 0.0 7.0 5.0 0.0 2 0.0 1.0 4 4 7.0 5.0 0.0 B 3 4 7.0 5.0 0.0 6.0 8.0 0.0 4.0 8.0 0.0 3.0 5.0 0.0 2 0.0 1.0 4 4
prism 0.0 0.0 5.0
boolean fuse
plane 0.0 0.0 0.0 0.0 0.0 1.0 1.0 0.0 0.0
wire S 2 3.0 5.0 0.0 B 3 4 3.0 5.0 0.0 4.0 2.0 0.0 6.0 2.0 0.0 7.0 5.0 0.0 2 0.0 1.0 4 4 7.0 5.0 0.0 B 3 4 7.0 5.0 0.0 6.0 8.0 0.0 4.0 8.0 0.0 3.0 5.0 0.0 2 0.0 1.0 4 4
prism 0.0 0.0 3.0
end
case waves_step_fuse_tilted
plane 1.0 -2.0 0.5 0.0 0.6 0.8 1.0 -0.0 0.0
wire S 4 1.0 -2.0 0.5 L 11.0 -2.0 0.5 L 11.0 2.8000000000000007 -3.0999999999999996 B 2 5 11.0 2.8000000000000007 -3.0999999999999996 9.0 4.4 -4.3 6.0 2.0 -2.5 3.0 4.4 -4.3 1.0 2.8000000000000007 -3.0999999999999996 4 0.0 1.0 2.0 3.0 3 1 1 3 1.0 2.8000000000000007 -3.0999999999999996 L
prism 0.0 3.0 4.0
boolean fuse
plane 1.0 -0.8 2.1 0.0 0.6 0.8 1.0 -0.0 0.0
wire S 4 12.0 4.800000000000001 -2.1 L 12.0 8.8 -5.1 L 0.0 8.8 -5.1 L 0.0 4.800000000000001 -2.1 B 2 5 0.0 4.800000000000001 -2.1 3.0 3.2 -0.8999999999999999 6.0 5.4 -2.5499999999999994 9.0 3.2 -0.8999999999999999 12.0 4.800000000000001 -2.1 4 0.0 1.0 2.0 3.0 3 1 1 3
prism 0.0 3.5999999999999996 4.800000000000001
end
