bulge_rect_fuse done 1 1 0
S 364.81481481481484 342.56909492170166 6.0838240270727564 2.668020304568528 2.5 14 32 20 10 24 16 1
bulge_rect_cut_tilted done 1 1 0
S 304.81481481481489 287.45798381059058 6.1161198865937623 1.9758201701093558 0.64313487241798306 8 18 12 8 18 12 1
dome_rect_common done 1 1 0
S 17.238576250846034 52.637895387142478 2 0.47184910359318377 2.5 6 12 8 6 12 8 1
dome_bar_cut done 2 1 0
S 8.4374999999999982 32.438856526859595 0.95833333333333337 0.6958333333333333 2.5 5 9 6 5 9 6 1
S 8.4375 32.438856526859595 3.0416666666666665 0.69583333333333341 2.5 5 9 6 5 9 6 1
straight_spline_rects_fuse done 1 1 0
S 874.99999999583372 649.99999999500062 7.4999999999910729 7.5000000000178559 2.4999999999999996 14 32 20 10 24 16 1
wave_bar_common_tilted done 1 1 0
S 58.611111111111114 104.97561828292922 6.0000000000000009 1.8451184834123224 0.74116113744075862 6 12 8 6 12 8 1
bulge_disc_cut done 1 1 0
S 303.56179904925091 289.57132589124626 5.0676308525710034 3.0000000000000004 2.5000000000000004 8 18 12 8 18 12 1
blob_disc_common_tilted done 1 1 0
S 26.851861129669132 56.934436036620056 8.0522105657677763 3.343816180484549 -0.3828621353634114 5 9 6 5 9 6 1
capsule_disc_fuse done 1 1 0
S 22.074604807860368 51.405252807533138 0.99433784664305802 -4.2938932053650133e-18 0.99999999999999989 12 24 14 8 18 12 1
capsule_parabola_common done 1 1 0
S 1.852784924217143 10.046151890794548 3.5061156665116289 -0.33017518129456536 1 5 9 6 5 9 6 1
capsule_parabola_cut_tilted done 1 1 0
S 18.088805209415774 43.619026937729309 2.0601206672041874 -1.3729448142285503 1.2797086106714128 7 15 10 7 15 10 1
waves_common done 2 1 0
S 14.534319744297854 42.108812834743546 8.0116761063872275 6.4499008442037082 2.4999999999924807 4 6 4 4 6 4 1
S 14.536522054320914 42.111455606750134 1.9883141867398895 6.4498991633895386 2.4999999999921849 4 6 4 4 6 4 1
waves_fuse_tilted done 1 1 0
S 639.99863936403233 526.95352954737791 5.9999938548846856 4.5152247748127214 -1.261418581109268 20 44 24 14 36 24 1
waves_at_knots_cut done 1 1 0
S 301.26007031466514 286.18173621092501 5.000000000000016 3.0153130647617354 2.4999999999988072 10 24 16 10 24 16 1
blobs_common done 1 1 0
S 135.89861298754735 150.20083131527423 5.4999999780314797 4.4999999881127595 2.499999999994031 6 12 8 6 12 8 1
blobs_cut_tilted done 1 1 0
S 125.35136694233569 178.4308311000477 3.373788205687835 2.2663431310835587 0.4252426516897474 8 18 12 8 18 12 1
dome_tangent_line_common done 1 1 0
S 18.333333333333332 43.811269080296526 2 0.92272727272727284 2.5 6 14 10 6 14 10 1
dome_tangent_line_fuse_tilted done 1 1 0
S 38.333333332537023 78.434254735452114 2.9999999999758216 -0.094782608700194212 2.1960869565244661 22 48 33 12 37 32 1
dome_tangent_line_cut done 2 1 0
S 4.1666666666666661 23.217127368631047 0.65000000000000013 0.53000000000000014 2.5000000000000004 5 9 6 5 9 6 1
S 4.166666666666667 23.217127368631047 3.3499999999999996 0.53000000000000003 2.4999999999999996 5 9 6 5 9 6 1
dome_touch_line_cut_tilted done 1 1 0
S 26.666666666666664 60.245523824736779 3.0000000000000004 0.14000000000000001 2.02 4 10 9 4 10 9 1
dome_touch_line_common done 0 1 0
dome_tangent_disc_common done 1 1 0
S 3.9269908169872414 17.278759594743864 1.9999999999999998 1.4999999999999996 2.4999999999999996 3 5 4 3 3 2 1
dome_tangent_disc_cut done 1 1 0
S 22.739675849679426 74.382690765890842 1.9999999999999998 0.67911465448924468 2.5 5 13 8 5 13 8 1
dome_tangent_disc_fuse_tilted done 1 1 0
S 26.666666666666668 60.245523824736765 3.0000000000000004 0.13999999999999996 2.0200000000000005 6 20 24 4 16 22 1
blob_identical_common_tilted done 1 1 0
S 261.25000000000006 232.79030235695927 4.9999999999999991 2.6999999999999997 0.10000000000000001 6 12 8 6 12 8 1
blob_identical_cut done 0 1 0
bulge_identical_fuse done 1 1 0
S 320 290.09352151545431 5.3375000000000004 3 2.5 6 12 8 6 12 8 1
bulge_shared_same_common done 1 1 0
S 80 114.09352151545431 9.3499999999999996 3 2.5 6 12 8 6 12 8 1
bulge_shared_same_cut_tilted done 1 1 0
S 240.00000000000003 236 5 1.9000000000000004 0.70000000000000018 6 12 8 6 12 8 1
bulge_shared_opposite_fuse done 1 1 0
S 420 368 6.9999999999999991 3 2.4999999999999996 10 20 12 6 12 8 1
bulge_shared_opposite_common_tilted done 0 1 0
lens_hole_disc_cut done 1 1 0
S 427.78726911651665 438.70169607450168 5.0000000000000018 5.0000000000000009 2.5000000000000004 11 27 18 10 24 16 1
lens_hole_fill_fuse done 1 1 0
S 499.99999999999989 400 4.9999999999999991 4.9999999999999991 2.5 8 16 12 6 12 8 1
lens_hole_square_common_tilted done 1 1 0
S 84.740314416225658 134.18532529819177 8.0611180659073209 5.0937736341307431 -1.6953302255980569 8 18 12 8 18 12 1
vertex_on_spline_cut done 1 1 0
S 293.66898148148545 296.6377556657319 4.9264112770793229 2.9331671461789965 2.5000000000000004 9 21 14 9 21 14 1
vertex_on_spline_fuse_tilted done 1 1 0
S 337.41898148147999 312.1307290630802 6.6598920637098562 1.9399066991390197 0.67006997564573556 13 27 16 9 21 14 1
spline_end_on_edge_common done 1 1 0
S 14.814814814814817 51.457983810590548 10.426666666666664 2.3999999999999999 2.4999999999999996 5 9 6 5 9 6 1
blob_inside_cut done 1 1 0
S 238.75002968420569 423.79033797800594 4.0000000156081246 4.0000000000000027 2.4999999999999991 10 24 16 10 24 16 1
blob_inside_common_tilted done 1 1 0
S 261.24995670099219 232.79025039815008 4.9999999999999991 2.7000000164314035 0.09999998767644902 6 12 8 6 12 8 1
blob_apart_fuse done 2 1 0
S 45 78 13.5 1.5 2.5 6 12 8 6 12 8 1
S 261.25 232.79030235695927 4.0000000000000009 4.0000000000000009 2.5 6 12 8 6 12 8 1
blob_apart_common_tilted done 0 1 0
bulge_step_fuse done 1 1 0
S 400.81481481481472 384.56909492170166 6.5253803979547866 2.4732951395305864 2.8592681574570329 13 31 20 11 27 18 1
blob_pocket_cut done 1 1 0
S 395.50001038947187 451.31613875330709 4.0000000032977354 4.0000000000000018 2.103666309850782 11 24 16 11 24 16 1
bulge_slot_cut_tilted done 1 1 0
S 316.07407380337827 301.70681169626181 6.2798140735229175 1.9000000000000001 0.70000000000000018 11 24 16 11 24 16 1
lens_plug_fuse done 1 1 0
S 474.79999999999995 425.56390431073748 4.9999999999999991 4.9999999999999991 2.4203875315922496 10 20 14 9 18 12 1
waves_step_fuse_tilted done 1 1 0
S 720.25827168471164 590.99180089762206 5.9999389073473219 5.5719525340376759 -0.31101019310759387 12 36 24 12 36 24 1
