apex_ellipse done 2
S above 3.8249120759274273 16.194177850347643 -0.13574660945009964 2.8009240087246221e-09 1.472850675577851 2 3 2 1
S below 8.7414585066186987 30.72852027218449 0.059397279291562556 -2.7575372819973217e-09 0.43370950168329081 3 3 2 1
apex_parabola done 2
S above 4.4832220267483311 19.520011846734469 0.53992743977823687 -1.9027303530901442e-10 0.63498186005618684 3 6 4 1
S below 3.894358383088508 19.946599812011065 -0.62156955078390563 2.9223820430123425e-10 0.34460761210765228 3 3 2 1
apex_hyperbola done 2
S above 2.1053700785583671 12.88170661446869 1.1590820624799067 4.5850371814685181e-10 0.48910353225351405 4 6 4 1
S below 10.461000550723963 30.328937970953348 -0.23327564934191136 3.4572886377492754e-15 0.80250775237657901 3 6 4 1
frustum_top_tongue done 2
S above 0.11274744718467768 2.2366114693449335 0.89057093680310373 6.8650453673732125e-14 2.8241218277027849 4 6 4 1
S below 21.878401127940833 45.25516642750933 -0.0045894395607748179 -4.6560851499576427e-16 1.1700913021839647 4 6 4 1
frustum_rulings done 2
S above 6.8594533864809071 25.539196933351832 0.94914779397761795 -7.0166835852958632e-17 1.1785714285714284 5 9 6 1
S below 15.131695188647647 37.229077715818484 -0.4302647501487587 5.907515316525095e-17 1.1785714285714284 4 6 4 1
frustum_touch_both done 2
S above 5.7441732176813982 23.706226526121789 0.58009431027609049 -5.4360119941171818e-10 2.0097170691144042 4 5 3 1
S below 16.246975355308404 40.655057455838538 -0.20509431002340042 1.5857744101121018e-10 0.88471706929723803 3 3 2 1
widening_oblique done 2
S above 2.7292939095667101 27.220368656506206 0.60311227007651225 0.402074846780689 0.34930116572603748 5 9 6 1
S below 2.375794152583433 22.9398733287697 -0.69285070163455909 -0.4619004677563826 0.28055383800466033 4 6 4 1
tilted_oblique done 2
S above 1.8644089688130181 9.4131874705731118 1.0863954171170855 -0.57355622883710977 2.4019250307553048 3 3 2 1
S below 14.62895246719121 36.786583304089653 0.98898920557521941 -1.5294869440380749 1.1273507406579271 3 3 2 1
zone_side_cap done 2
S above 0.24294983227407685 4.900884544219152 1.8672413794089229 1.5363041307008868e-09 1.7050629182419396e-09 3 3 2 1
S below 27.040072804885352 46.418549354097721 -0.01677680374205695 1.7583852989493951e-12 0.23604249486124435 4 6 4 1
cap_oblique done 2
S above 4.9482470970250416 19.552579864803857 0.68763230453940949 2.080008023853401e-08 1.1602143974371266 3 6 4 1
S below 5.7158381417992512 22.540324654014746 -0.59528880952134156 -1.5704455043901068e-08 0.93321052537154425 3 3 2 1
zone_both_rims done 2
S above 11.356665041980667 29.962573592140231 0.91089036469162343 -3.4663515873886997e-11 0.31044079575319583 5 9 6 1
S below 15.926357514351253 35.746631912348057 -0.64953186916832328 2.7724148071129363e-11 0.17939030574821468 4 6 4 1
tilted_zone_oblique done 2
S above 5.2131117308135142 17.727936615654198 1.4589396092770475 -2.4001473215036517 0.80785952187924825 5 9 6 1
S below 7.2792759116567485 20.894632411055031 0.67132672372668123 -1.650211380070939 0.36381715304456663 4 6 4 1
