rim_pipe_fuse done 1 1 0
S 100.05962110677153 146.16471279721983 -2.2189760598723933e-09 0.07544032213077051 0.74001481277862347 7 15 10 7 15 10 1
rim_pipe_cut done 1 1 0
S 68.64369147340247 101.53268797826742 3.5159946170364638e-08 -0.027333155407060977 -0.24853842110878965 6 12 8 5 11 8 1
rim_pipe_common done 1 1 0
S 6.7545352324302614 23.481301096312126 -3.8565110242533769e-07 0.27777614091533959 2.5257999641681592 6 12 8 4 9 7 1
rim_bite_fuse done 1 1 0
S 119.77130278336469 158.60625296360752 -2.081988201827763e-06 0.48659312631318574 1.0088808997640846 6 9 6 6 9 6 1
rim_bite_common done 1 1 0
S 12.175944661848455 31.460617183645802 3.5533380008925327e-06 0.7867111939631708 2.1511853790797613 4 6 4 3 4 3 1
blind_wall_cut done 1 1 0
S 74.17130416979235 102.3765084398182 0.028400791228973904 -0.0042992021460909408 -0.0049625067284434603 5 6 4 5 6 4 1
blind_wall_common done 1 1 0
S 1.2269335851647012 8.4211144708112649 -1.7169028296137032 0.25990847630852038 0.29999992839207396 3 3 2 3 3 2 1
hole_rim_cut done 1 1 0
S 342.48648657083464 387.57522753867426 4.9999999919989513 4.9891096027416575 1.9658235066224279 12 33 22 10 29 20 1
hole_rim_common done 2 1 0
S 3.6240106316010774 15.945501547394036 1.5578646751941985 5.5145967004193439 3.6149198409056051 5 9 6 4 7 5 1
S 3.6240111027081978 15.945503044990792 8.4421351193505476 5.5145966575570649 3.6149198576383537 6 12 8 4 8 6 1
rim_tiltx_fuse done 1 1 0
S 90.695373087403027 138.47878858965268 0.086216687117814744 -0.099155375960402137 0.34066919692523751 7 12 8 7 12 8 1
rim_tiltx_cut done 1 1 0
S 66.567946520863671 115.57038030605459 -0.06375824509105936 -0.015486164941535249 -0.18826270002548193 4 9 6 4 9 6 1
enter_lean_fuse done 1 1 0
S 80.504386136719702 115.17978389309054 0.17499759620680691 0.019364214788355497 0.25757869066305145 5 9 6 5 9 6 1
enter_lean_cut done 1 1 0
S 72.037794006099404 108.55889087113746 -0.051247677610575887 -0.013618870801643231 -0.088243679048513893 5 9 6 5 9 6 1
enter_lean_common done 1 1 0
S 3.3604267542549846 12.620200892503364 1.0986016568034811 0.29194910870133428 1.8916864877747537 5 9 6 4 7 5 1
blind_tilt_cut done 1 1 0
S 75.209883586072664 100.99427016713858 -0.00050976140597206886 -0.0045921635985327631 -0.0022643948747111155 5 6 4 5 6 4 1
blind_tilt_common done 1 1 0
S 0.18837705562475399 2.4962090918164552 0.2037714026946377 1.8336539716309541 0.90428310816244784 3 3 2 3 3 2 1
hole_rim_tiltx_fuse done 1 1 0
S 360.79286262695655 418.398850672788 5.0182138056090126 5.0040944635134066 2.014192945757411 11 27 18 11 27 18 1
hole_rim_tiltx_common done 2 1 0
S 0.3194888132036281 3.4020451258928857 5.670385885846196 2.8370906372458342 3.7737980782208682 4 6 4 3 5 4 1
S 2.1939672713446483 10.832593195549673 5.6187643961167542 7.7346632972394005 0.64481934984055045 3 3 2 3 3 2 1
