hemi_wedge_fuse done 1 1 1
S 261.79938779914869 235.6194490192342 5 5.0000000000000044 5.8750000000000044 5 12 6 2 3 2 1
hemi_wedge_cut done 1 0 1
S 196.34954084936135 215.98449493429786 4.9999999999999982 4.1161165235168173 5.8750000000000044 5 11 6 4 7 4 0
hemi_wedge_common done 1 1 1
S 65.449846949787343 98.174770424680972 4.9999999999999991 7.6516504294495542 5.875 4 7 4 4 7 4 1
wedge_hemi_cut done 0 1 1
wedge_wedge_fuse done 1 1 1
S 81.725140437190902 112.82253456334419 5.4842530501162141 7.4478836937441795 5.875 8 15 6 4 7 4 1
wedge_wedge_cut done 1 1 1
S 16.275293487403616 53.917672308535664 3.3715486363515126 7.4316396234891684 5.875 4 7 4 4 7 4 1
wedge_wedge_common done 1 1 1
S 49.174553462383713 83.527006286017709 5.538968267268876 7.7244673679936859 5.8750000000000018 4 7 4 4 7 4 1
wedge_back_cut done 1 1 1
S 16.275293487403566 53.917672308535472 7.4316396234891675 6.6284513636484856 5.8750000000000062 4 7 4 4 7 4 1
high_wedge_fuse done 1 1 1
S 70.53587616460095 106.7192995055677 5.1420463923991813 7.5555791121147431 5.9831583477380716 8 17 8 6 12 7 1
high_wedge_cut done 1 1 1
S 5.0860292148136033 23.899150313496197 6.9699782130064136 6.3192800760191998 7.3750000000000036 4 7 4 4 7 4 1
high_wedge_common done 1 1 1
S 15.367047956994945 41.17126180036103 5.4366418994678121 7.2072108486590407 7.375 4 7 4 4 7 4 1
wedge_high_cut done 1 1 1
S 50.082798992792441 94.486678915002301 4.8660239215040502 7.788019092730087 5.4147507248185232 6 12 7 6 12 7 1
half_octant_fuse done 1 1 1
S 130.89969389957474 157.07963267948969 5 6.8749999999999991 5.875 6 11 5 3 5 3 1
half_octant_cut done 1 1 1
S 65.449846949787414 98.174770424681213 3.1250000000000018 6.8749999999999991 5.8750000000000009 4 7 4 4 7 4 1
half_octant_common done 1 1 1
S 65.449846949787371 98.174770424681057 6.875 6.875 5.8750000000000009 4 7 4 4 7 4 1
octant_half_cut done 0 1 1
x_wedges_fuse done 1 1 1
S 81.725140437190888 112.82253456334413 6.8749999999999991 5.4842530501162141 6.4478836937441804 8 15 6 4 7 4 1
x_wedges_cut done 1 1 1
S 16.275293487403584 53.917672308535607 6.8750000000000036 3.3715486363515152 6.4316396234891711 4 7 4 4 7 4 1
x_wedges_common done 1 1 1
S 49.174553462383706 83.527006286017709 6.8750000000000009 5.5389682672688769 6.7244673679936859 4 7 4 4 7 4 1
same_wedge_fuse done 1 1 1
S 65.449846949787343 98.174770424680972 4.9999999999999991 7.6516504294495542 5.875 4 7 4 4 7 4 1
same_wedge_cut done 0 1 1
same_wedge_common done 1 1 1
S 65.449846949787343 98.174770424680972 4.9999999999999991 7.6516504294495542 5.875 4 7 4 4 7 4 1
cap_cap_fuse done 1 1 1
S 166.62633083395465 191.95000442312647 5.0000000000000009 5 6.5963567283204378 3 5 3 2 3 2 1
cap_cap_cut done 1 1 1
S 78.672366702603028 170.66588935003611 5.0000000000000009 4.9999999999999991 5.7981919135135138 3 3 2 3 3 2 1
cap_cap_common done 1 1 1
S 87.953964131351597 142.25917528365952 4.9999999999999991 5 7.3102928836690371 2 3 2 2 3 2 1
cap_back_cut done 0 1 1
cap_wedge_fuse done 1 1 1
S 131.41532004830106 188.61763102765173 5 5.9557098743432055 6.5954622267126748 8 17 8 5 12 8 1
cap_wedge_cut done 1 1 1
S 65.965473098513641 122.94590232251817 5 4.2730258192788151 7.3102928836690388 5 10 5 4 7 4 1
cap_wedge_common done 1 1 1
S 21.988491032837938 51.816314680688748 5.0000000000000018 7.1809225421635494 7.3102928836690353 4 7 4 4 7 4 1
wedge_cap_cut done 1 1 1
S 43.461355916949486 76.602220796634811 4.9999999999999991 7.8898067342890545 5.1488393905068071 5 9 6 5 9 6 1
chain_zone_fuse done 1 1 0
S 135.83858715397199 219.43659001938912 5.1991592661379622 6.0067437260749914 5.8444022855906681 20 39 18 8 19 12 1
chain_zone_cut done 2 1 0
S 27.456328798434953 60.660146778546839 5.3982871880020591 7.0133290078471893 7.3102928836690309 6 13 6 4 7 4 1
S 29.709891652934466 71.908690135522292 5.5425132319263213 7.7423870510556432 4.6120687808590928 9 17 10 5 9 6 1
chain_zone_common done 1 1 0
S 24.558919985821895 64.051833893991059 5.5098813467494567 7.577433914257786 5.7981919135135174 7 15 10 5 9 6 1
quadrants_fuse done 2 1 1
S 65.449846949787201 98.174770424680901 3.1250000000000018 3.1250000000000027 5.8750000000000036 4 7 4 4 7 4 1
S 65.449846949787371 98.174770424681057 6.8749999999999982 6.8749999999999982 5.8749999999999991 4 7 4 4 7 4 1
quadrants_cut done 1 1 1
S 65.449846949787371 98.174770424681057 6.8749999999999982 6.8749999999999982 5.8749999999999991 4 7 4 4 7 4 1
quadrants_common done 0 1 1
half_wedge_fuse done 1 1 1
S 130.89969389957466 157.07963267948963 4.9999999999999956 6.875 5.875 8 15 6 3 5 3 1
half_wedge_cut done 2 1 1
S 32.724923474893572 68.722339297276505 7.6516504294495533 6.0983495705504449 5.8750000000000036 4 7 4 4 7 4 1
S 32.7249234748937 68.722339297276818 2.3483495705504485 6.0983495705504467 5.8750000000000009 4 7 4 4 7 4 1
half_wedge_common done 1 1 1
S 65.449846949787343 98.174770424680972 4.9999999999999991 7.6516504294495542 5.875 4 7 4 4 7 4 1
near_turned_fuse done 1 1 1
S 65.449846949787343 98.174770424680972 4.9999999999999991 7.6516504294495542 5.875 4 7 4 4 7 4 1
near_turned_cut done 0 1 1
near_turned_common done 1 1 1
S 65.449846949787343 98.174770424680972 4.9999999999999991 7.6516504294495542 5.875 4 7 4 4 7 4 1
near_lifted_fuse done 1 1 1
S 261.79938779912862 235.61944901922354 4.9999999999999334 4.9999999999997851 5.8750000000001457 5 12 6 2 3 2 1
near_lifted_cut done 1 0 1
S 196.34954084935848 215.98449493428529 4.999999999999905 4.1161165235167809 5.8750000000000275 5 11 6 4 7 4 0
near_lifted_common done 1 1 1
S 65.449846949769494 98.174770424664786 5 7.6516504294494583 5.8750000000005107 4 7 4 4 7 4 1
