tc_through_tube done 11 0
L open 0 1
p 2.4819347291981715 0.29999999999999977 0
p 2.4812123113384312 0.29850365460894518 0.0299255726224751
p 2.4790715136817796 0.29404337580964757 0.059485434210453665
p 2.4755889296765172 0.28670017734732323 0.088334575155641207
p 2.4708861145257064 0.27659844548748935 0.11616059919862139
p 2.4651236555560523 0.26389571125961198 0.14268515399453399
p 2.4584903468974804 0.24876125466805982 0.16768374706041658
p 2.4511981800776463 0.23136563653373804 0.19097104682802096
p 2.4434804772723373 0.21187570785867307 0.21238805732366531
p 2.4355891801042904 0.19044678900724524 0.23179736668410475
p 2.4277908087270168 0.16720860228382869 0.24908087539789328
p 2.4203803173169298 0.14230728230089801 0.26409967840287768
p 2.4136750733321546 0.11591514002857424 0.27670142235337825
p 2.4079995750302983 0.088231768742770778 0.28673185248433036
p 2.4036637019125369 0.059490945650229651 0.2940422288593853
p 2.4009340707497997 0.029969672312201413 0.29849926309067365
p 2.3999999999999999 0 0.29999999999999993
L open 0 1
p -2.4819347291981715 0.30000000000000021 0
p -2.4790684993650025 0.29403706749472325 0.059516608626707802
p -2.4708748986137796 0.27657408193262395 0.11621859650426174
p -2.4584679688904316 0.24870916279194955 0.16776100020086931
p -2.4434470291481816 0.21178839093129084 0.21247512782426548
p -2.4277568683150146 0.16710173022143565 0.24915258593923897
p -2.4136569648727919 0.11583653134486226 0.27673435770716415
p -2.403652111009527 0.059396332778226681 0.29406134506181381
p -2.4000000097563672 -0.00013239274240016318 0.29999997367976533
p -2.4036793083092527 -0.059618553822745265 0.29401637512097678
p -2.4137232237936774 -0.11612362974480421 0.27661399216565158
p -2.4278248246134133 -0.16731564072449304 0.24900898805045005
p -2.4434999732936156 -0.21192657255016817 0.21233729845917459
p -2.4584999186368375 -0.24878353806147158 0.16765068238338779
p -2.4708923937990912 -0.27661209227833417 0.11612814195117541
p -2.4790730233094944 -0.29404652713686003 0.059469725210670149
p -2.4819347291981715 -0.29999999999999943 0
L open 0 1
p 2.4819347291981715 -0.30000000000000032 0
p 2.4812123113384312 -0.29850365460894607 0.029925572622469837
p 2.4790715136817805 -0.29404337580964979 0.059485434210443444
p 2.4755889296765194 -0.28670017734732794 0.088334575155626219
p 2.4708861145257108 -0.27659844548749785 0.11616059919860246
p 2.4651236555560563 -0.26389571125962469 0.1426851539945112
p 2.4584903468974875 -0.24876125466807766 0.16768374706039033
p 2.4511981800776543 -0.23136563653376205 0.1909710468279919
p 2.4434804772723484 -0.21187570785870394 0.21238805732363469
p 2.4355891801043037 -0.19044678900728162 0.23179736668407488
p 2.4277908087270261 -0.16720860228386092 0.24908087539787224
p 2.4203803173169374 -0.14230728230092707 0.26409967840286208
p 2.4136750733321608 -0.11591514002859866 0.27670142235336748
p 2.4079995750303018 -0.08823176874278936 0.28673185248432503
p 2.4036637019125391 -0.059490945650243383 0.29404222885938291
p 2.4009340707498019 -0.029969672312208078 0.29849926309067187
p 2.3999999999999999 0 0.29999999999999999
L open 0 1
p 1.5999999999999999 0 0.29999999999999999
p 1.5942411874310398 -0.060828836720040705 0.29376839004067928
p 1.5786992131039588 -0.11759370264456162 0.27599227939525062
p 1.557056255643712 -0.16811890399385554 0.24846736553195206
p 1.5328623063887443 -0.21173483016783312 0.21252850575477275
p 1.5091510631833507 -0.24795000968357345 0.168881014357048
p 1.4887979123384811 -0.27580761522504249 0.11802611132242015
p 1.4747647907756396 -0.2937365033196746 0.060982475664367063
p 1.4696938659565948 -0.29999997488542585 0.00012197958663579161
p 1.4747255147918814 -0.29378543198851215 -0.060746332557319212
p 1.4887278827111834 -0.27589943709304987 -0.11781130654054166
p 1.5090621405371445 -0.24807733634248477 -0.16869392065228137
p 1.5327661463881899 -0.21189231007795048 -0.21237149508600903
p 1.5569870378462458 -0.16825793207100762 -0.24837323896708502
p 1.5786872789722568 -0.11762713862401802 -0.27597800006413026
p 1.5942268016073438 -0.060905098609369331 -0.29375257064916604
p 1.5999999999999999 0 -0.29999999999999988
L open 0 1
p 2.3999999999999999 0 -0.30000000000000004
p 2.400933540785477 -0.029961034963434025 -0.29850013215925914
p 2.4036621264522582 -0.059478030646381769 -0.29404484379552609
p 2.4079967906642397 -0.08821620985622354 -0.28673663935105748
p 2.4136708973711727 -0.11589703634983883 -0.27670900496267176
p 2.4203744807206893 -0.14228620352433655 -0.2641110361467352
p 2.4277831448333123 -0.16718448071415409 -0.24909706629531739
p 2.4355799717744619 -0.19042070391962607 -0.23181879549250428
p 2.4434705417292935 -0.21184975597848379 -0.21241393865548397
p 2.4511878113966619 -0.231340260324709 -0.19100179001254727
p 2.4584799400242261 -0.24873703469240194 -0.16771966976961317
p 2.4651161725764146 -0.26387894295423869 -0.14271620387708989
p 2.470882536750354 -0.27659068164371847 -0.11617912302483964
p 2.475586897717323 -0.28669586191159085 -0.088348631354696977
p 2.4790703562451455 -0.29404094552815369 -0.059497321160416665
p 2.4812119794725143 -0.29850297663533421 -0.029932625563224482
p 2.4819347291981715 -0.30000000000000032 0
L open 0 1
p -2.4819347291981715 -0.29999999999999943 0
p -2.4790684993649887 -0.29403706749469488 -0.059516608626847274
p -2.4708748986137294 -0.27657408193251504 -0.11621859650452125
p -2.4584679688903335 -0.2487091627917217 -0.16776100020120677
p -2.4434470291480372 -0.21178839093091514 -0.21247512782464048
p -2.4277568683148387 -0.1671017302208809 -0.24915258593961095
p -2.4136569648726174 -0.11583653134410987 -0.27673435770747884
p -2.4036521110094098 -0.059396332777275157 -0.29406134506200637
p -2.4000000097563676 0.00013239274342740549 -0.29999997367976466
p -2.4036793083093655 0.059618553823687352 -0.29401637512078488
p -2.4137232237939155 0.11612362974583344 -0.27661399216522048
p -2.4278248246137046 0.16731564072541238 -0.24900898804983207
p -2.4434999732938611 0.21192657255080755 -0.21233729845853622
p -2.4584999186370071 0.24878353806187078 -0.16765068238279596
p -2.470892393799172 0.27661209227851125 -0.11612814195075495
p -2.479073023309518 0.29404652713690688 -0.059469725210438626
p -2.4819347291981715 0.30000000000000021 0
L open 0 1
p 2.4819347291981715 0.29999999999999982 0
p 2.4812123113384299 0.29850365460894579 -0.029925572622469872
p 2.4790715136817805 0.29404337580964968 -0.059485434210443756
p 2.4755889296765203 0.28670017734732772 -0.088334575155626371
p 2.4708861145257117 0.27659844548749735 -0.11616059919860246
p 2.4651236555560576 0.26389571125962413 -0.14268515399451143
p 2.4584903468974879 0.24876125466807761 -0.16768374706039021
p 2.451198180077657 0.2313656365337623 -0.19097104682799182
p 2.4434804772723488 0.21187570785870402 -0.21238805732363442
p 2.4355891801043033 0.1904467890072819 -0.23179736668407469
p 2.427790808727027 0.1672086022838607 -0.24908087539787191
p 2.4203803173169374 0.14230728230092704 -0.26409967840286203
p 2.4136750733321604 0.11591514002859911 -0.27670142235336753
p 2.4079995750303018 0.088231768742789332 -0.28673185248432492
p 2.4036637019125391 0.059490945650242703 -0.29404222885938275
p 2.4009340707498024 0.029969672312208793 -0.29849926309067215
p 2.3999999999999999 0 -0.30000000000000004
L open 0 1
p 1.6000000000000001 0 0.29999999999999999
p 1.598527950599925 0.030709456232709285 0.29842405818470863
p 1.5942418563105014 0.060825296192306304 0.29376911999389388
p 1.5874803852835737 0.089892964357842733 0.28621537437468214
p 1.5787016838349537 0.11758678952636435 0.2759952223028278
p 1.568406820797416 0.1436880525483171 0.26335099635482423
p 1.5570613450232542 0.16810867979108035 0.24847428157896384
p 1.5450859420566367 0.19080400041028955 0.23150342921221922
p 1.5328690444894908 0.2117237869737294 0.21253950390992341
p 1.5207747934280842 0.23080165033817474 0.19165227792529752
p 1.509158401545849 0.2479394975229483 0.16889644473987628
p 1.4983779395129928 0.26299982368118185 0.14432983518722883
p 1.4887945057516654 0.27581210044323734 0.11801564158813736
p 1.4807961516708263 0.2861428707776682 0.090123487586213802
p 1.4747530393215851 0.29375117354558411 0.060911951007839658
p 1.4709790496127084 0.29842258198317434 0.030723700000242864
p 1.4696938456699069 0.29999999999999999 -3.6739403974420595e-17
L open 0 1
p 1.4696938456699069 0.29999999999999999 -5.5511151231257827e-17
p 1.470976711918939 0.29842548105813205 -0.030695801836272921
p 1.4747455239697371 0.29376051008350706 -0.060866758144838752
p 1.4807813255456519 0.28616175965926666 -0.090063579470652091
p 1.4887660556734477 0.27584939627216026 -0.11792841121596404
p 1.4983296272610789 0.26306568695018107 -0.1442097221779382
p 1.5091003157325156 0.24802266871549769 -0.1687742771461555
p 1.520709796138487 0.23090052988651336 -0.19153314003761868
p 1.532797973422978 0.21184019021497288 -0.21242348389780444
p 1.5450154992937768 0.19093036448865405 -0.23139921974332406
p 1.5570098856786179 0.1682120529083504 -0.24840431315921649
p 1.5683857061227522 0.14373702928735574 -0.26332426422200711
p 1.5786997495335231 0.11759224265535165 -0.27599287078018031
p 1.5874754364706161 0.08991084371841121 -0.28620977880706611
p 1.5942304275474086 0.060885894636625817 -0.29375655164243347
p 1.5985202736536845 0.030789452913764424 -0.29841582807440142
p 1.5999999999999999 0 -0.29999999999999988
L open 0 1
p -1.5909939624943743 0.076152872963592189 0.29017363756790837
p -1.5844955325466379 0.10013552209597198 0.28279472775877335
p -1.5766997657811761 0.12306907098329151 0.27359461652633665
p -1.5678934638764572 0.14487435562199649 0.26270025501335736
p -1.5583528139227223 0.16549517666186889 0.2502225692826428
p -1.5483352476509045 0.18489242384227353 0.23625157113973511
p -1.5380754447614282 0.20303915298599082 0.22085086122812186
p -1.527792150024684 0.21990516414304032 0.20406303512898402
p -1.5177012314743137 0.23543845288154205 0.18592668304816568
p -1.5080151271980622 0.24957246282241408 0.16647399240431834
p -1.4989481522772834 0.26222128155025287 0.14573952462424059
p -1.4907148432899953 0.27328440681348326 0.12375640613795011
p -1.4835486381049214 0.28262250518635285 0.10062057828353123
p -1.4776775010187959 0.29008948662239475 0.076472833523812303
p -1.4733074170627769 0.29554761829727172 0.051493884481124588
p -1.4706077471214116 0.29887897993520984 0.025910065473221028
p -1.4696938456699069 0.30000000000000016 -3.6739403974420595e-17
L open 0 1
p -1.4696938456699069 0.30000000000000021 -5.5511151231257827e-17
p -1.4819673587714699 0.28464928414786456 -0.094735353328226815
p -1.5128354425889685 0.24262521559039943 -0.1764454677385158
p -1.5509565353746735 0.17999808123540809 -0.24000143887299982
p -1.5845892657845613 0.099829385495477763 -0.28290297758636807
p -1.5999478420933877 0.0057774701342080377 -0.29994436811140474
p -1.5876477804230333 -0.089284903461130938 -0.28640567230262093
p -1.5554090240476668 -0.17139978260063574 -0.24621557956381379
p -1.5172861834047153 -0.23605867646556233 -0.18513859133126581
p -1.4849988214510472 -0.28075333583261425 -0.10572400676031762
p -1.4699017545055812 -0.29974527302573128 -0.012359934250178856
p -1.4790904842651407 -0.28830681916269874 0.082940802205467623
p -1.508057688890371 -0.24951183068133476 0.16656485316602654
p -1.5457662682223252 -0.18957977561856587 0.23250700611004602
p -1.5806799449339377 -0.11192049576636787 0.27834116420830801
p -1.5994012480216857 -0.019579485380176717 0.2993603927272302
p -1.5909939624943745 0.076152872963592189 0.29017363756790843
tc_hole_cut done 2 0
L open 0 1
p 2 0 0.5
p 1.9781447328338044 -0.20792519089030634 0.49987991407594179
p 1.9135384603291874 -0.40675236519566405 0.49808591201882135
p 1.8090921181783828 -0.58768182786462442 0.49033241843435976
p 1.670040035938134 -0.74232496009188331 0.46933390017172955
p 1.5054814120243132 -0.86283749588902869 0.42413163140467103
p 1.3326678458502317 -0.94304403040499662 0.33912632007269317
p 1.1863892361735171 -0.98247598471732323 0.19685481759808809
p 1.1250000001814844 -0.99215674157714739 8.7965470614955557e-06
p 1.1863778045711766 -0.98247815447355835 -0.19683748807574544
p 1.3326535662946615 -0.94304906282462875 -0.33911684642268713
p 1.5054687267872879 -0.86284492685688219 -0.42412706762769592
p 1.6700306092889186 -0.74233346997412852 -0.46933200404867415
p 1.8090861207532782 -0.58769008320645555 -0.49033179046235675
p 1.9135357205349477 -0.40675851824449766 -0.4980857892155971
p 1.978144022700502 -0.2079285307776001 -0.49987990638088198
p 2 0 -0.5
L open 0 1
p 2 0 0.5
p 1.9781447210382523 0.20792524631547468 0.49987991394404202
p 1.91353841577353 0.40675246521042013 0.49808591001820313
p 1.8090920184812413 0.58768196503749215 0.49033240804212547
p 1.6700398552831621 0.7423251232008079 0.46933386381363185
p 1.5054811461702318 0.86283765162454706 0.42413153576279677
p 1.3326675269657284 0.94304414290349592 0.33912610844769348
p 1.1863889750260577 0.98247603420801766 0.19685442183339352
p 1.1250000001726037 0.99215674157423661 8.242764163580878e-06
p 1.1863781261439657 0.98247809408705167 -0.19683797477711773
p 1.332654088384027 0.9430488785254032 -0.33911719301469889
p 1.505469337416568 0.8628445692675687 -0.42412728723467302
p 1.6700312158986195 0.7423329219996776 -0.46933212643765376
p 1.8090866542955468 0.58768934954155727 -0.49033184574317901
p 1.9135359450224574 0.40675801421037849 -0.49808579922626961
p 1.9781440860338706 0.20792823322433923 -0.49987990700667262
p 2 0 -0.5
tc_rings done 2 0
L closed 0 1
p 2.25 0 0.43301270189221935
p 2.0976986768115085 -0.76551263850226858 0.44238524375462729
p 1.66417848657161 -1.4142486325867307 0.46493706121939388
p 1.0154365464373776 -1.8477301999094833 0.48811498561473504
p 0.2499569281569454 -1.9999999891184024 0.49975781675027314
p -0.51556831225559008 -1.8476756096409517 0.49327308308827666
p -1.1642930619522116 -1.4141340048917777 0.47084617399909817
p -1.5977198818138625 -0.76546145512215891 0.44479536182417018
p -1.7499999998583291 -1.5826955261120775e-08 0.43301270178605855
p -1.597718040512683 0.76546589976863966 0.44479549519699035
p -1.1642900544033901 1.4141370135004805 0.47084632050482977
p -0.5155649250340878 1.8476770131257196 0.49327315623675672
p 0.24996003858890353 1.9999999896722416 0.49975780513901341
p 1.0154388963754304 1.8477292264577252 0.48811492379626925
p 1.6641799016543233 1.414247216744386 0.46493699719011294
p 2.0976993332978169 0.76551105368873851 0.44238520542658172
p 2.25 0 0.43301270189221924
L closed 0 1
p 2.25 0 -0.4330127018922193
p 2.0976986768112029 -0.76551263850300366 -0.44238524375464527
p 1.6641784865706644 -1.4142486325876755 -0.4649370612194364
p 1.0154365464356092 -1.8477301999102158 -0.48811498561478156
p 0.24995692815495041 -1.9999999891184026 -0.49975781675028091
p -0.51556831225744293 -1.8476756096401834 -0.49327308308823647
p -1.1642930619535883 -1.4141340048904012 -0.470846173999031
p -1.5977198818145883 -0.76546145512040731 -0.44479536182411772
p -1.7499999998583291 -1.5825244457515959e-08 -0.43301270178605844
p -1.5977180405120792 0.76546589977009472 -0.44479549519703387
p -1.1642900544026624 1.4141370135012066 -0.47084632050486536
p -0.51556492503381746 1.847677013125832 -0.4932731562367626
p 0.24996003858880536 1.999999989672242 -0.49975780513901369
p 1.0154388963750394 1.8477292264578864 -0.48811492379627947
p 1.664179901653871 1.4142472167448381 -0.46493699719013348
p 2.0976993332976055 0.76551105368925065 -0.44238520542659465
p 2.2499999999999991 0 -0.43301270189221952
tc_across_hole done 6 0
L open 0 1
p 1.75 1.7853571071357128 0
p 1.7453940355377957 1.7669266456955528 0.12688443340506519
p 1.7330673169611859 1.7134012750186838 0.24285324324532989
p 1.716824528945192 1.6300675493542953 0.33913644008195393
p 1.701004797427224 1.5249062918879186 0.41119654428259511
p 1.6886490516858108 1.4063419864266125 0.45930852286222085
p 1.6808778184832203 1.2809901151854264 0.48698028391617898
p 1.6774255959242765 1.1529510226195487 0.49874177631884331
p 1.6774075202989696 1.0242889111419622 0.49880255604312862
p 1.6798093245724017 0.89587815348653721 0.49065328088123022
p 1.6836971350466094 0.76791284592309983 0.47714145117009421
p 1.6882776812107529 0.64031264572877955 0.4606717115312336
p 1.6929029387094792 0.51282238733763374 0.4433730851838158
p 1.6970531770448263 0.38516289914744578 0.42721249216004653
p 1.7003216209270577 0.25713399808864684 0.41401254074123045
p 1.7024080398844972 0.12870280134441747 0.40534783486688364
p 1.703125 0 0.4023247871744916
L open 0 1
p -1.7500000000000002 1.7853571071357126 0
p -1.7330659233216339 1.7133948244456814 0.24286318843449162
p -1.7010021224878655 1.5248853122821249 0.41120760949008822
p -1.6808762912903765 1.2809547555127165 0.48698555518070696
p -1.6774080238969149 1.0242412323664551 0.49880086244954314
p -1.6836991530094847 0.76785363857098476 0.47713433030914887
p -1.6929054216009143 0.51275145919159104 0.4433636047342957
p -1.7003230588083742 0.25706618183714808 0.41400663729872828
p -1.7031249993580169 -8.7555554413409493e-05 0.40232478168039315
p -1.7003192726201088 -0.25724473160234368 0.41402217990648277
p -1.6928983696639386 -0.5129522870571237 0.44339048743970921
p -1.6836937136130625 -0.7680132606286374 0.47715352847378656
p -1.6774067096304615 -1.0243658741279811 0.49880526997183461
p -1.6808795775928211 -1.2810308450710208 0.48697419436508327
p -1.7010053198818949 -1.524910415286685 0.4111943677501525
p -1.7330650811259536 -1.7133909572376345 0.24286915790622418
p -1.7500000000000004 -1.7853571071357115 0
L open 0 1
p 1.7500000000000002 -1.7853571071357126 0
p 1.7453940355378028 -1.7669266456955821 0.12688443340496869
p 1.7330673169612008 -1.7134012750187577 0.2428532432452154
p 1.7168245289452029 -1.6300675493543582 0.33913644008190019
p 1.7010047974272362 -1.5249062918880181 0.41119654428254276
p 1.688649051685811 -1.4063419864266049 0.45930852286222318
p 1.6808778184832163 -1.2809901151853433 0.4869802839161923
p 1.6774255959242754 -1.1529510226194297 0.49874177631884808
p 1.6774075202989713 -1.0242889111418154 0.49880255604312324
p 1.6798093245724064 -0.89587815348636979 0.49065328088121546
p 1.6836971350466141 -0.76791284592294318 0.47714145117007534
p 1.6882776812107583 -0.64031264572863722 0.46067171153121428
p 1.6929029387094832 -0.51282238733750685 0.44337308518379887
p 1.6970531770448292 -0.38516289914734797 0.42721249216003515
p 1.7003216209270591 -0.25713399808857818 0.41401254074122473
p 1.7024080398844972 -0.12870280134438905 0.40534783486688214
p 1.703125 0 0.4023247871744916
L open 0 1
p 1.703125 0 -0.40232478717449155
p 1.7024080531892549 -0.12870159954338298 -0.40534777881885109
p 1.7003216681228843 -0.25713177115030778 -0.4140123471955437
p 1.6970532772286149 -0.3851595011957466 -0.42721209390920134
p 1.6929031118519788 -0.51281751841271206 -0.44337243588433561
p 1.688277894847575 -0.64030681920890276 -0.46067092242991425
p 1.6836973617146003 -0.76790618070265182 -0.47714064769429809
p 1.6798095127684296 -0.89587079267304037 -0.49065263155320921
p 1.6774076125556312 -1.0242801943615198 -0.49880226804351446
p 1.6774256012848496 -1.1529514963155363 -0.49874174325117793
p 1.6808780152745786 -1.280994636525445 -0.48697959876347197
p 1.6886503508682971 -1.4063575447064323 -0.45930385846158872
p 1.7010059340572068 -1.5249150972598391 -0.41119192307040159
p 1.7168255315240997 -1.6300732901148631 -0.3391313718809445
p 1.7330678665991508 -1.7134038183996509 -0.24284932246882077
p 1.7453941999720768 -1.7669273173637705 -0.12688217094109988
p 1.7500000000000002 -1.7853571071357126 0
L open 0 1
p -1.7500000000000004 -1.7853571071357115 0
p -1.7330659233215997 -1.7133948244455293 -0.24286318843472518
p -1.701002122487796 -1.5248853122815853 -0.41120760949037427
p -1.6808762912903361 -1.2809547555117806 -0.48698555518084558
p -1.6774080238969309 -1.0242412323649632 -0.49880086244948973
p -1.6836991530095509 -0.7678536385690703 -0.47713433030891855
p -1.6929054216009929 -0.51275145918931175 -0.44336360473399078
p -1.7003230588084293 -0.2570661818345209 -0.41400663729849968
p -1.7031249993580166 8.7555557466092491e-05 -0.40232478168039243
p -1.7003192726200338 0.25724473160587064 -0.41402217990678875
p -1.6928983696637994 0.5129522870610933 -0.4433904874402399
p -1.6836937136129126 0.76801326063303832 -0.47715352847431525
p -1.6774067096304124 1.0243658741326058 -0.49880526997200347
p -1.6808795775929968 1.2810308450750665 -0.48697419436447636
p -1.7010053198822417 1.5249104152894004 -0.41119436774871987
p -1.733065081126135 1.7133909572384707 -0.24286915790493754
p -1.7500000000000002 1.7853571071357126 0
L open 0 1
p 1.7500000000000002 1.7853571071357117 0
p 1.7453940355378097 1.7669266456956101 -0.12688443340486913
p 1.7330673169612227 1.7134012750188545 -0.24285324324506669
p 1.7168245289452311 1.63006754935452 -0.33913644008175736
p 1.7010047974272666 1.5249062918882526 -0.41119654428241903
p 1.6886490516858332 1.4063419864268938 -0.45930852286213525
p 1.68087781848323 1.2809901151856622 -0.48698028391614473
p 1.6774255959242792 1.152951022619751 -0.49874177631883498
p 1.6774075202989669 1.0242889111421367 -0.49880255604313428
p 1.6798093245723991 0.89587815348667621 -0.49065328088124249
p 1.6836971350466063 0.76791284592319675 -0.47714145117010565
p 1.6882776812107503 0.64031264572884428 -0.46067171153124231
p 1.6929029387094772 0.51282238733767516 -0.44337308518382107
p 1.6970531770448256 0.38516289914747354 -0.42721249216004992
p 1.7003216209270573 0.25713399808866466 -0.41401254074123212
p 1.7024080398844963 0.12870280134442691 -0.40534783486688403
p 1.703125 0 -0.40232478717449155
tc_enclosing done 4 0
L open 0 1
p 1.0897247358851692 2.25 0
p 1.0448891627034109 2.2448041894264659 0.15282082927202814
p 0.93472157439376313 2.2338767465499174 0.26887670495707028
p 0.79395011493082102 2.2231992085658736 0.34624454136641947
p 0.64074306243547374 2.2149471691862685 0.39561221626151361
p 0.48251541362260775 2.2092517999978178 0.42627041086421702
p 0.32226736831541614 2.2056703743339536 0.44443020096012648
p 0.16114750573339578 2.2037330467895311 0.45393904928532597
p -0.0002411733855324004 2.2031250013400729 0.45688097839218084
p -0.16153168597951631 2.2037359948799464 0.45392474235897212
p -0.32255516399640938 2.2056751933046357 0.44440628145458239
p -0.48280205124330544 2.2092599835357696 0.42622801120327203
p -0.64101058105683395 2.214959004015105 0.39554595240149415
p -0.79405133104289571 2.2232057308141013 0.34620265097526037
p -0.93465216781998617 2.2338706294633131 0.26892753492035654
p -1.044834107861262 2.2447980819860738 0.15291032862453882
p -1.0897247358851692 2.25 0
L open 0 1
p -1.0897247358851698 -2.2499999999999996 0
p -1.0448891627032697 -2.2448041894264499 0.15282082927225843
p -0.93472157439328485 -2.2338767465498743 0.268876704957421
p -0.79395011492998757 -2.2231992085658208 0.34624454136676414
p -0.64074306243442747 -2.2149471691862219 0.39561221626177312
p -0.48251541362137873 -2.2092517999977828 0.42627041086439865
p -0.32226736831401886 -2.2056703743339301 0.44443020096024249
p -0.16114750573186357 -2.2037330467895195 0.45393904928538331
p 0.00024117338719480464 -2.2031250013400716 0.45688097839218084
p 0.16153168598107953 -2.2037359948799584 0.45392474235891478
p 0.32255516399785034 -2.2056751933046592 0.44440628145445998
p 0.48280205124463066 -2.2092599835358082 0.42622801120307818
p 0.64101058105804276 -2.2149590040151574 0.39554595240120216
p 0.7940513310441083 -2.223205730814179 0.34620265097476377
p 0.93465216782111082 -2.2338706294634108 0.26892753491953625
p 1.0448341078617012 -2.2447980819861226 0.15291032862382234
p 1.0897247358851685 -2.25 0
L open 0 1
p 1.0897247358851685 -2.25 0
p 1.0448891627030636 -2.2448041894264263 -0.15282082927259241
p 0.93472157439266301 -2.2338767465498202 -0.26887670495787624
p 0.79395011492884249 -2.2231992085657453 -0.34624454136723765
p 0.64074306243296275 -2.2149471691861575 -0.39561221626213555
p 0.48251541361964112 -2.2092517999977326 -0.42627041086465467
p 0.32226736831202185 -2.2056703743338959 -0.44443020096040858
p 0.16114750572968911 -2.2037330467895027 -0.45393904928546414
p -0.00024117338953984349 -2.2031250013400734 -0.45688097839218095
p -0.16153168598341938 -2.2037359948799766 -0.45392474235882535
p -0.32255516400017337 -2.2056751933046992 -0.44440628145426903
p -0.48280205124694042 -2.2092599835358735 -0.42622801120273535
p -0.64101058106018227 -2.2149590040152534 -0.39554595240066248
p -0.7940513310452989 -2.2232057308142568 -0.34620265097426395
p -0.93465216782140526 -2.2338706294634392 -0.26892753491931226
p -1.0448341078617209 -2.2447980819861253 -0.15291032862379175
p -1.0897247358851698 -2.2499999999999996 0
L open 0 1
p -1.0897247358851692 2.25 0
p -1.0448891627032391 2.2448041894264477 -0.15282082927230856
p -0.93472157439322567 2.2338767465498695 -0.26887670495746363
p -0.79395011492990919 2.2231992085658137 -0.34624454136679667
p -0.64074306243442181 2.2149471691862224 -0.39561221626177445
p -0.48251541362146327 2.2092517999977836 -0.42627041086438511
p -0.3222673683141748 2.2056703743339323 -0.44443020096022923
p -0.16114750573201525 2.2037330467895213 -0.45393904928537765
p 0.0002411733870515049 2.2031250013400729 -0.456880978392181
p 0.16153168598081744 2.2037359948799571 -0.45392474235892238
p 0.32255516399747275 2.2056751933046539 -0.44440628145449385
p 0.48280205124415626 2.2092599835357936 -0.42622801120314713
p 0.64101058105745123 2.2149590040151312 -0.39554595240134732
p 0.79405133104328562 2.2232057308141253 -0.34620265097510577
p 0.93465216782014371 2.2338706294633246 -0.2689275349202529
p 1.0448341078613053 2.2447980819860796 -0.15291032862446391
p 1.0897247358851692 2.2499999999999996 0
tc_vertical_through done 4 0
L open 0 1
p 2.25 0 0.43301270189221935
p 2.2450327165715414 -0.049588031163359976 0.4355345314321909
p 2.2305119728928733 -0.096768930601345893 0.44259747851824471
p 2.2073052760013567 -0.13973018968576459 0.4529604214884615
p 2.1764763132682794 -0.17707656581868231 0.46504421379367278
p 2.1390920007046086 -0.20773400124718194 0.47723446668172559
p 2.0962007759365182 -0.23074966427029214 0.4880049525533432
p 2.0491273015025935 -0.24512547922066441 0.49592098658868344
p 1.9996699518120775 -0.24999974830418681 0.49976776744508294
p 1.9500922694839298 -0.24496779215270914 0.49880267217281138
p 1.9027982707398863 -0.23032980114141871 0.49301025245546692
p 1.8598537393707795 -0.20702424209365611 0.4831632569440083
p 1.8226874663189243 -0.17623920500006324 0.47064053854170779
p 1.7922550320651771 -0.13907561640865615 0.45722161987483612
p 1.769352806604531 -0.096446206006623209 0.44497935308674008
p 1.7549537896041449 -0.049521290155217029 0.43622728393022286
p 1.75 0 0.4330127018922193
L open 0 1
p 1.7499999999999998 0 -0.43301270189221919
p 1.7549533255854104 -0.049518996442102836 -0.43622698896042034
p 1.7693527416654318 -0.096446050668960989 -0.44497931575354144
p 1.7922551091674108 -0.13907573100918602 -0.4572216568919526
p 1.8226871827080013 -0.17623894328930234 -0.47064045240896846
p 1.859849801661916 -0.20702154959466043 -0.48316211181735191
p 1.9027984632215342 -0.23032986758943805 -0.49301029598022761
p 1.9500894533981679 -0.24496719493720112 -0.49880247358747071
p 1.9996619831620992 -0.24999977117935226 -0.49976802356239064
p 2.0491131937240898 -0.2451283202978938 -0.49592274903825873
p 2.096183344579996 -0.23075693486583648 -0.4880086540132923
p 2.1390787685152439 -0.20774286058659452 -0.47723831015042417
p 2.1764663849714241 -0.17708645989658039 -0.46504780492907422
p 2.2072994992346193 -0.1397387590319725 -0.4529628628586348
p 2.2305088409643119 -0.096776392911600256 -0.44259895378776548
p 2.2450313596092437 -0.049594724126391737 -0.43553521009587898
p 2.2499999999999996 0 -0.43301270189221952
L open 0 1
p 2.2499999999999996 0 0.43301270189221946
p 2.2450327165715396 0.049588031163364951 0.43553453143219112
p 2.230511972892872 0.096768930601350542 0.44259747851824582
p 2.2073052760013514 0.13973018968577272 0.45296042148846366
p 2.176476313268271 0.17707656581869191 0.46504421379367616
p 2.139092000704597 0.20773400124718969 0.47723446668172897
p 2.0962007759365036 0.23074966427029805 0.48800495255334619
p 2.049127301502585 0.24512547922066563 0.4959209865886845
p 1.99966995181208 0.24999974830418709 0.49976776744508272
p 1.9500922694839375 0.24496779215271092 0.49880267217281193
p 1.9027982707398943 0.23032980114142262 0.4930102524554682
p 1.8598537393707917 0.20702424209366441 0.4831632569440118
p 1.8226874663189405 0.17623920500007831 0.47064053854171373
p 1.7922550320651882 0.13907561640867194 0.45722161987484139
p 1.7693528066045361 0.096446206006635796 0.44497935308674313
p 1.7549537896041456 0.049521290155223413 0.43622728393022353
p 1.75 0 0.4330127018922193
L open 0 1
p 1.7499999999999998 0 -0.43301270189221919
p 1.7549540206312315 0.049522434146949013 -0.43622743173827061
p 1.7693534170290746 0.096447665279987133 -0.44497970545631099
p 1.7922565663601102 0.13907790841248172 -0.45722237593436948
p 1.8226897761352647 0.1762415525660809 -0.47064146907632404
p 1.8598523971876038 0.20702330663259527 -0.48316285073458531
p 1.9028016234592475 0.23033120125507889 -0.49301085293760666
p 1.9500924006175691 0.24496779022746845 -0.49880268135659928
p 1.9996646795528792 0.24999977486937167 -0.49976794202992408
p 2.0491154423169968 0.24512786969747991 -0.495922468962813
p 2.0961850932751589 0.23075620591275425 -0.48800828405309132
p 2.1390800148002298 0.20774202621964269 -0.477237947710764
p 2.1764672184482743 0.17708562919455176 -0.46504750327392996
p 2.2073000956168629 0.13973787443575694 -0.45296261087841383
p 2.2305091057966742 0.096775762012705352 -0.44259882907300768
p 2.2450314049660349 0.049594500160642145 -0.43553518733031149
p 2.2499999999999996 0 -0.43301270189221952
tc_skew done 1 0
L closed 0 1
p 0.73039519888490723 1.7059626475230869 0.47873813227473244
p 0.73551692083787457 1.6170372580444925 0.44724480833012298
p 0.69292766991027421 1.5478595916677536 0.3968786381214055
p 0.62821232217167589 1.5067679208676705 0.33901501402314849
p 0.55160845867924724 1.4892937674523994 0.28353465404094996
p 0.46663969750273399 1.4890515958700714 0.23833231627403217
p 0.37538949571851299 1.499846527100811 0.20972384036028424
p 0.28124176601289336 1.5179775853735085 0.20467471791313829
p 0.19613117698776486 1.5484615349370918 0.23902427930018313
p 0.17888257507264926 1.6021217654021964 0.31546149783720329
p 0.22445810102793648 1.660631791019815 0.38059241090365981
p 0.29368598012675418 1.7145716681511283 0.42680417004879828
p 0.37621904745627416 1.7599453199445534 0.45812994731258649
p 0.46843987077082738 1.791113060739622 0.47739416854748445
p 0.56660606206765229 1.8000515140124231 0.48709184205286638
p 0.66225568212000641 1.7753980188007996 0.48882779064991022
p 0.73039519888490712 1.7059626475230867 0.4787381322747325
tc_tilted done 13 0
L open 0 1
p 3.4819347291981715 2.2399999999999998 2.8200000000000003
p 3.4818144788707976 2.2471295012632115 2.8299206183894889
p 3.4814544709382695 2.2538468716089977 2.84011960183734
p 3.4808569532271152 2.2601385690991869 2.8505747425391985
p 3.4800256104565745 2.2659930216532658 2.8612638770444683
p 3.4789654760870863 2.2714004659533438 2.8721649463537084
p 3.4776828495521661 2.2763527970505972 2.8832560509510858
p 3.4761852188736726 2.2808434286731996 2.894515500771881
p 3.4744811886604641 2.2848671642357079 2.9059218601050576
p 3.4725804134904532 2.2884200785499385 2.9174539874308891
p 3.4704935366760412 2.291499410237313 2.9290910701936381
p 3.4682321344129527 2.2941034648426775 2.9408126545093007
p 3.4658086653124558 2.2962315286496011 2.9525986698084044
p 3.4632364253169752 2.2978837931971445 2.9644294484138656
p 3.4605295079990945 2.2990612904981087 2.9762857400539029
p 3.4577027702439525 2.2997658389587547 2.9881487213100137
p 3.4547718033150243 2.2999999999999998 3
L open 0 1
p 3.4547718033150252 2.3000000000000003 3
p 3.4503520215079582 2.2995067314477198 3.0171960629210224
p 3.4457920482888489 2.2980328271352941 3.0342992497653931
p 3.4411439686429466 2.2955870751059195 3.0512668696098166
p 3.4364620929845833 2.2921780270841228 3.0680587966630175
p 3.4318013477923475 2.287811765183478 3.0846426885246476
p 3.4272212598021556 2.2824945081539649 3.1009794660124363
p 3.4227850582506636 2.2762337891115414 3.1170251965680937
p 3.4185585451278597 2.2690387041058542 3.1327334820185935
p 3.4146091922215822 2.2609205282763423 3.1480556499637715
p 3.4110048530350641 2.251893357778187 3.1629408873593849
p 3.407812128121809 2.2419748280457399 3.177336356098917
p 3.4050944223820996 2.2311869589610893 3.1911873303974292
p 3.4029097328654538 2.2195571774953908 3.2044373957807513
p 3.4013082056232964 2.2071195683905982 3.2170287494832759
p 3.4003295001562117 2.1939164034492622 3.2289026420577085
p 3.4000000000000052 2.1799999999999957 3.2399999999999944
L open 0 1
p -1.4819347291981715 2.2400000000000002 2.8199999999999998
p -1.4818144788707979 2.2471295012632124 2.8299206183894885
p -1.4814544709382695 2.2538468716089981 2.8401196018373391
p -1.4808569532271152 2.2601385690991878 2.8505747425391981
p -1.4800256104565743 2.2659930216532667 2.8612638770444674
p -1.4789654760870865 2.2714004659533424 2.8721649463537084
p -1.4776828495521666 2.2763527970505972 2.8832560509510858
p -1.4761852188736724 2.2808434286731991 2.8945155007718806
p -1.4744811886604643 2.2848671642357079 2.9059218601050585
p -1.472580413490453 2.2884200785499389 2.9174539874308891
p -1.470493536676041 2.291499410237313 2.9290910701936377
p -1.4682321344129523 2.2941034648426775 2.9408126545093003
p -1.4658086653124558 2.2962315286496011 2.9525986698084039
p -1.4632364253169752 2.2978837931971441 2.9644294484138651
p -1.4605295079990948 2.2990612904981087 2.9762857400539033
p -1.4577027702439525 2.2997658389587547 2.9881487213100137
p -1.4547718033150245 2.2999999999999998 3
L open 0 1
p -1.4547718033150245 2.3000000000000003 3
p -1.4425937191551657 2.2964501708420442 3.0460142380043842
p -1.4300577066584297 2.2859137773992861 3.0908477675325967
p -1.4182972581627318 2.2685476108507743 3.1337242795277986
p -1.4085663808721911 2.2445309511583362 3.1737947172737409
p -1.4021291484892218 2.2141707262122154 3.2100735509244815
p -1.4000055252435026 2.1781509901121092 3.2413756952575876
p -1.4025712565289636 2.1376697074495086 3.2665465269206173
p -1.4093838262957068 2.0940626062323378 3.284872297292571
p -1.4193730024864797 2.0487262783580178 3.2960164691614677
p -1.4312482349250444 2.0027224117009226 3.2999876471278267
p -1.4437836486409819 1.9568253716192399 3.2968769979383632
p -1.4558607951706559 1.9118271705938377 3.2867499826471089
p -1.4664904603997311 1.8685842125468362 3.2696848161833372
p -1.4748085763937102 1.8281019623648447 3.2458679709871832
p -1.4801115944054777 1.7915293950439755 3.2157313362749682
p -1.4819347291981713 1.7600000000000002 3.1799999999999997
L open 0 1
p 3.4819347291981719 1.7599999999999998 3.1800000000000002
p 3.4812123113384308 1.7791524198863282 3.2030426508633476
p 3.4790715136817796 1.8004565598785538 3.224014372854151
p 3.4755889296765168 1.823640603215525 3.2426877665329052
p 3.4708861145257059 1.8484176031291799 3.25888754665139
p 3.4651236555560527 1.8744945233890293 3.2724855499513943
p 3.4584903468974808 1.9016012445017982 3.283403750449168
p 3.4511981800776472 1.9294901188698161 3.2915962193826585
p 3.4434804772723395 1.9579322681072533 3.2970358705741356
p 3.435589180104293 1.9867209888046571 3.2997059667516311
p 3.4277908087270181 2.0156816434116656 3.2995898616886117
p 3.4203803173169307 2.0446139812010018 3.2966641121028419
p 3.4136750733321564 2.0732887413891623 3.2909102218998485
p 3.4079995750302987 2.1014536964963781 3.2823245432331283
p 3.4036637019125386 2.1288325807954465 3.2709283504776487
p 3.400934070749801 2.1551238200046416 3.2567812138598615
p 3.4000000000000008 2.1799999999999997 3.2399999999999993
L open 0 1
p 2.5999999999999992 2.1799999999999997 3.2399999999999989
p 2.594241187431038 2.127597964648368 3.2715120140645708
p 2.578699213103953 2.0715204055214844 3.2913500451029418
p 2.5570562556436975 2.0145852961240531 3.299645234821877
p 2.5328623063887195 1.9581292393185412 3.2970637027045093
p 2.5091510631833209 1.9029686008672979 3.2838748172957577
p 2.4887979123384527 1.8501695746133353 3.2599054581929137
p 2.4747647907756214 1.8016002827427944 3.2250278825232233
p 2.4696938659565943 1.7600732078435612 3.18009756860046
p 2.4747255147919076 1.7285238548747301 3.1276741931471057
p 2.4887278827112307 1.7085936664011958 3.0712906170232377
p 2.5090621405372069 1.7003217785346363 3.0138912652835095
p 2.532766146388258 1.7030632548860563 2.9572381899778044
p 2.5569870378462869 1.7163697109629756 2.9022561680688432
p 2.5786872789722755 1.7403114890623372 2.8497938831230556
p 2.5942268016073537 1.7750243787230395 2.8015410026462479
p 2.6000000000000001 1.8199999999999998 2.7599999999999998
L open 0 1
p 3.3999999999999995 1.8199999999999998 2.7599999999999998
p 3.4009335407854762 1.7969310927337003 2.7791765152506502
p 3.4036621264522573 1.7759906692055831 2.8004509433514029
p 3.4079967906642379 1.7573850485043931 2.8235404144328791
p 3.4136708973711696 1.7412569679425332 2.8481710178397539
p 3.4203744807206831 1.7277044154924963 2.8740828931971967
p 3.427783144833306 1.7167941756514931 2.901033035392218
p 3.4355799717744553 1.7085721595688028 2.9287973859577474
p 3.4434705417292868 1.7030718320239266 2.9571787026626777
p 3.4511878113966521 1.7003267177327044 2.9860027241847593
p 3.4584799400242199 1.7003785703843097 3.0150664849997231
p 3.4651161725764092 1.7032671233103516 3.0441544026708467
p 3.47088253675035 1.7090199808701165 3.073011110566342
p 3.4755868977173208 1.7176341316579045 3.1013386120631834
p 3.4790703562451455 1.7290688508812235 3.1288267103885516
p 3.4812119794725143 1.7432380433537957 3.1551556855306173
p 3.4819347291981719 1.7599999999999998 3.1800000000000002
L open 0 1
p -1.4819347291981713 1.7600000000000002 3.1799999999999997
p -1.4790684993649881 1.7290603808281317 3.128808953595331
p -1.4708748986137263 1.7090095765512709 3.0729695719558734
p -1.4584679688903275 1.7003760696458974 3.0150166975140409
p -1.4434470291480272 1.7030842105604886 2.9570929322988024
p -1.4277568683148263 1.7168270642595436 2.9009389693807965
p -1.4136569648726045 1.7412901603002535 2.8481144326404313
p -1.4036521110094013 1.7760461267410235 2.8003887236167064
p -1.4000000097563678 1.820105929986938 2.7599205854100908
p -1.4036793083093753 1.8712850179865388 2.7290157676091331
p -1.4137232237939275 1.9269305084975927 2.7090346284203082
p -1.4278248246137268 1.98444711975051 2.700403425124883
p -1.4434999732938885 2.0421388789656265 2.7029742177027005
p -1.4584999186370373 2.0984364210199327 2.7166093312566795
p -1.4708923937991873 2.1516127886524266 2.7411302310723324
p -1.4790730233095213 2.1995553865832953 2.7759963035495341
p -1.4819347291981713 2.2400000000000002 2.8199999999999998
L open 0 1
p 3.4819347291981719 2.2399999999999998 2.8200000000000003
p 3.4812123113384308 2.2208475801136736 2.7969573491366559
p 3.4790715136817805 2.1995434401214506 2.7759856271458525
p 3.4755889296765203 2.1763593967844828 2.7573122334671001
p 3.4708861145257104 2.1515823968708316 2.7411124533486175
p 3.4651236555560554 2.1255054766109862 2.7275144500486141
p 3.4584903468974861 2.0983987554982222 2.7165962495508396
p 3.4511981800776534 2.0705098811302078 2.7084037806173464
p 3.4434804772723475 2.0420677318927765 2.7029641294258684
p 3.4355891801043019 2.013279011195376 2.7002940332483707
p 3.4277908087270257 1.9843183565883611 2.7004101383113861
p 3.420380317316936 1.9553860187990204 2.7033358878971541
p 3.4136750733321604 1.926711258610855 2.7090897781001475
p 3.4079995750303009 1.8985463035036338 2.7176754567668673
p 3.4036637019125395 1.8711674192045638 2.729071649522349
p 3.4009340707498024 1.8448761799953657 2.7432187861401371
p 3.4000000000000039 1.8200000000000032 2.7600000000000042
L open 0 1
p 2.5999999999999961 1.8200000000000034 2.7600000000000047
p 2.5971136048088184 1.8562786039525814 2.7366671882308444
p 2.5889275419619642 1.8948851104267888 2.719018069917019
p 2.576583338083958 1.9346320592148094 2.7072081810789257
p 2.561444246899482 1.9746563781172488 2.7010724125793208
p 2.5447493330369144 2.014522740584261 2.7003517169325835
p 2.5275939798606673 2.0539408973632955 2.7048892026169011
p 2.5109849823510069 2.092634761908486 2.7146601954462137
p 2.4959148883489588 2.1302329069584482 2.7297420019315379
p 2.4834090380168821 2.1661724100323223 2.7502266467230903
p 2.4744986397845059 2.1996361061757486 2.7760682668789474
p 2.4700750730331453 2.2295845073715026 2.8068913520598637
p 2.4706465980854388 2.2549379887482086 2.8418651777948103
p 2.4761447932601892 2.2748681038439762 2.8798021422659539
p 2.4859507079045873 2.2889811363863091 2.9194400507096279
p 2.499123933958777 2.2972874162196475 2.9597484284356352
p 2.5146271467425585 2.2999999999999998 3
L open 0 1
p 2.5146271467425585 2.2999999999999998 3
p 2.5216423091070932 2.299523595998306 3.0169005880705639
p 2.5288162856463026 2.2981036582838668 3.0336781414305967
p 2.5360803251972803 2.295748995602839 3.0503241778477821
p 2.5433613986723573 2.292463114929201 3.0668230131777574
p 2.5505817201259151 2.2882458295561765 3.0831525268118098
p 2.5576585142126613 2.2830945861029988 3.0992847796097025
p 2.5645040664564185 2.2770055681490375 3.1151864787817001
p 2.5710260975093537 2.269974644261235 3.1308192929981686
p 2.5771285073423678 2.2619982382347503 3.1461400298195623
p 2.5827125400682553 2.2530742094206548 3.1611006963539587
p 2.5876784248600488 2.2432028410684515 3.175648472863692
p 2.591927553187829 2.2323880446651492 3.1897256378570242
p 2.5953652573580963 2.2206388983065612 3.2032694920151616
p 2.5979042601006794 2.2079716471904245 3.2162123371193072
p 2.5994688697089483 2.1944123043749082 3.2284815749568292
p 2.5999999999999952 2.1799999999999962 3.2399999999999944
L open 0 1
p -0.59099396249437386 2.2350264809116198 3.1864471862761703
p -0.58779433628099464 2.242942712969433 3.1760080698474167
p -0.58420960639635688 2.250329911711459 3.1653328135096017
p -0.5802796401033441 2.2571921769612451 3.1544415298740485
p -0.57604409545960633 2.2635335731572916 3.1433529026888642
p -0.5715421197472853 2.2693580158565392 3.1320842778415576
p -0.56681210392206383 2.2746691760165825 3.1206517372066398
p -0.56189148988107462 2.2794703950360216 3.109070154709904
p -0.55681662734921411 2.2837646035323407 3.0973532339811047
p -0.55162267718340141 2.2875542368367268 3.085513526966742
p -0.54634355789432743 2.2908411401852269 3.073562432874672
p -0.54101193218523136 2.2936264565856472 3.0615101768222512
p -0.5356592303072526 2.2959104903395904 3.0493657675597179
p -0.53031570703089537 2.2976925391990393 3.0371369336405425
p -0.52501052903315037 2.2989706881368934 3.024830037410438
p -0.51977188949981579 2.2997415577108411 3.0124499661867619
p -0.51462714674255838 2.2999999999999998 3
L open 0 1
p -0.51462714674255838 2.3000000000000003 3
p -0.48018267386050917 2.2821035546075348 2.89793357150478
p -0.47024392651071961 2.2273986457648478 2.8043220671267495
p -0.49076523431103591 2.1442322319298768 2.7369466507253364
p -0.53025853217928631 2.0478334376560547 2.7038379382085953
p -0.57219664440636575 1.946849155700652 2.7047458946346397
p -0.59829053707154123 1.8475755106267113 2.7416073324141852
p -0.59119014043595741 1.7655133656890751 2.8128743183651377
p -0.55633674514264286 1.7158606737573783 2.9037459571030362
p -0.51349254161718394 1.7000129987431598 3.0027926983139355
p -0.47958178005771951 1.7188083384982789 3.1045525994266128
p -0.47038260915861552 1.7741722515811689 3.1974887994993355
p -0.49139202231197393 1.857518903705587 3.2640059420324423
p -0.53096260375378901 1.9537791330017944 3.2964180081068464
p -0.57269407937583494 2.0545045240441113 3.29500721382442
p -0.59840573378940354 2.1534075212383432 3.2578102634530879
p -0.59099396249437397 2.2350264809116198 3.1864471862761699
tc_miss done 0 0
tc_tangent_hole done 0 0
tc_tangent_outer done 0 0
tc_tangent_over done 0 0
tc_saddle done 4 0
L open 0 1
p 2.166666666666667 1.247219128924647 0
p 2.1549887857100294 1.2393369380455259 0.11770924378969022
p 2.1210162340848915 1.2154783164102176 0.22874811543696222
p 2.0678512327767686 1.1752015476969333 0.3267451499126629
p 2.0004255647858811 1.1184144939329868 0.40598830778065942
p 1.9250426416548669 1.0461676236810444 0.46210237900387535
p 1.8483979779758333 0.96115180242918974 0.49300218820005087
p 1.7761578756975678 0.867300671533762 0.49945213608413902
p 1.7119139249636357 0.76865744850800433 0.48452345405436026
p 1.6571487647720926 0.66839400882779332 0.4522988153153788
p 1.611921824802711 0.56854110456949403 0.4067722143981769
p 1.5755583641102324 0.47007022809180105 0.3512790451990947
p 1.5472085113781811 0.37335893329742353 0.28848736859355067
p 1.5260491837129357 0.27833252241533957 0.22045379226887005
p 1.5114171999146464 0.18471938478161126 0.14882733688345334
p 1.5028303093994884 0.092102705310037905 0.074953639499920052
p 1.5 0 0
L open 0 1
p 2.1666666666666661 -1.2472191289246479 0
p 2.1549887857100414 -1.2393369380455339 0.11770924378963105
p 2.1210162340849377 -1.2154783164102514 0.22874811543685281
p 2.0678512327768672 -1.1752015476970119 0.32674514991251946
p 2.0004255647860396 -1.1184144939331304 0.40598830778050893
p 1.9250426416550666 -1.0461676236812485 0.46210237900376289
p 1.8483979779760542 -0.9611518024294543 0.49300218819999719
p 1.7761578756977967 -0.86730067153408674 0.49945213608415523
p 1.7119139249638642 -0.76865744850838602 0.48452345405445352
p 1.6571487647722967 -0.66839400882820232 0.45229881531553823
p 1.6119218248028664 -0.56854110456987372 0.40677221439837347
p 1.5755583641103508 -0.4700702280921587 0.35127904519931186
p 1.5472085113782679 -0.37335893329776104 0.2884873685937821
p 1.5260491837129833 -0.27833252241559003 0.22045379226905737
p 1.5114171999146675 -0.18471938478178138 0.14882733688358632
p 1.5028303093994924 -0.092102705310115926 0.074953639499984806
p 1.5 0 0
L open 0 1
p 2.1666666666666661 -1.2472191289246479 0
p 2.1549887857100352 -1.2393369380455299 -0.11770924378966034
p 2.1210162340849159 -1.215478316410235 -0.22874811543690884
p 2.067851232776809 -1.1752015476969655 -0.32674514991260434
p 2.0004255647859308 -1.1184144939330321 -0.40598830778061229
p 1.925042641654922 -1.0461676236811006 -0.46210237900384443
p 1.8483979779758897 -0.9611518024292568 -0.49300218820003744
p 1.7761578756976177 -0.86730067153383428 -0.49945213608414252
p 1.7119139249636863 -0.76865744850808859 -0.48452345405438096
p 1.6571487647721344 -0.66839400882787536 -0.45229881531541061
p 1.6119218248027336 -0.56854110456954898 -0.40677221439820593
p 1.5755583641102437 -0.47007022809183413 -0.35127904519911446
p 1.5472085113781853 -0.37335893329743852 -0.28848736859356094
p 1.5260491837129377 -0.27833252241535078 -0.22045379226887918
p 1.5114171999146462 -0.1847193847816129 -0.14882733688345415
p 1.5028303093994884 -0.092102705310042721 -0.074953639499925603
p 1.5 0 0
L open 0 1
p 2.1666666666666665 1.2472191289246473 0
p 2.1549887857100347 1.2393369380455297 -0.11770924378966514
p 2.121016234084911 1.2154783164102332 -0.22874811543691678
p 2.0678512327768175 1.1752015476969717 -0.32674514991259279
p 2.0004255647859663 1.1184144939330636 -0.40598830778057865
p 1.9250426416549502 1.0461676236811297 -0.46210237900382839
p 1.8483979779759074 0.96115180242927833 -0.49300218820003283
p 1.7761578756975995 0.86730067153380719 -0.49945213608414113
p 1.7119139249636535 0.7686574485080333 -0.48452345405436748
p 1.6571487647721004 0.66839400882780919 -0.45229881531538429
p 1.6119218248027181 0.56854110456951079 -0.40677221439818612
p 1.5755583641102395 0.47007022809182331 -0.35127904519910808
p 1.5472085113781882 0.37335893329744835 -0.28848736859356811
p 1.5260491837129395 0.27833252241535883 -0.22045379226888387
p 1.5114171999146477 0.18471938478162409 -0.14882733688346389
p 1.5028303093994881 0.0921027053100439 -0.074953639499924701
p 1.5 0 0
tc_near_outer_in done 4 0
L open 0 1
p 2.499999727521494 0.00116721568550562 0
p 2.4999997191759777 0.0011602190042783796 0.00010631631495382709
p 2.4999996953869177 0.0011397850419087765 0.0002099664798399752
p 2.4999996582435919 0.0011068069033053933 0.00030972961864672967
p 2.4999996100719311 0.0010622445150812818 0.00040457323084989235
p 2.4999995533669557 0.0010071098477838825 0.0004936386049160964
p 2.4999994907251977 0.00094245213812493671 0.00057622623180612117
p 2.4999994247771333 0.00086934311121040272 0.00065178121847820659
p 2.4999993581196085 0.00078886220277037252 0.00071987870139136835
p 2.4999992932482686 0.00070208178138898554 0.00078020926000871163
p 2.4999992324899836 0.00061005237073434473 0.00083256433030074687
p 2.4999991779352806 0.00051378787178843173 0.00087682161824870436
p 2.4999991313707688 0.00041425078507702261 0.00091293051334784769
p 2.4999990942115677 0.00031233743289960276 0.00094089750211079055
p 2.4999990674337358 0.00020886318155928269 0.00096077158157080911
p 2.499999051506701 0.00010454766359271301 0.00097262967278515878
p 2.4999990463256836 0 0.000976562034338387
L open 0 1
p 2.499999727521494 -0.0011672156855059054 0
p 2.4999997191759777 -0.001160219004280053 0.00010631631495484575
p 2.4999996953869177 -0.0011397850419135366 0.00020996647984473509
p 2.4999996582435919 -0.0011068069033136529 0.00030972961865701132
p 2.4999996100719315 -0.0010622445150925695 0.0004045732308665612
p 2.4999995533669557 -0.0010071098477971853 0.00049363860493916074
p 2.4999994907251977 -0.00094245213813899426 0.00057622623183482098
p 2.4999994247771333 -0.0008693431112239456 0.00065178121851113381
p 2.4999993581196085 -0.00078886220278230786 0.00071987870142661804
p 2.4999992932482686 -0.00070208178139852956 0.00078020926004406465
p 2.4999992324899836 -0.00061005237074110181 0.00083256433033388302
p 2.4999991779352806 -0.0005137878717924203 0.00087682161827744743
p 2.4999991313707688 -0.00041425078507864761 0.00091293051337044105
p 2.4999990942115673 -0.00031233743289957484 0.00094089750212620368
p 2.4999990674337358 -0.00020886318155848363 0.00096077158157907669
p 2.499999051506701 -0.0001045476635920088 0.00097262967278774872
p 2.4999990463256836 0 0.00097656203433860167
L open 0 1
p 2.4999990463256836 0 -0.00097656203433850951
p 2.4999990518331852 -0.00010483722458938516 -0.00097262036925283013
p 2.4999990682520359 -0.00020932703012300358 -0.00096073933370006016
p 2.4999990952651747 -0.00031283603618208547 -0.00094083949449934898
p 2.4999991322875634 -0.00041465992237101491 -0.00091285673842580746
p 2.4999991784173798 -0.00051402189274155389 -0.00087675412992539075
p 2.4999992324074656 -0.0006100738901628881 -0.00083253427267916994
p 2.499999292657026 -0.00070190056063748933 -0.00078025217501699043
p 2.4999993572235724 -0.000788525967562802 -0.0007200286191805193
p 2.4999994238551229 -0.00086892305593874622 -0.00065206403443568255
p 2.4999994900426477 -0.00094202586652104197 -0.00057665287403448897
p 2.4999995530927639 -0.0010067444999203546 -0.00049419849602624292
p 2.499999610220685 -0.0010619828306472571 -0.00040522854791814628
p 2.4999996586634148 -0.0011066589711030154 -0.00031041085518528782
p 2.4999996958131967 -0.0011397284855161932 -0.00021056981363002189
p 2.4999997193712047 -0.0011602103538250739 -0.00010670328559073476
p 2.499999727521494 -0.0011672156855059054 0
L open 0 1
p 2.499999727521494 0.001167215685505293 0
p 2.4999997191759777 0.0011602190042780377 -0.00010631631495368152
p 2.4999996953869177 0.00113978504190841 -0.00020996647983980647
p 2.4999996582435919 0.0011068069033050121 -0.00030972961864660043
p 2.4999996100719311 0.0010622445150809089 -0.00040457323084982328
p 2.4999995533669557 0.0010071098477835425 -0.00049363860491608155
p 2.4999994907251977 0.00094245213812465145 -0.00057622623180614047
p 2.4999994247771333 0.00086934311121018696 -0.00065178121847823619
p 2.4999993581196085 0.00078886220277023049 -0.00071987870139138775
p 2.4999992932482686 0.00070208178138891095 -0.00078020926000870925
p 2.4999992324899836 0.00061005237073432121 -0.00083256433030072226
p 2.4999991779352806 0.0005137878717884365 -0.00087682161824866793
p 2.4999991313707688 0.00041425078507703058 -0.00091293051334781863
p 2.4999990942115677 0.0003123374328995936 -0.00094089750211079077
p 2.4999990674337358 0.00020886318155924891 -0.00096077158157085638
p 2.499999051506701 0.00010454766359267049 -0.00097262967278525581
p 2.4999990463256836 0 -0.00097656203433850951
tc_near_outer_out done 0 0
tc_near_over done 3 0
L open 0 1
p 2.0009765620343303 0 0.49999904632568359
p 2.0009583381559812 -0.00018773659601488741 0.49999908163138485
p 2.0009043390826062 -0.00036848784435684196 0.49999918204074023
p 2.0008165490888152 -0.00053553940087353133 0.499999333079717
p 2.0006974532883404 -0.00068339180392400234 0.49999951337458204
p 2.000549162335385 -0.00080740362382041681 0.49999969822283519
p 2.0003790372789867 -0.00089994392612795086 0.49999985619241555
p 2.000194794929786 -0.00095689510400187778 0.49999996197883151
p 2.0000039354386723 -0.00097654240361712177 0.49999999998069422
p 1.9998136715607535 -0.00095866925408283734 0.49999996536503755
p 1.9996308686982966 -0.00090420271606284064 0.4999998638933017
p 1.9994620270679089 -0.00081511905019802315 0.49999971075848426
p 1.9993132915046812 -0.00069444044871902456 0.499999528594537
p 1.9991904285834425 -0.00054627501592954754 0.49999934472963181
p 1.9990986649048417 -0.00037597312553287873 0.49999918766550938
p 1.9990422345613295 -0.00019059432506627006 0.49999908267566212
p 1.9990234379656611 0 0.49999904632568359
L open 0 1
p 1.9990234379656613 0 0.49999904632568359
p 1.9990415008009255 0.00018700232871479824 0.49999908129934328
p 1.9990950372655436 0.00036711948147190705 0.49999918109061137
p 1.9991827592805056 0.00053464885061580596 0.49999933221926013
p 1.9993042624607937 0.00068537801399279038 0.4999995160981463
p 1.9994536871375452 0.00080960640956007058 0.49999970172592867
p 1.9996238969557028 0.00090133587812606152 0.4999998587019146
p 1.9998075833794422 0.00095744480699471368 0.49999996306878908
p 1.999997559868137 0.00097654877846215361 0.50000000000986999
p 2.0001869046999863 0.00095847768558433508 0.49999996498565907
p 2.000368988596783 0.00090409106077972694 0.49999986367204313
p 2.0005374385078616 0.00081524477453194543 0.49999971095360046
p 2.0006861041157848 0.00069481367315809498 0.49999952911657719
p 2.0008091088309055 0.00054676613630947539 0.49999934527721024
p 2.0009010822464437 0.0003763779465721534 0.4999991879721718
p 2.0009576862302945 0.00019076427523579328 0.4999990827290241
p 2.0009765620343303 0 0.49999904632568359
L closed 0 1
p -1.9990236956459493 -2.2437979213410812e-05 0.4999990468291457
p -1.9991053319214083 -0.0003915617991754995 0.49999919964171952
p -1.9993210668934118 -0.00070205313914998505 0.49999953921004153
p -1.9996386935982573 -0.00090735503346178455 0.49999986960800336
p -2.0000110291654027 -0.00097649329391425854 0.4999999998769914
p -2.0003821319848138 -0.00089860279737907442 0.49999985385814627
p -2.0006963774265336 -0.00068452680100987277 0.49999951484038002
p -2.0009047231470816 -0.00036753131655629213 0.49999918146357147
p -2.0009765485836368 5.6140418240282037e-06 0.49999904633158931
p -2.0009003488117383 0.00037812153156443172 0.4999991892997851
p -2.0006841506424866 0.00069672989406174249 0.49999953175407497
p -2.0003601278274648 0.00090766769722214809 0.49999987017484909
p -1.9999846663446468 0.00097643357290037609 0.49999999977668497
p -1.9996139508215334 0.00089710555678123422 0.49999985110113881
p -1.9993001965964214 0.0006812455175717948 0.4999995104520088
p -1.9990911587119697 0.00035740102349076579 0.49999917404161598
p -1.9990236956459495 -2.2437979213410812e-05 0.49999904682914559
tc_near_saddle_wide done 2 0
L closed 0 1
p 2.1666661898293569 1.2472199572851361 0
p 2.1536023174687209 1.2383916271394235 0.12441380879144634
p 2.1157387985686995 1.2116455692735715 0.24093503194166394
p 2.0569490198788363 1.1664723417822092 0.34206833768718597
p 1.9833486469975816 1.1029156591580316 0.42122834807074333
p 1.9025995649619687 1.022602135010837 0.47370876875075935
p 1.8224549954531213 0.92918815297602075 0.49791061955173177
p 1.748910612100526 0.8275132549420614 0.49573124379476252
p 1.685223546995968 0.72205659254912957 0.47142696890602159
p 1.6323817908699905 0.61613579830692167 0.42996289067709986
p 1.5898991620625966 0.51148653152665247 0.37576367736574617
p 1.5567209701221276 0.4085933509132747 0.31220275386328833
p 1.5318834942205606 0.30763087200683459 0.24200216771810037
p 1.5145517889945865 0.20843827265685899 0.16732161265396053
p 1.5040742684227442 0.11049441907396794 0.089785228799644221
p 1.5000613354361256 0.014002075962180423 0.01103454807236116
p 2.1666661898293569 1.2472199572851366 0
L closed 0 1
p 2.1666661898293564 -1.247219957285137 0
p 2.1536023180457504 -1.2383916275338047 0.1244138060791163
p 2.1157388007594071 -1.211645570872353 0.24093502703998421
p 2.0569490243813582 -1.1664723454223358 0.34206833159741845
p 1.9833486539939513 -1.1029156656072028 0.42122834215597144
p 1.9025995740557675 -1.0226021447698037 0.47370876448474947
p 1.8224550058275424 -0.92918816612335531 0.49791061815647325
p 1.74891062284861 -0.82751327119172136 0.49573124598649959
p 1.6852235573867327 -0.72205661146942901 0.47142697491471514
p 1.6323818003887853 -0.61613581943552875 0.42996290039174656
p 1.5898991704515915 -0.51148655465397841 0.37576369059325965
p 1.5567209771926123 -0.40859337588844991 0.31220277034998384
p 1.5318834998227457 -0.30763089874230126 0.24200218716536812
p 1.5145517929948666 -0.20843830116511489 0.16732163475851036
p 1.5040742706706125 -0.1104944495065372 0.089785253295889711
p 1.5000613356935397 -0.014002105167462774 0.011034571287316129
p 2.1666661898293564 -1.247219957285137 0
tc_near_saddle_narrow done 4 0
L open 0 1
p 2.1666671435036733 1.2472183005639523 0
p 2.1548741172829691 1.2392575921094884 0.11828144602966244
p 2.1205771701301286 1.2151595053844708 0.22979361057790823
p 2.0669393919726371 1.1744764979569542 0.32807362155806746
p 1.9989866052621537 1.1171254923170773 0.40733671107853464
p 1.923132406727283 1.0441998576476825 0.46317545779217112
p 1.8461633833255477 0.9584665901264412 0.49353599367336287
p 1.7737817197757801 0.86393626398129564 0.49926989834246049
p 1.7095586974085233 0.76469496529929204 0.48354740492661313
p 1.6549310151518106 0.66391758437631287 0.45052318330932489
p 1.6099102234623401 0.56360230218112584 0.404222020438334
p 1.5738053977827997 0.46472152746224377 0.34800536592758202
p 1.5457450564522937 0.36761351905513279 0.28453767570636085
p 1.5249068952409406 0.27220850516639317 0.21589327626681604
p 1.5106240678786973 0.17820345645218702 0.14371376206514916
p 1.5024211187988279 0.085174134850613398 0.0693551181259741
p 1.5000009536743164 0 0.0009765620343386703
L open 0 1
p 2.1666671435036728 -1.2472183005639532 0
p 2.1548741172830743 -1.2392575921095597 0.11828144602914119
p 2.1205771701305287 -1.2151595053847619 0.22979361057695463
p 2.0669393919734764 -1.1744764979576203 0.32807362155684905
p 1.9989866052634904 -1.1171254923182734 0.40733671107728869
p 1.9231324067290865 -1.0441998576495415 0.46317545779116587
p 1.8461633833276607 -0.95846659012898516 0.49353599367286771
p 1.7737817197780026 -0.86393626398444923 0.4992698983426434
p 1.7095586974107075 -0.76469496530297842 0.48354740492753351
p 1.6549310151538648 -0.66391758438047499 0.45052318331098956
p 1.6099102234642182 -0.5636023021857588 0.40422202044073852
p 1.5738053977844493 -0.46472152746730472 0.34800536593069203
p 1.5457450564536817 -0.3676135190606275 0.28453767571015043
p 1.5249068952420461 -0.27220850517238226 0.21589327627128713
p 1.5106240678794758 -0.17820345645868144 0.14371376207025666
p 1.5024211187992256 -0.085174134857623679 0.069355118131648602
p 1.5000009536743164 0 0.0009765620343386703
L open 0 1
p 1.5000009536743164 0 -0.00097656203433854616
p 1.5011011261168234 -0.057439557162571597 -0.046849217461775686
p 1.5077373132816281 -0.1521485795381933 -0.12311643005183132
p 1.5205735794577329 -0.24757750671078543 -0.19735438583057849
p 1.5400691483484115 -0.34438210295419036 -0.2683350346967226
p 1.5668928272835176 -0.44294580201896916 -0.33442126214777934
p 1.6018592452657814 -0.54332269946206624 -0.39347699491305949
p 1.6458826013766459 -0.64526213860655468 -0.44283890439367773
p 1.6998737381398521 -0.74811017970124261 -0.47917828420852498
p 1.763953736698181 -0.84981572521866999 -0.49823191423995572
p 1.8368652214097916 -0.9471613515273728 -0.49553310667617156
p 1.9151381385389181 -1.0358918293764456 -0.4674924380078595
p 1.9929354792914684 -1.1116736414600548 -0.41287450595655834
p 2.0630909634242918 -1.1714088117694481 -0.33358244660307801
p 2.118718912656429 -1.2138124985946206 -0.23415084874282696
p 2.1543867065338245 -1.2389250562534013 -0.12067210851171864
p 2.1666671435036728 -1.2472183005639532 0
L open 0 1
p 2.1666671435036728 1.2472183005639528 0
p 2.1548741172830281 1.239257592109529 -0.11828144602937049
p 2.1205771701303529 1.2151595053846314 -0.22979361057737849
p 2.0669393919730652 1.1744764979572941 -0.32807362155744518
p 1.9989866052627721 1.1171254923176313 -0.40733671107795749
p 1.923132406728109 1.0441998576485347 -0.46317545779171038
p 1.8461633833265121 0.95846659012760216 -0.49353599367313705
p 1.7737817197768102 0.86393626398275769 -0.49926989834254526
p 1.7095586974095462 0.76469496530101866 -0.48354740492704401
p 1.6549310151527767 0.6639175843782702 -0.45052318331010682
p 1.6099102234632214 0.56360230218330087 -0.40422202043946331
p 1.5738053977835713 0.46472152746461043 -0.34800536592903603
p 1.5457450564529374 0.36761351905768336 -0.28453767570812039
p 1.5249068952414448 0.27220850516912659 -0.21589327626885621
p 1.5106240678790468 0.17820345645510888 -0.1437137620674471
p 1.502421118799004 0.085174134853730224 -0.069355118128496776
p 1.5000009536743164 0 -0.00097656203433854616
tk_skew done 10 0
L open 0 1
p 2.4979275054053622 0.10177513320720677 1.2463859111500126e-17
p 2.4978456989824349 0.1012928199438253 0.010065508046768142
p 2.4976027219689683 0.099847288509970322 0.020052487232835595
p 2.4972071341025908 0.09745033546630591 0.029855611299481531
p 2.4966734190981663 0.094124577108360391 0.039377048000628231
p 2.4960212208851345 0.089901516550789651 0.048525234237149113
p 2.4952745526735254 0.084820253752169186 0.057214124503915498
p 2.4944609620471621 0.078926666484375491 0.065362762223043561
p 2.4936106393264041 0.072272928479814522 0.072895066447933005
p 2.4927554604865372 0.064917269218952647 0.079739769333819419
p 2.491927959961711 0.056923918049802388 0.085830482681691883
p 2.4911602327081308 0.048363213560213496 0.091105914773557534
p 2.4904827689439726 0.039311897353016351 0.09551030162816565
p 2.489923229027299 0.029853649603262946 0.098994159717432473
p 2.4895051699770248 0.020079962006007708 0.10151551009493942
p 2.4892467391857913 0.010091481952267766 0.10304176679900673
p 2.4891593549173621 0 0.10355252530397488
L open 0 1
p -2.2611104874140171 1.0664798937187445 1.3060611881976696e-16
p -2.2527095516353293 1.0599388603483981 0.10138810427047076
p -2.2277388173437682 1.0409779062899231 0.19839641067296324
p -2.1868272346323874 1.0114925644342596 0.28700326175506785
p -2.1308584365118097 0.97440363128017615 0.36372608993893041
p -2.0609173928699409 0.93346377290529792 0.42557444601564537
p -1.9785032701089682 0.89309602310304581 0.46994589607448001
p -1.8860893057110537 0.85802449831073524 0.49477637188499213
p -1.7875853463363869 0.8322544998415462 0.49920576565676117
p -1.6878113286028045 0.81763337306730421 0.48423330673587689
p -1.5910432608538219 0.81334469837298595 0.45230612916231827
p -1.500200457999507 0.81689959893550346 0.406016250696974
p -1.4173138185096077 0.8254073714477913 0.34713750917825242
p -1.3445697311177753 0.83617696047866696 0.27644033532677065
p -1.2853796011647705 0.84673072139025718 0.19408351267543175
p -1.2451856645473414 0.85462412136338362 0.10074568251333142
p -1.2306610467607408 0.85759745101402718 0
L open 0 1
p -1.2306610467607408 0.85759745101402718 0
p -1.2451854130882583 0.85462417232661603 -0.10074481525283913
p -1.2853787732437958 0.84673087845759976 -0.1940820774780555
p -1.3445681470136821 0.83617722338435352 -0.27643851733749636
p -1.4173113611178019 0.82540768763517269 -0.34713547235215647
p -1.5001971380128591 0.81689984577184127 -0.40601423937535486
p -1.5910392466816996 0.81334470278724147 -0.4523044459801886
p -1.6878058968034242 0.81763285437678734 -0.48423201215698491
p -1.7875818257293696 0.83225379081610196 -0.49920555935204597
p -1.8860886274958439 0.85802428191311431 -0.49477647202629693
p -1.978502913404089 0.89309586978304334 -0.46994603348333647
p -2.0609170768798029 0.93346360141724916 -0.42557466736336497
p -2.1308582089189536 0.97440348847313296 -0.3637263410572012
p -2.1868271097767655 1.0114924776770728 -0.28700347467221005
p -2.2277387609901149 1.0409778644958634 -0.19839656875780587
p -2.2527095363669933 1.0599388486130523 -0.10138819391216985
p -2.2611104874140171 1.0664798937187445 1.1102230246251565e-16
L closed 0 1
p -2.261110487414018 -1.0664798937187439 0
p -2.2277363806623125 -1.0409760914424968 0.19840329464524065
p -2.1308491297609202 -0.97439778094732443 0.36373636782988988
p -1.9784838316685682 -0.89308751444928069 0.46995360417705756
p -1.7875558905614333 -0.8322485268209131 0.49920411552769972
p -1.5910085638003115 -0.8133447411548036 0.45229158029530908
p -1.4172792303775354 -0.82541182036159999 0.34710884390856961
p -1.2853534167873064 -0.84673568875458893 0.19403807934184564
p -1.2306610480154825 -0.85759745078230976 2.8174557121132991e-05
p -1.2853250309218351 -0.84674107403916843 -0.19398881413315272
p -1.4172403652410526 -0.82541682035787012 -0.34707662897608321
p -1.5909680253554863 -0.81334479202092891 -0.45227457902513918
p -1.7875213597327826 -0.83224153082696117 -0.49920216987645871
p -1.9784630115029209 -0.89307840433672059 -0.46996185485706143
p -2.1308391046665922 -0.97439147943279525 -0.36374743805547749
p -2.2277337591335491 -1.0409741391064313 -0.19841069938730702
p -2.261110487414018 -1.0664798937187439 0
L open 0 1
p 2.4979275054053622 -0.10177513320721038 0
p 2.4978456989838471 -0.10129281994742584 0.010065508040649084
p 2.4976027219690513 -0.099847288510565443 0.020052487227407656
p 2.4972071341021507 -0.097450335465795915 0.029855611296684213
p 2.4966734190980318 -0.09412457710835373 0.039377048000336909
p 2.4960212208853427 -0.08990151655094035 0.048525234238590939
p 2.4952745526736595 -0.084820253751341293 0.057214124506264008
p 2.4944609620469058 -0.078926666482091123 0.065362762225593687
p 2.4936106393258353 -0.072272928476824871 0.072895066450117188
p 2.4927554604860473 -0.064917269216780496 0.079739769335208599
p 2.4919279599616795 -0.056923918049736372 0.085830482682035761
p 2.4911602327085949 -0.048363213562489904 0.091105914772852931
p 2.4904827689445392 -0.039311897356804938 0.095510301626702779
p 2.4899232290274274 -0.029853649607576402 0.098994159715756008
p 2.4895051699765673 -0.020079962010782239 0.10151551009367243
p 2.4892467391853232 -0.010091481957614204 0.10304176679852405
p 2.4891593549173621 0 0.103552525303975
L open 0 1
p 1.5897796510797531 0 0.28586581700467573
p 1.5848887600819894 -0.060415790893980463 0.2804229280527607
p 1.5713690522889434 -0.11764615247615054 0.26462481370172009
p 1.5519049341654099 -0.16959416445450312 0.2395945406435899
p 1.5294391127291078 -0.21524833644669242 0.20622861888589522
p 1.5067757220497922 -0.25378590618051278 0.16496937144958995
p 1.4867845869364262 -0.28394231963338962 0.116054354784092
p 1.4726644220961902 -0.30367780400805133 0.060297719896802604
p 1.4674780982553608 -0.31065753096758053 0.00015329954374405046
p 1.4726137404742223 -0.30374666997290467 -0.060002893823758986
p 1.4866961507967595 -0.28406955952695795 -0.11579005772958338
p 1.5066698666507643 -0.2539537688819169 -0.16475027855760718
p 1.5293421112939469 -0.21542629109515751 -0.20607119091846257
p 1.5518418798251903 -0.16973796805417982 -0.23950836042171625
p 1.5713549140061116 -0.11769183384586589 -0.26460762140487482
p 1.584880073981948 -0.060469519960609071 -0.28041314742726769
p 1.5897796510797528 0 -0.28586581700467562
L open 0 1
p 2.4891593549173621 0 -0.10355252530397498
p 2.4893110256866091 -0.010280144072374032 -0.10274464156881168
p 2.4895491783080304 -0.020361850007230068 -0.10131294210584681
p 2.489936105068232 -0.030251827518490339 -0.098912242494299155
p 2.4904938113949964 -0.039885112053730735 -0.095384650204146701
p 2.4912040158572824 -0.049125064794180828 -0.090759564596126607
p 2.4920081501652271 -0.057763372654723824 -0.085253676921735286
p 2.492834880301805 -0.065634226624262659 -0.079129768585485566
p 2.4936827124468897 -0.072859709610894191 -0.072287809627235577
p 2.4945229693939193 -0.079390708634329732 -0.064778451345181731
p 2.4953246451457272 -0.085170288249633769 -0.056673421984905832
p 2.4960586197998396 -0.090148802634649777 -0.048048169362892232
p 2.4966985275663776 -0.094283522677437948 -0.03898161893932247
p 2.4972215334586121 -0.097538549424017629 -0.029556061438024462
p 2.497609018656175 -0.099885013886414575 -0.019857170013576491
p 2.4978471745409041 -0.10130156321101252 -0.0099741469655654398
p 2.4979275054053622 -0.10177513320721038 0
L open 0 1
p 2.4979275054053618 0.10177513320720682 0
p 2.4978456989824345 0.10129281994382409 -0.010065508046767709
p 2.4976027219689683 0.099847288509968934 -0.020052487232835342
p 2.4972071341025908 0.097450335466305799 -0.029855611299481624
p 2.4966734190981659 0.094124577108361335 -0.039377048000628537
p 2.4960212208851349 0.089901516550790511 -0.048525234237149419
p 2.4952745526735254 0.084820253752169075 -0.057214124503915664
p 2.4944609620471621 0.078926666484374491 -0.065362762223043547
p 2.4936106393264041 0.072272928479813536 -0.072895066447932907
p 2.4927554604865372 0.064917269218952578 -0.079739769333819363
p 2.4919279599617106 0.056923918049803367 -0.085830482681691925
p 2.4911602327081304 0.048363213560214668 -0.091105914773557686
p 2.4904827689439717 0.039311897353016406 -0.095510301628165803
p 2.4899232290272986 0.029853649603261579 -0.098994159717432501
p 2.4895051699770252 0.020079962006006539 -0.10151551009493934
p 2.4892467391857913 0.010091481952269119 -0.10304176679900673
p 2.4891593549173621 0 -0.10355252530397499
L open 0 1
p 1.5897796510797528 0 0.28586581700467573
p 1.5885366815447846 0.030426417882078352 0.28449536612050563
p 1.584889724098475 0.060409826820802377 0.28042401175373327
p 1.579061917148326 0.089577537720177416 0.27375533802382312
p 1.571372558716386 0.11763484135969224 0.26462906312249024
p 1.5621950634486246 0.14435236512910982 0.2531992529143548
p 1.5519126227912969 0.16957661620301398 0.23960505108737662
p 1.5408808870086157 0.19323221353295997 0.22393301079114752
p 1.5294495950030944 0.21522910144058743 0.20624562028721988
p 1.5179681836289367 0.2354531498540034 0.18658944732131194
p 1.5067881203571292 0.2537662439588429 0.1649950074368739
p 1.4962658440886076 0.2700036076674614 0.14147268745091091
p 1.4867823247975569 0.28394559963051469 0.11604757140234299
p 1.4787687956190616 0.29528391590145286 0.088874750296086255
p 1.4726495488873306 0.30369806116468157 0.060211407458929937
p 1.4687965519534558 0.30889579709053594 0.030422035375672424
p 1.4674780647520858 0.31065757591192411 0
L open 0 1
p 1.467478064752086 0.31065757591192406 0
p 1.4687934296587182 0.3089000170615892 -0.030386086331877681
p 1.4726401043667663 0.30371085319543323 -0.060156450104931418
p 1.4787504702556009 0.29530945363507288 -0.08880290606393916
p 1.486746262634111 0.2839974747545328 -0.11593985617396536
p 1.4962040228154043 0.27009647600441233 -0.1413222804233962
p 1.5067179287439625 0.25387756402309669 -0.16484977881587987
p 1.5178995075530797 0.23556944956771228 -0.18646502908361251
p 1.529380619825607 0.21535564966695411 -0.20613371667070637
p 1.5408152148093774 0.19336508458035745 -0.22383586786479495
p 1.5518671067416772 0.16968044610746341 -0.23954284845529047
p 1.5621772715998239 0.14439953320722515 -0.25317651420818482
p 1.5713679326982986 0.11764983635388228 -0.26462340962768921
p 1.5790577443581557 0.089595038253780401 -0.27375050826526631
p 1.5848840901822192 0.060444667084087654 -0.28041767216543484
p 1.588533450800508 0.030466100307224339 -0.28449177600597925
p 1.5897796510797528 0 -0.28586581700467562
tk_parallel done 4 0
L open 0 1
p 2.2876114472483828 1.0083818058742233 0
p 2.3127566255482046 0.94907388403847104 0.0091158372760057581
p 2.3362347134554442 0.88904301668370933 0.017941295480535621
p 2.3580410573350941 0.8283385040507184 0.026441483015961151
p 2.3781741306323565 0.76700950397649503 0.034578913462055397
p 2.3966355334528062 0.7051050234588877 0.042313444468658833
p 2.4134299051556947 0.64267390936561597 0.049602394313882588
p 2.4285647499603993 0.57976483828767389 0.05640083612784929
p 2.4420501755660307 0.51642630553712099 0.06266206978197153
p 2.4538985449054822 0.45270661088427522 0.068338271811542492
p 2.4641239554358392 0.38865366577760518 0.073381514795524475
p 2.4727414578981421 0.32431498321478092 0.077745137554030175
p 2.479766239154352 0.25973807857459014 0.081385093792279622
p 2.4852125980434661 0.19497050827904244 0.084261857948383284
p 2.4890929753806894 0.13005987119332754 0.086342238011876737
p 2.4914170761242973 0.06505380820751544 0.087601009006274447
p 2.492191083710217 0 0.088022367135643584
L open 0 1
p 2.2876114472483824 -1.0083818058742247 0
p 2.312756625547137 -0.94907388404108983 0.0091158372756119654
p 2.3362347134534582 -0.88904301668900532 0.017941295479775431
p 2.3580410573323349 -0.82833850405874876 0.026441483014866037
p 2.3781741306289708 -0.76700950398730827 0.034578913460662178
p 2.39663553344894 -0.70510502347252391 0.042313444467010186
p 2.413429905151494 -0.64267390938210966 0.049602394312027225
p 2.4285647499560077 -0.57976483830705627 0.056400836125842055
p 2.4420501755615862 -0.51642630555941693 0.062662069779873777
p 2.4538985449016577 -0.45270661090912673 0.068338271809139234
p 2.464123955435622 -0.38865366579937155 0.073381514791941216
p 2.4727414578953302 -0.32431498323190094 0.077745137553476479
p 2.4797662391504249 -0.2597380785875803 0.081385093793393343
p 2.4852125980444333 -0.19497050828842785 0.084261857946909921
p 2.4890929753836581 -0.13005987120011533 0.086342238009542216
p 2.4914170761175085 -0.06505380821275919 0.087601009010627756
p 2.4921910837102175 0 0.088022367135643528
L closed 0 1
p 2.2603895424764513 0 0.42684574048349677
p 2.0997497253325856 -0.68943477581393042 0.45374433615666537
p 1.6712769689359226 -1.2538932144187416 0.49195042816890228
p 1.0618645454489084 -1.6184274927725328 0.4958459197775662
p 0.3637249043019572 -1.7405358528883887 0.44807981647124162
p -0.3283105298717594 -1.6114270588751682 0.35162818971002058
p -0.9267716242237074 -1.2489047753076856 0.22838381825187062
p -1.3481229355567195 -0.68881018790650661 0.1170783454131278
p -1.5048553579307513 7.5374984750167898e-05 0.069511046187964401
p -1.3480565341911275 0.68895038417672805 0.11709771591642262
p -0.92667376249803113 1.2489923166194692 0.22840716512677706
p -0.32820869034247302 1.6114657381825928 0.35164595402643223
p 0.36381189924481472 1.7405364258161291 0.44808890553971836
p 1.0619252981710912 1.6184050334147597 0.49584780706671205
p 1.6713085575513822 1.2538651375135497 0.49194889903746508
p 2.0997581429728531 0.68941727466438196 0.45374315968294493
p 2.2603895424764513 2.2204460492503131e-16 0.42684574048349605
L open 0 1
p 2.2876114472483824 -1.0083818058742247 0
p 1.8757137656060032 -1.6310202963926559 -0.1188685548429637
p 1.2775231726871108 -2.0765404059047174 -0.24106557462951372
p 0.56077340162582379 -2.290380587819083 -0.34901836777031614
p -0.18892795052702177 -2.2443751392349429 -0.4316690760192608
p -0.87964229516002979 -1.9421793896541066 -0.48223518059476328
p -1.4268852529042733 -1.4212685033058445 -0.49980528058914947
p -1.7703081744324869 -0.74769723499246987 -0.49383564683209763
p -1.8853675116884727 -8.0231615301614653e-07 -0.4866820241173343
p -1.7703086351644686 0.74769578807799175 -0.49383562493367
p -1.4268862072938324 1.4212672167120168 -0.49980528715783551
p -0.87964186648246123 1.942179652075531 -0.48223515293467017
p -0.18892352488161543 2.2443762077085641 -0.43166867071709103
p 0.56077675536910765 2.2903802018877775 -0.34901793401162146
p 1.2775251775479572 2.0765393990245933 -0.24106522390555912
p 1.875714504064073 1.6310195137467813 -0.11886837629096869
p 2.2876114472483824 1.0083818058742242 0
tk_through_tube done 4 0
L open 0 1
p 2.1529054099524854 2.7755575615628914e-17 0.47604614861089078
p 2.1498879564606517 -0.029769911920033868 0.47694001144229864
p 2.1410109975774385 -0.058232364753279101 0.47947051318513417
p 2.1267261384442735 -0.084264669406068568 0.4832336563771446
p 2.1076666197616616 -0.10692437519019424 0.48766473957755035
p 2.0845936396510045 -0.12543157406057831 0.49212988409538305
p 2.0583180917574242 -0.13917769544638789 0.49601281682903231
p 2.0297707800717251 -0.14765465399521305 0.4987640587127381
p 2.0000263507383087 -0.15050524005403434 0.49996772275040691
p 1.9702687046632261 -0.1475961446292943 0.49941349750262848
p 1.941696427448615 -0.13906031293051385 0.49714774081997187
p 1.9154054096595143 -0.125267903155419 0.49347676481868841
p 1.8923308491642306 -0.10674253929912798 0.48892338882547098
p 1.8732957653764784 -0.084127804728741318 0.48417035353407872
p 1.8590230000232937 -0.058180628832247241 0.47998051097637673
p 1.850130328470255 -0.029786844895812001 0.47708583230785279
p 1.8470945900475126 0 0.47604614861089023
L open 0 1
p 1.7555667483623623 0 -0.43617930429337343
p 1.760233349162478 -0.049036740923933078 -0.4391343421674832
p 1.7738952169301536 -0.095753763470727477 -0.44725583246990114
p 1.7958290211036283 -0.13847254454703245 -0.45876198086257108
p 1.8252617732359144 -0.17595828606321415 -0.47154228103835294
p 1.8615138928688493 -0.20716667916854956 -0.48360371869567809
p 1.903701120643672 -0.23087295769653482 -0.49317180031113361
p 1.9503795341233314 -0.24575986069580069 -0.49882914028972686
p 1.9994258456272975 -0.25081315246487668 -0.49977206560017512
p 2.0483369525240618 -0.24572750883232083 -0.49601212544454432
p 2.0947729348852322 -0.23097680547842345 -0.48831393383037341
p 2.1369151921536838 -0.20752445638834227 -0.47791245505961755
p 2.1734517432756371 -0.17648172836397868 -0.46624223786282093
p 2.2033840121697597 -0.13892093488451424 -0.45479244720702955
p 2.2257689606095057 -0.095984505874859447 -0.44507303969620998
p 2.2396913263030211 -0.04909172959183334 -0.43850871961089516
p 2.2444332516376369 5.5511151231257827e-17 -0.43617930429337404
L open 0 1
p 1.847094590047512 0 0.47604614861089012
p 1.8501237796804062 0.029755035310652343 0.47708362183101372
p 1.8590181286185594 0.058169216601929322 0.47997898224449898
p 1.8733009148961548 0.084135309169612787 0.48417177020155622
p 1.892330457862522 0.10674215594152425 0.48892329896608844
p 1.9153779144161884 0.12524989605426995 0.49347209539994991
p 1.9416558657400502 0.13904377522021852 0.49714327625008392
p 1.9702243379422377 0.1475873871815036 0.49941133016981726
p 1.9999817178183223 0.15050520897506195 0.49996822229263366
p 2.0297282320913936 0.14766292633423669 0.49876700392646051
p 2.0582888009691609 0.13918958080164365 0.49601642820933156
p 2.084592984884766 0.12543199861736729 0.49212999729048523
p 2.1076866850034075 0.10690480073117185 0.48766043119992641
p 2.1267331000356182 0.084254490711618724 0.48323191285995232
p 2.1410023232121955 0.058252766812543946 0.47947291541861847
p 2.1498800659468271 0.029808351261750174 0.47694232464738362
p 2.1529054099524871 0 0.47604614861089029
L open 0 1
p 1.7555667483623623 0 -0.43617930429337343
p 1.7602347074725935 0.049043807066937284 -0.43913518931771423
p 1.7738989114736337 0.095763024638304925 -0.44725792434043626
p 1.7958373000675365 0.13848546709032186 -0.45876598915507721
p 1.8252762082841547 0.17597340803586456 -0.47154785822776335
p 1.8615347444957808 0.20718132419290089 -0.48360958516979413
p 1.9037234024538197 0.2308827037254006 -0.49317568893281721
p 1.9503994994067113 0.24576407423084143 -0.49883053309370629
p 1.999442643751125 0.25081314017419276 -0.49977156201993161
p 2.0483514066600779 0.24572448341238437 -0.49601034763911894
p 2.0947845789699828 0.23097176349537613 -0.48831150728822592
p 2.1369237876145331 0.20751849027467012 -0.47791000149804153
p 2.1734576222523181 0.17647565763693993 -0.46624015822422399
p 2.2033872660545999 0.13891593240683037 -0.45479110727613903
p 2.2257704680261168 0.095980783713986273 -0.44507235095008024
p 2.2396917494816102 0.04908956019761563 -0.43850851382414219
p 2.2444332516376377 0 -0.43617930429337354
tk_irrational_apex done 4 0
L open 0 1
p 2.3190796595995318 -5.5511151231257827e-17 0.38495216693746098
p 2.3131098933745293 -0.067674647480593361 0.38902623892354887
p 2.2955686097893206 -0.13242166423746041 0.40046060772762071
p 2.2672688389519151 -0.1920175206456976 0.41732825988067834
p 2.229125345290516 -0.24474097876533485 0.43724574336030742
p 2.1818979316781677 -0.28917075464358427 0.45783007902085254
p 2.1263905652528243 -0.32365487941905835 0.47669162176711355
p 2.0639166172416799 -0.34613241800961381 0.49132408194974037
p 1.9969331856022707 -0.35440976410481506 0.49920760354086074
p 1.9294041508549002 -0.34707466119595931 0.49842719700830213
p 1.8660360004220473 -0.32459886400574739 0.48864735793387776
p 1.8105263154207552 -0.28931868034734082 0.47146228410667479
p 1.7646225314586883 -0.24411283423704502 0.44969552566905163
p 1.7286401907596833 -0.19120673931763213 0.42658457981926673
p 1.7024882580581913 -0.13195572000164399 0.4055847183000223
p 1.686398206677697 -0.06757650144230698 0.39051371212359853
p 1.6809203404004682 0 0.38495216693746109
L open 0 1
p 1.9540125366175956 0 -0.4978806616164681
p 1.9549700474752056 -0.0089586684429327646 -0.4979701398493766
p 1.9575188898340286 -0.017476576190160773 -0.49819847492856845
p 1.9619064135701261 -0.025363454049988386 -0.49855930803053478
p 1.9677288632443029 -0.032254272939215657 -0.49897532186261478
p 1.9746755331966874 -0.037830838671218239 -0.49937650856833776
p 1.9825826047406219 -0.041948830232738793 -0.49971180958242017
p 1.9911345871447774 -0.044478618154929248 -0.49992996242795756
p 2.0000144624134637 -0.045331957999795343 -0.49999972142738208
p 2.0089146392846571 -0.044474611901050787 -0.49991150239340687
p 2.0175008676339359 -0.041925334360240762 -0.49967818099578737
p 2.0254288678332628 -0.037776282339638097 -0.49933489093696065
p 2.0323968092948905 -0.032178674509967316 -0.49893273872064586
p 2.0381402315202419 -0.025331835787291104 -0.49853113224509193
p 2.0424321970254922 -0.017480531149909627 -0.49818987850900193
p 2.0450890444055769 -0.0089183572162789774 -0.49796106715511179
p 2.0459874633824042 0 -0.4978806616164681
L open 0 1
p 1.680920340400468 0 0.38495216693746093
p 1.6863980412898083 0.067575488870702 0.39051354430199248
p 1.7024888645149741 0.13195749560398204 0.40558525460354677
p 1.7286403073089196 0.19120695061870333 0.42658466666003814
p 1.7646260305296539 0.24411707280234543 0.44969746359340884
p 1.8105379552014214 0.2893279856374586 0.47146689080332771
p 1.8660456945352246 0.32460361441579161 0.4886496049616138
p 1.9294148677715759 0.34707712254690676 0.49842807665945532
p 1.9969418831863142 0.35440965119871048 0.49920707811664911
p 2.0639220790535053 0.34613110098304295 0.49132310487785752
p 2.1263921115702855 0.32365413480813432 0.47669117557800916
p 2.1818980094901552 0.28917067864389084 0.45783004468848804
p 2.2291255008849604 0.24474081715074919 0.43724566989726305
p 2.2672700752932968 0.1920154310543008 0.41732756543515498
p 2.2955692949751771 0.13241980719221427 0.40046017454441407
p 2.3131095333745448 0.067676670019256369 0.38902648226137881
p 2.3190796595995318 0 0.38495216693746115
L open 0 1
p 1.9540125366175956 0 -0.4978806616164681
p 1.9551315233689417 0.0091128340409966525 -0.49798821518674707
p 1.957721430213087 0.017812153752879051 -0.49821943086114467
p 1.9621333655426472 0.025821301808197149 -0.49857386711251145
p 1.9682263347065969 0.032785587828234465 -0.49900298915328278
p 1.9753860928723599 0.038283922700173771 -0.49941193842858861
p 1.9833021295864761 0.042232343649775579 -0.49973593128157151
p 1.9918260011954367 0.04460739979466441 -0.49994108603604087
p 2.0006473171692183 0.045327618383807042 -0.49999867019252131
p 2.0094488003072586 0.044367446771299342 -0.4999012151497178
p 2.0179283754292636 0.041749497904640553 -0.4996627891643971
p 2.0257531180863348 0.037562214907789264 -0.49931825541292812
p 2.032622539676431 0.031956257092262651 -0.49891814768989495
p 2.03827697198646 0.0251305825919644 -0.49852080207331373
p 2.0424964227688749 0.017328168721925032 -0.49818450518461987
p 2.0451054455681459 0.0088374049379548302 -0.49795961287411972
p 2.0459874633824042 0 -0.4978806616164681
tk_tilted done 10 0
L open 0 1
p 3.4686047503874016 2.3159651488272774 2.763026138379542
p 3.4684067603721562 2.3252636880935236 2.776067564300031
p 3.4678144695131916 2.3339175684817084 2.789532451382458
p 3.4668329408188705 2.3419030303875705 2.8033778648634349
p 3.4654703207653164 2.3492016450396243 2.8175613773487718
p 3.4637374946449899 2.3557996798925136 2.8320412516509803
p 3.4616477872194245 2.361687548527803 2.846776596403211
p 3.4592167035790342 2.3668593360784835 2.8617274975209059
p 3.4564617051129507 2.3713123911934337 2.8768551285823696
p 3.4534020154918119 2.3750469755581252 2.892121843199523
p 3.4500584515664405 2.3780659619878088 2.9074912524500753
p 3.4464532740853375 2.3803745721094596 2.922928290442349
p 3.4426100531339547 2.3819801446487361 2.9383992710840103
p 3.4385535431986423 2.3828919253382175 2.9538719391259334
p 3.4343095627582358 2.3831208694631809 2.9693155185524538
p 3.4299048733062025 2.3826794480611753 2.9847007613892331
p 3.4253670527062927 2.3815814487916631 3
L open 0 1
p 3.4253670527062927 2.3815814487916636 3
p 3.4189700885659566 2.3790310738978167 3.0208232725579185
p 3.4124339049897698 2.3753015532567794 3.0414242882770095
p 3.4058288054866628 2.3704239309950328 3.0617621992744164
p 3.3992272328255493 2.3644277934060507 3.0818000050330112
p 3.3927037334420604 2.3573407236222943 3.1015043882494577
p 3.3863344435712239 2.3491871050216901 3.120846905155088
p 3.3801980364984563 2.3399884711207468 3.1398007259013059
p 3.3743778837377234 2.3297678887027282 3.1583322658193
p 3.3689598786249864 2.3185497725332564 3.1764047603214713
p 3.3640308731708406 2.3063606109641182 3.1939786058362398
p 3.3596765202150327 2.2932297326972653 3.2110114330973922
p 3.3559785910085034 2.2791901201894293 3.227458102416533
p 3.3530118856332378 2.2642793260900054 3.2432706834521374
p 3.3508408536701992 2.2485405491048649 3.2583984819886642
p 3.3495160425256265 2.2320239256787464 3.2727881762392115
p 3.3490704908259703 2.2147880938888971 3.2863841251851964
L closed 0 1
p -1.2604365985555168 2.8543259832773953 2.3592555125419534
p -1.2294997115843285 2.9494082600658169 2.5323437388419596
p -1.1403436963393558 2.988269921920446 2.7071085151609382
p -1.0008615696280498 2.9761412888031202 2.849917733420035
p -0.82281806317549977 2.9297103219782445 2.9274570083030969
p -0.63256299526026183 2.8697812945857586 2.9175184512730419
p -0.46343893209004511 2.8041403966563219 2.8326610758243724
p -0.33862288335899959 2.7225817076873429 2.6990277378604195
p -0.28885769970171787 2.61389307353123 2.5395859208552882
p -0.33861861875492338 2.4912616494835644 2.3905998463806282
p -0.46343300294266826 2.3858081632376611 2.2748840496126204
p -0.63255563256153735 2.3227223509167345 2.1881077594603839
p -0.82281169361774409 2.329958510371986 2.1277916099129759
p -1.0008576052516984 2.4173955853401412 2.10492737438399
p -1.1403417827383682 2.5578888485030742 2.1332695500872929
p -1.2294991919732057 2.7147830210035595 2.2195108488240258
p -1.2604365985555168 2.8543259832773953 2.3592555125419534
L closed 0 1
p -1.2604365985555175 1.1456740167226049 3.6407444874580466
p -1.2294997115844482 1.2852156764695506 3.7804881765387086
p -1.1403436963398323 1.4421085964161398 3.866729509288457
p -1.0008615696290042 1.5826014632176499 3.8950726026085993
p -0.82281806317694672 1.6700398378166894 3.8722098714243187
p -0.63256299526195137 1.6772789507384069 3.8118952091594611
p -0.46343893209154347 1.6141953217285079 3.7251198820218865
p -0.33862288335999513 1.5087437501948047 3.609406205982177
p -0.28885769970171821 1.386112423433689 3.4604214084312721
p -0.33861861875381466 1.2774225906711196 3.3009791404925828
p -0.46343300294077916 1.195862401922462 3.1673433706011056
p -0.63255563255913549 1.1302211908260922 3.0824836295296505
p -0.8228116936152311 1.0702915626130447 3.0725418207322783
p -1.0008576052493154 1.023859515513877 3.1500794267523347
p -1.1403417827367688 1.0117298905027841 3.292888768585124
p -1.2294991919724607 1.0505911689892746 3.4676547378320008
p -1.2604365985555175 1.1456740167226049 3.6407444874580466
L open 0 1
p 3.468604750387402 1.6840348511727226 3.2369738616204584
p 3.4674962801946672 1.7084825205153975 3.2659650427725402
p 3.4642212441532654 1.7359689950008397 3.2919057319079346
p 3.4589226583204011 1.7660131216973052 3.3144580775613943
p 3.4518190704922387 1.7981156654733714 3.3334047303529206
p 3.4431899394333336 1.8317750646962103 3.3486297181065021
p 3.4333479496856141 1.8665538727591344 3.3601204320635243
p 3.422624200335445 1.9020867469784624 3.3679274452949444
p 3.4113674170568276 1.9380612645781941 3.37213142345515
p 3.3999401474832975 1.9742219109868837 3.3728258739835195
p 3.3887228806941518 2.0103535830564296 3.370101287293874
p 3.3781138140489881 2.046279850679587 3.3640343105928943
p 3.3685416210491907 2.0818045502696556 3.3546919860551392
p 3.3604528483373386 2.1166972872600138 3.3421473560924668
p 3.3542799928586735 2.1506963821123466 3.3264915756895461
p 3.3503976810144023 2.1835051707515301 3.3078469606981566
p 3.3490704908259668 2.2147880938888997 3.2863841251851995
L open 0 1
p 2.5097688908252751 2.0590122483475652 3.0786829977967538
p 2.509254634996668 2.0426976380675175 3.0884257028251549
p 2.5078113277101171 2.0248044378585877 3.0945486721306721
p 2.505693350865597 2.0061056954094632 3.0969008613329967
p 2.5032438360055855 1.9873301515994315 3.0954985248014766
p 2.5008361397273449 1.9691623844001829 3.0904797694801949
p 2.4988227063351651 1.9522445318598165 3.0820870227852137
p 2.4974906977319722 1.9371705346462367 3.0706627897407994
p 2.4970258536513947 1.9244481937645121 3.0566173559040162
p 2.4974942001648603 1.9145396395806402 3.040466081502966
p 2.4988289374882187 1.9078065283105574 3.0227945843258772
p 2.5008401818827042 1.9045021545969893 3.004236205849931
p 2.5032460779822245 1.9047757348964474 2.9854065700963148
p 2.5056954175548327 1.9086898150435889 2.9669904763610084
p 2.5078133001512493 1.9161884617604137 2.9496963306124875
p 2.5092555949716497 1.9270785208227292 2.934237495708321
p 2.5097688908252747 1.9409877516524341 2.9213170022032453
L open 0 1
p 3.3490704908259659 1.7852119061110998 2.7136158748147996
p 3.3503975045308718 1.7558503016735543 2.7376361606186181
p 3.3542796266598098 1.7287649393922615 2.7639118618178808
p 3.360452421307889 1.7042151527288134 2.7921676184826962
p 3.368541102720374 1.6824021559471676 2.8221520816294703
p 3.3781130228137148 1.6634867748843538 2.8536392345883344
p 3.3887217719936813 1.6476032146717714 2.8864288277911392
p 3.399939046408992 1.6348703712307968 2.9203523900536559
p 3.4113664115351088 1.6254116729833539 2.9552612712973092
p 3.422623314440568 1.619374284278893 2.9909741478814573
p 3.4333472141598227 1.6169195127183009 3.0272719644647088
p 3.4431893588302902 1.6182122868816347 3.0638773251742082
p 3.4518186967793576 1.6234035059846865 3.100453916769784
p 3.4589224411891002 1.6326035296791608 3.1365778993222944
p 3.4642211412573602 1.6458414521099938 3.1717353369485748
p 3.4674962529761642 1.6630484298627646 3.205386166611643
p 3.468604750387402 1.6840348511727226 3.2369738616204584
L open 0 1
p 3.468604750387402 2.3159651488272766 2.763026138379542
p 3.4674962801946663 2.2915174794845909 2.7340349572274487
p 3.4642212441532618 2.2640310049991368 2.7080942680920459
p 3.4589226583203931 2.2339868783026575 2.6855419224385813
p 3.4518190704922245 2.2018843345265746 2.6665952696470518
p 3.4431899394333154 2.1682249353037206 2.6513702818934712
p 3.4333479496855892 2.1334461272407816 2.6398795679364508
p 3.4226242003354135 2.0979132530214377 2.6320725547050401
p 3.4113674170567889 2.0619387354216876 2.6278685765448415
p 3.399940147483254 2.0257780890129786 2.627174126016484
p 3.3887228806941065 1.9896464169434218 2.6298987127061446
p 3.3781138140489544 1.9537201493202965 2.6359656894071319
p 3.3685416210491663 1.9181954497302474 2.6453080139448906
p 3.3604528483373235 1.8833027127399184 2.6578526439075629
p 3.354279992858666 1.8493036178876114 2.6735084243104783
p 3.3503976810143983 1.8164948292484464 2.6921530393018562
p 3.3490704908259694 1.785211906111102 2.7136158748148027
L open 0 1
p 2.5097688908252707 2.0590122483475537 3.0786829977967383
p 2.5097225061760722 2.0634450449199231 3.0751356173497171
p 2.5095841814347244 2.0676447339472293 3.0713190730435915
p 2.5093563651369095 2.0715940432878641 3.0672507722840892
p 2.5090429817112558 2.0752781248268413 3.0629487496953933
p 2.5086492691818933 2.0786842667789887 3.0584315027915872
p 2.5081816181742878 2.081801649611307 3.0537178577017308
p 2.5076474127457802 2.0846211417484581 3.0488268616430756
p 2.5070548735623195 2.0871351312253683 3.0437776988369531
p 2.5064129039428242 2.0893373894509106 3.0385896265618615
p 2.5057309392926603 2.0912229632466652 3.0332819280382659
p 2.5050188004476639 2.0927880913247074 3.0278738788396495
p 2.5042865514501971 2.0940301413684241 3.022384723524322
p 2.5035443622786802 2.0949475638803206 3.0168336591825287
p 2.5028023770520678 2.0955398589608007 3.0112398225933652
p 2.5020705882307244 2.0958075521818982 3.005622277686042
p 2.5013587173351617 2.0957521757199267 3
L open 0 1
p 2.5013587173351617 2.0957521757199267 3
p 2.4998142511550343 2.094363378688969 2.986855892459563
p 2.4985351637287501 2.0912407542574023 2.9739788191622254
p 2.4976119353975439 2.0864469521896245 2.9615970131215765
p 2.4971093993436639 2.0800704066005813 2.949927935870944
p 2.4970629733307121 2.0722251292503353 2.939178136898454
p 2.497476120678495 2.0630523088165122 2.9295420393948479
p 2.4983195436452958 2.0527185788284172 2.9211959613254908
p 2.4995356140931806 2.0413896539073524 2.9142813042888447
p 2.5010392685729044 2.0292623756262702 2.9089325665364734
p 2.5027236596712714 2.0165477224918926 2.9052598862026855
p 2.504467086053594 2.0034663973958651 2.9033484301788479
p 2.5061403689911383 1.990248893993644 2.9032588884311896
p 2.5076150363964094 1.9771358109131705 2.9050259339531865
p 2.5087723564333806 1.9643782764741888 2.9086544356750181
p 2.5095132269127456 1.9522381813831178 2.9141121996908628
p 2.5097688908252711 1.9409877516524454 2.9213170022032608
tk_miss done 0 0
