case bulge_height
plane 0.0 0.0 0.0 0.0 0.0 1.0 1.0 0.0 0.0
wire S 4 0.0 0.0 0.0 L 10.0 0.0 0.0 B 2 3 10.0 0.0 0.0 12.0 3.0 0.0 10.0 6.0 0.0 2 0.0 1.0 3 3 10.0 6.0 0.0 L 0.0 6.0 0.0 L
prism 0.0 0.0 5.0
split 0.0 0.0 2.0 0.0 0.0 1.0
end
case bulge_parallel_once
plane 0.0 0.0 0.0 0.0 0.0 1.0 1.0 0.0 0.0
wire S 4 0.0 0.0 0.0 L 10.0 0.0 0.0 B 2 3 10.0 0.0 0.0 12.0 3.0 0.0 10.0 6.0 0.0 2 0.0 1.0 3 3 10.0 6.0 0.0 L 0.0 6.0 0.0 L
prism 0.0 0.0 5.0
split 0.0 2.0 0.0 0.0 1.0 0.0
end
case bulge_parallel_twice
plane 0.0 0.0 0.0 0.0 0.0 1.0 1.0 0.0 0.0
wire S 4 0.0 0.0 0.0 L 10.0 0.0 0.0 B 2 3 10.0 0.0 0.0 12.0 3.0 0.0 10.0 6.0 0.0 2 0.0 1.0 3 3 10.0 6.0 0.0 L 0.0 6.0 0.0 L
prism 0.0 0.0 5.0
split 10.5 0.0 0.0 1.0 0.0 0.0
end
case bulge_tangent
plane 0.0 0.0 0.0 0.0 0.0 1.0 1.0 0.0 0.0
wire S 4 0.0 0.0 0.0 L 10.0 0.0 0.0 B 2 3 10.0 0.0 0.0 12.0 3.0 0.0 10.0 6.0 0.0 2 0.0 1.0 3 3 10.0 6.0 0.0 L 0.0 6.0 0.0 L
prism 0.0 0.0 5.0
split 11.0 0.0 0.0 1.0 0.0 0.0
end
case bulge_miss_hull
plane 0.0 0.0 0.0 0.0 0.0 1.0 1.0 0.0 0.0
wire S 4 0.0 0.0 0.0 L 10.0 0.0 0.0 B 2 3 10.0 0.0 0.0 12.0 3.0 0.0 10.0 6.0 0.0 2 0.0 1.0 3 3 10.0 6.0 0.0 L 0.0 6.0 0.0 L
prism 0.0 0.0 5.0
split 12.0 0.0 0.0 1.0 0.0 0.0
end
case bulge_oblique
plane 0.0 0.0 0.0 0.0 0.0 1.0 1.0 0.0 0.0
wire S 4 0.0 0.0 0.0 L 10.0 0.0 0.0 B 2 3 10.0 0.0 0.0 12.0 3.0 0.0 10.0 6.0 0.0 2 0.0 1.0 3 3 10.0 6.0 0.0 L 0.0 6.0 0.0 L
prism 0.0 0.0 5.0
split 10.0 3.0 2.5 1.0 0.25 1.5
end
case blob_walls_only
plane 0.0 0.0 0.0 0.0 0.0 1.0 1.0 0.0 0.0
wire S 4 4.0 0.0 0.0 B 3 4 4.0 0.0 0.0 6.5 0.0 0.0 8.0 1.5 0.0 8.0 4.0 0.0 2 0.0 1.0 4 4 8.0 4.0 0.0 B 3 4 8.0 4.0 0.0 8.0 6.5 0.0 6.5 8.0 0.0 4.0 8.0 0.0 2 0.0 1.0 4 4 4.0 8.0 0.0 B 3 4 4.0 8.0 0.0 1.5 8.0 0.0 0.0 6.5 0.0 0.0 4.0 0.0 2 0.0 1.0 4 4 0.0 4.0 0.0 B 3 4 0.0 4.0 0.0 0.0 1.5 0.0 1.5 0.0 0.0 4.0 0.0 0.0 2 0.0 1.0 4 4
prism 0.0 0.0 5.0
split 4.0 4.0 2.5 0.125 0.0625 1.0
end
case blob_joins
plane 0.0 0.0 0.0 0.0 0.0 1.0 1.0 0.0 0.0
wire S 4 4.0 0.0 0.0 B 3 4 4.0 0.0 0.0 6.5 0.0 0.0 8.0 1.5 0.0 8.0 4.0 0.0 2 0.0 1.0 4 4 8.0 4.0 0.0 B 3 4 8.0 4.0 0.0 8.0 6.5 0.0 6.5 8.0 0.0 4.0 8.0 0.0 2 0.0 1.0 4 4 4.0 8.0 0.0 B 3 4 4.0 8.0 0.0 1.5 8.0 0.0 0.0 6.5 0.0 0.0 4.0 0.0 2 0.0 1.0 4 4 0.0 4.0 0.0 B 3 4 0.0 4.0 0.0 0.0 1.5 0.0 1.5 0.0 0.0 4.0 0.0 0.0 2 0.0 1.0 4 4
prism 0.0 0.0 5.0
split 4.0 0.0 0.0 1.0 0.0 0.0
end
case blob_join_touch
plane 0.0 0.0 0.0 0.0 0.0 1.0 1.0 0.0 0.0
wire S 4 4.0 0.0 0.0 B 3 4 4.0 0.0 0.0 6.5 0.0 0.0 8.0 1.5 0.0 8.0 4.0 0.0 2 0.0 1.0 4 4 8.0 4.0 0.0 B 3 4 8.0 4.0 0.0 8.0 6.5 0.0 6.5 8.0 0.0 4.0 8.0 0.0 2 0.0 1.0 4 4 4.0 8.0 0.0 B 3 4 4.0 8.0 0.0 1.5 8.0 0.0 0.0 6.5 0.0 0.0 4.0 0.0 2 0.0 1.0 4 4 0.0 4.0 0.0 B 3 4 0.0 4.0 0.0 0.0 1.5 0.0 1.5 0.0 0.0 4.0 0.0 0.0 2 0.0 1.0 4 4
prism 0.0 0.0 5.0
split 8.0 4.0 5.0 1.0 0.0 1.0
end
case blob_tilted_in_cap
plane 1.0 -2.0 0.5 0.0 0.6 0.8 1.0 -0.0 0.0
wire S 4 5.0 -2.0 0.5 B 3 4 5.0 -2.0 0.5 7.5 -2.0 0.5 9.0 -0.7999999999999998 -0.3999999999999999 9.0 1.2000000000000002 -1.9 2 0.0 1.0 4 4 9.0 1.2000000000000002 -1.9 B 3 4 9.0 1.2000000000000002 -1.9 9.0 3.2 -3.4 7.5 4.4 -4.3 5.0 4.4 -4.3 2 0.0 1.0 4 4 5.0 4.4 -4.3 B 3 4 5.0 4.4 -4.3 2.5 4.4 -4.3 1.0 3.2 -3.4 1.0 1.2000000000000002 -1.9 2 0.0 1.0 4 4 1.0 1.2000000000000002 -1.9 B 3 4 1.0 1.2000000000000002 -1.9 1.0 -0.7999999999999998 -0.3999999999999999 2.5 -2.0 0.5 5.0 -2.0 0.5 2 0.0 1.0 4 4
prism 0.0 2.4 3.2
split 1.0 -2.0 0.5 0.0 3.0 4.0
end
case wave_knot
plane 0.0 0.0 0.0 0.0 0.0 1.0 1.0 0.0 0.0
wire S 4 0.0 0.0 0.0 L 10.0 0.0 0.0 L 10.0 6.0 0.0 B 2 5 10.0 6.0 0.0 8.0 8.0 0.0 5.0 5.0 0.0 2.0 8.0 0.0 0.0 6.0 0.0 4 0.0 1.0 2.0 3.0 3 1 1 3 0.0 6.0 0.0 L
prism 0.0 0.0 5.0
split 6.5 0.0 0.0 1.0 0.0 0.0
end
case wave_parallel_four
plane 0.0 0.0 0.0 0.0 0.0 1.0 1.0 0.0 0.0
wire S 4 0.0 0.0 0.0 L 10.0 0.0 0.0 L 10.0 6.0 0.0 B 2 5 10.0 6.0 0.0 8.0 8.0 0.0 5.0 5.0 0.0 2.0 8.0 0.0 0.0 6.0 0.0 4 0.0 1.0 2.0 3.0 3 1 1 3 0.0 6.0 0.0 L
prism 0.0 0.0 5.0
split 0.0 6.8 0.0 0.0 1.0 0.0
end
case wave_tilted
plane 1.0 -2.0 0.5 0.0 0.6 0.8 1.0 -0.0 0.0
wire S 4 1.0 -2.0 0.5 L 11.0 -2.0 0.5 L 11.0 2.8000000000000007 -3.0999999999999996 B 2 5 11.0 2.8000000000000007 -3.0999999999999996 9.0 4.4 -4.3 6.0 2.0 -2.5 3.0 4.4 -4.3 1.0 2.8000000000000007 -3.0999999999999996 4 0.0 1.0 2.0 3.0 3 1 1 3 1.0 2.8000000000000007 -3.0999999999999996 L
prism 0.0 2.4 3.2
split 6.0 4.000000000000001 -1.4999999999999991 0.5 1.4 0.20000000000000018
end
case capsule_parallel
plane 0.0 0.0 0.0 0.0 0.0 1.0 1.0 0.0 0.0
wire S 4 0.0 -1.0 0.0 L 3.0 -1.0 0.0 A 3.0 0.0 0.0 1.0 1 3.0 1.0 0.0 L 0.0 1.0 0.0 B 3 6 0.0 1.0 0.0 -1.0 1.0 0.0 -1.5 0.5 0.0 -1.5 -0.5 0.0 -1.0 -1.0 0.0 0.0 -1.0 0.0 3 0.0 1.0 2.0 4 2 4
prism 0.0 0.0 2.0
split -1.0 0.0 0.0 1.0 0.0 0.0
end
case capsule_steep
plane 0.0 0.0 0.0 0.0 0.0 1.0 1.0 0.0 0.0
wire S 4 0.0 -1.0 0.0 L 3.0 -1.0 0.0 A 3.0 0.0 0.0 1.0 1 3.0 1.0 0.0 L 0.0 1.0 0.0 B 3 6 0.0 1.0 0.0 -1.0 1.0 0.0 -1.5 0.5 0.0 -1.5 -0.5 0.0 -1.0 -1.0 0.0 0.0 -1.0 0.0 3 0.0 1.0 2.0 4 2 4
prism 0.0 0.0 2.0
split 1.5 0.0 1.0 1.0 0.25 2.75
end
case lens_parallel
plane 0.0 0.0 0.0 0.0 0.0 1.0 1.0 0.0 0.0
wire P 4 0.0 0.0 0.0 10.0 0.0 0.0 10.0 10.0 0.0 0.0 10.0 0.0
wire S 2 3.0 5.0 0.0 B 3 4 3.0 5.0 0.0 4.0 2.0 0.0 6.0 2.0 0.0 7.0 5.0 0.0 2 0.0 1.0 4 4 7.0 5.0 0.0 B 3 4 7.0 5.0 0.0 6.0 8.0 0.0 4.0 8.0 0.0 3.0 5.0 0.0 2 0.0 1.0 4 4
prism 0.0 0.0 5.0
split 0.0 4.0 0.0 0.0 1.0 0.0
end
case lens_tilted
plane 1.0 -2.0 0.5 0.0 0.6 0.8 1.0 -0.0 0.0
wire P 4 1.0 -2.0 0.5 11.0 -2.0 0.5 11.0 6.0 -5.5 1.0 6.0 -5.5
wire S 2 4.0 2.0 -2.5 B 3 4 4.0 2.0 -2.5 5.0 -0.3999999999999999 -0.7 7.0 -0.3999999999999999 -0.7 8.0 2.0 -2.5 2 0.0 1.0 4 4 8.0 2.0 -2.5 B 3 4 8.0 2.0 -2.5 7.0 4.4 -4.3 5.0 4.4 -4.3 4.0 2.0 -2.5 2 0.0 1.0 4 4
prism 0.0 1.7999999999999998 2.4000000000000004
split 6.0 2.1 -0.6999999999999993 0.25 1.1 -0.19999999999999984
end
