bulge_height done 2
S above 191.99997474227362 225.25606239381997 5.3374999997563108 3.0000000000000018 3.50000014799451 6 12 8 1
S below 127.99998316151576 192.83735809072908 5.3374999997563108 3.0000000000000018 0.99999990133699335 6 12 8 1
bulge_parallel_once done 2
S above 214.81481481481484 231.45798381059055 5.3742528735632185 3.9724137931034473 2.5 6 12 8 1
S below 105.18518518518518 167.52442659375265 5.2624413145539908 1.0140845070422535 2.5 6 12 8 1
bulge_parallel_twice done 2
S above 7.0710678118654808 46.016198103644946 10.700000000000001 3.0000000000000004 2.5 4 6 4 1
S below 312.92893218813447 286.5037302830022 5.2163267966276408 2.9999999999999996 2.5000000000000009 8 18 12 1
bulge_tangent done 1
S below 320 290.09352151545431 5.3374999999999995 3 2.5 6 14 10 1
bulge_miss_hull done 1
S below 320 290.09352151545431 5.3375000000000004 3 2.5 6 12 8 1
bulge_oblique done 2
S above 39.566665826491665 87.230707554719331 9.1924269597013151 3.3146588552850833 3.9929694190846732 5 9 6 1
S below 280.43332120531568 267.17043113660719 4.7936037206641204 2.9556044908906394 2.2893551534374379 7 15 10 1
blob_walls_only done 2
S above 130.62500985141895 169.15296152155713 4.2080431992961529 4.104021707160781 3.7337465496026137 6 12 8 1
S below 130.62500985141892 169.15296152155713 3.7919567995105075 3.8959784479732802 1.2662534408506745 6 12 8 1
blob_joins done 2
S above 130.62500000000003 156.39515117847961 5.7378104351788553 4 2.5 5 9 6 1
S below 130.625 156.39515117847961 2.2621895648211439 4 2.4999999999999996 5 9 6 1
blob_join_touch done 1
S below 261.25 232.79030235695927 4.0000000000000009 4.0000000000000009 2.5 6 12 8 1
blob_tilted_in_cap done 1
S above 209 207.13224188556745 5 2.3999999999999999 -0.29999999999999982 6 12 8 1
wave_knot done 2
S above 119.37499999999999 147.91706337824621 8.2244328097731252 3.417626527050611 2.5 6 12 8 1
S below 209.2838560582955 215.97299914959294 3.1620491545211356 3.2388391067588502 2.5 6 12 8 1
wave_parallel_four done 3
S above 2.4527750680114715 23.136445611242227 2.0930612244897948 6.9371428571428568 2.5 4 6 4 1
S above 2.4527750680114737 23.13644561124223 7.9069387755102047 6.9371428571428577 2.5 4 6 4 1
S below 323.82062684417377 295.70321318321106 4.9999999999999991 3.2492006587130291 2.4999999999999996 10 24 16 1
wave_tilted done 2
S above 44.145419901064464 101.41123723315093 8.4881904273676572 3.9366077223907059 -0.5595784136455193 5 9 6 1
S below 218.9452167486275 236.66149628070076 5.4976580376191633 1.4226914000073121 0.2530593959447226 7 15 10 1
capsule_parallel done 2
S above 18.863872151102491 44.377257099362566 1.4297202745296786 0 1 8 18 12 1
S below 1.0777205024873013 8.0059237327628097 -1.2040816326530612 -3.685420815663417e-17 1 4 6 4 1
capsule_steep done 2
S above 9.2086559721874082 32.346604458076477 2.1289699863717235 0.029514671149468975 1.3843002441535233 7 15 10 1
S below 10.732936788677037 34.708112862730424 0.56531076989387896 -0.025323021682445518 0.67027768848815317 7 15 10 1
lens_parallel done 2
S above 250.45781653124877 287.28840712274092 4.9999999999999982 7.3147184591219165 2.4999999999999996 10 24 16 1
S below 186.54218346875129 219.95076730260055 4.9999999999999991 1.8921810585895316 2.4999999999999996 8 18 12 1
lens_tilted done 2
S above 150.8286618360886 216.23868376912986 6.401088020254412 4.7224551332975793 -2.6026621613949628 10 24 16 1
S below 111.37133867929118 164.46096073814712 5.4568120332966137 0.43187424866053925 0.46417733234918307 9 21 14 1
