case sheet_square 1e-07
v 0.0 0.0 1.0
v 3.0 0.0 1.0
v 3.0 2.0 1.0
v 0.0 2.0 1.0
e 0 1 line 0.0 0.0 1.0 1.0 0.0 0.0 0.0 3.0
e 1 2 line 3.0 0.0 1.0 0.0 1.0 0.0 0.0 2.0
e 2 3 line 3.0 2.0 1.0 -1.0 0.0 0.0 0.0 3.0
e 3 0 line 0.0 2.0 1.0 0.0 -1.0 0.0 0.0 2.0
f plane 0.0 0.0 1.0 0.0 0.0 1.0 1.0 0.0 0.0 F
w
u 0 F line 0.0 0.0 1.0 0.0
u 1 F line 3.0 0.0 0.0 1.0
u 2 F line 3.0 2.0 -1.0 0.0
u 3 F line 0.0 2.0 0.0 -1.0
result face
end
case sheet_square_bottom 1e-07
v 0.0 0.0 0.0
v 3.0 0.0 0.0
v 3.0 2.0 0.0
v 0.0 2.0 0.0
e 0 1 line 0.0 0.0 0.0 1.0 0.0 0.0 0.0 3.0
e 1 2 line 3.0 0.0 0.0 0.0 1.0 0.0 0.0 2.0
e 2 3 line 3.0 2.0 0.0 -1.0 0.0 0.0 0.0 3.0
e 3 0 line 0.0 2.0 0.0 0.0 -1.0 0.0 0.0 2.0
f plane 0.0 0.0 0.0 0.0 0.0 -1.0 1.0 0.0 0.0 F
w
u 3 R line 0.0 -2.0 0.0 1.0
u 2 R line 3.0 -2.0 -1.0 0.0
u 1 R line 3.0 0.0 0.0 -1.0
u 0 R line 0.0 0.0 1.0 0.0
result face
end
case sheet_round_hole 1e-07
v 0.0 0.0 0.5
v 4.0 0.0 0.5
v 4.0 3.0 0.5
v 0.0 3.0 0.5
v 2.75 1.5 0.5
e 0 1 line 0.0 0.0 0.5 1.0 0.0 0.0 0.0 4.0
e 1 2 line 4.0 0.0 0.5 0.0 1.0 0.0 0.0 3.0
e 2 3 line 4.0 3.0 0.5 -1.0 0.0 0.0 0.0 4.0
e 3 0 line 0.0 3.0 0.5 0.0 -1.0 0.0 0.0 3.0
e 4 4 circle 2.0 1.5 0.5 -0.0 -0.0 -1.0 1.0 0.0 0.0 0.75 -0.0 6.283185307179586
f plane 0.0 0.0 0.5 0.0 0.0 1.0 1.0 0.0 0.0 F
w
u 0 F line 0.0 0.0 1.0 0.0
u 1 F line 4.0 0.0 0.0 1.0
u 2 F line 4.0 3.0 -1.0 0.0
u 3 F line 0.0 3.0 0.0 -1.0
w
u 4 F circle 2.0 1.5 1.0 0.0 0.75 -1.0
result face
end
case sheet_stadium 1e-07
v 0.0 -1.0 1.0
v 3.0 -1.0 1.0
v 3.0 1.0 1.0
v 0.0 1.0 1.0
e 0 1 line 0.0 -1.0 1.0 1.0 0.0 0.0 0.0 3.0
e 1 2 circle 3.0 0.0 1.0 0.0 0.0 1.0 1.0 0.0 0.0 1.0 -1.5707963267948966 1.5707963267948966
e 2 3 line 3.0 1.0 1.0 -1.0 0.0 0.0 0.0 3.0
e 3 0 circle 0.0 0.0 1.0 0.0 0.0 1.0 1.0 0.0 0.0 1.0 1.5707963267948966 4.71238898038469
f plane 0.0 0.0 1.0 0.0 0.0 1.0 1.0 0.0 0.0 F
w
u 0 F line 0.0 -1.0 1.0 0.0
u 1 F circle 3.0 0.0 1.0 0.0 1.0 1.0
u 2 F line 3.0 1.0 -1.0 0.0
u 3 F circle 0.0 0.0 1.0 0.0 1.0 1.0
result face
end
case sheet_half_disc 1e-07
v -1.0 0.0 0.4
v 1.0 0.0 0.4
e 0 1 line -1.0 0.0 0.4 1.0 0.0 0.0 0.0 2.0
e 1 0 circle 0.0 0.0 0.4 0.0 0.0 1.0 1.0 0.0 0.0 1.0 0.0 3.141592653589793
f plane 0.0 0.0 0.4 0.0 0.0 1.0 1.0 0.0 0.0 F
w
u 0 F line -1.0 0.0 1.0 0.0
u 1 F circle 0.0 0.0 1.0 0.0 1.0 1.0
result face
end
case sheet_cylinder_patch 1e-07
v 3.0 -1.0 0.0
v 3.0 1.0 0.0
v 3.0 -1.0 1.0
v 3.0 1.0 1.0
e 0 2 line 3.0 -1.0 0.0 0.0 0.0 1.0 0.0 1.0
e 1 3 line 3.0 1.0 0.0 0.0 0.0 1.0 0.0 1.0
e 0 1 circle 3.0 0.0 0.0 0.0 0.0 1.0 1.0 0.0 0.0 1.0 -1.5707963267948966 1.5707963267948966
e 2 3 circle 3.0 0.0 1.0 0.0 0.0 1.0 1.0 0.0 0.0 1.0 -1.5707963267948966 1.5707963267948966
f cylinder 3.0 0.0 0.0 0.0 0.0 1.0 1.0 0.0 0.0 1.0 F
w
u 2 F line 0.0 0.0 1.0 0.0
u 1 F line 1.5707963267948966 0.0 0.0 1.0
u 3 R line 0.0 1.0 1.0 0.0
u 0 R line -1.5707963267948966 0.0 0.0 1.0
result face
end
case sheet_spline_wall 1e-07
v 3.0 0.0 0.0
v 3.0 2.0 0.0
v 3.0 0.0 1.0
v 3.0 2.0 1.0
e 0 2 line 3.0 0.0 0.0 0.0 0.0 1.0 0.0 1.0
e 1 3 line 3.0 2.0 0.0 0.0 0.0 1.0 0.0 1.0
e 0 1 bspline 2 0 2 0.0 1.0 3 3 3 3.0 0.0 0.0 4.0 1.0 0.0 3.0 2.0 0.0 1.0 1.0 1.0 0.0 1.0
e 2 3 bspline 2 0 2 0.0 1.0 3 3 3 3.0 0.0 1.0 4.0 1.0 1.0 3.0 2.0 1.0 1.0 1.0 1.0 0.0 1.0
f bspline 2 0 2 0.0 1.0 3 3 1 0 2 0.0 1.0 2 2 6 3.0 0.0 0.0 3.0 0.0 1.0 4.0 1.0 0.0 4.0 1.0 1.0 3.0 2.0 0.0 3.0 2.0 1.0 1.0 1.0 1.0 1.0 1.0 1.0 F
w
u 2 F line 0.0 0.0 1.0 0.0
u 1 F line 1.0 0.0 0.0 1.0
u 3 R line 0.0 1.0 1.0 0.0
u 0 R line 0.0 0.0 0.0 1.0
result face
end
case sheet_open_box 1e-07
v 0.0 0.0 0.0
v 3.0 0.0 0.0
v 3.0 2.0 0.0
v 0.0 2.0 0.0
v 0.0 0.0 1.0
v 3.0 0.0 1.0
v 3.0 2.0 1.0
v 0.0 2.0 1.0
e 0 4 line 0.0 0.0 0.0 0.0 0.0 1.0 0.0 1.0
e 1 5 line 3.0 0.0 0.0 0.0 0.0 1.0 0.0 1.0
e 2 6 line 3.0 2.0 0.0 0.0 0.0 1.0 0.0 1.0
e 3 7 line 0.0 2.0 0.0 0.0 0.0 1.0 0.0 1.0
e 0 1 line 0.0 0.0 0.0 1.0 0.0 0.0 0.0 3.0
e 4 5 line 0.0 0.0 1.0 1.0 0.0 0.0 0.0 3.0
e 1 2 line 3.0 0.0 0.0 0.0 1.0 0.0 0.0 2.0
e 5 6 line 3.0 0.0 1.0 0.0 1.0 0.0 0.0 2.0
e 2 3 line 3.0 2.0 0.0 -1.0 0.0 0.0 0.0 3.0
e 6 7 line 3.0 2.0 1.0 -1.0 0.0 0.0 0.0 3.0
e 3 0 line 0.0 2.0 0.0 0.0 -1.0 0.0 0.0 2.0
e 7 4 line 0.0 2.0 1.0 0.0 -1.0 0.0 0.0 2.0
f plane 0.0 0.0 0.0 0.0 0.0 -1.0 1.0 0.0 0.0 F
w
u 10 R line 0.0 -2.0 0.0 1.0
u 8 R line 3.0 -2.0 -1.0 0.0
u 6 R line 3.0 0.0 0.0 -1.0
u 4 R line 0.0 0.0 1.0 0.0
f plane 0.0 0.0 0.0 0.0 -1.0 0.0 1.0 0.0 0.0 F
w
u 4 F line 0.0 0.0 1.0 0.0
u 1 F line 3.0 0.0 0.0 1.0
u 5 R line 0.0 1.0 1.0 0.0
u 0 R line 0.0 0.0 0.0 1.0
f plane 3.0 0.0 0.0 1.0 -0.0 0.0 0.0 1.0 0.0 F
w
u 6 F line 0.0 0.0 1.0 0.0
u 2 F line 2.0 0.0 0.0 1.0
u 7 R line 0.0 1.0 1.0 0.0
u 1 R line 0.0 0.0 0.0 1.0
f plane 3.0 2.0 0.0 0.0 1.0 0.0 -1.0 0.0 0.0 F
w
u 8 F line 0.0 0.0 1.0 0.0
u 3 F line 3.0 0.0 0.0 1.0
u 9 R line 0.0 1.0 1.0 0.0
u 2 R line 0.0 0.0 0.0 1.0
f plane 0.0 2.0 0.0 -1.0 -0.0 0.0 0.0 -1.0 0.0 F
w
u 10 F line 0.0 0.0 1.0 0.0
u 0 F line 2.0 0.0 0.0 1.0
u 11 R line 0.0 1.0 1.0 0.0
u 3 R line 0.0 0.0 0.0 1.0
s 0 1 2 3 4
result shell
end
case shell_box 1e-07
v 0.0 0.0 0.0
v 3.0 0.0 0.0
v 3.0 2.0 0.0
v 0.0 2.0 0.0
v 0.0 0.0 1.0
v 3.0 0.0 1.0
v 3.0 2.0 1.0
v 0.0 2.0 1.0
e 0 4 line 0.0 0.0 0.0 0.0 0.0 1.0 0.0 1.0
e 1 5 line 3.0 0.0 0.0 0.0 0.0 1.0 0.0 1.0
e 2 6 line 3.0 2.0 0.0 0.0 0.0 1.0 0.0 1.0
e 3 7 line 0.0 2.0 0.0 0.0 0.0 1.0 0.0 1.0
e 0 1 line 0.0 0.0 0.0 1.0 0.0 0.0 0.0 3.0
e 4 5 line 0.0 0.0 1.0 1.0 0.0 0.0 0.0 3.0
e 1 2 line 3.0 0.0 0.0 0.0 1.0 0.0 0.0 2.0
e 5 6 line 3.0 0.0 1.0 0.0 1.0 0.0 0.0 2.0
e 2 3 line 3.0 2.0 0.0 -1.0 0.0 0.0 0.0 3.0
e 6 7 line 3.0 2.0 1.0 -1.0 0.0 0.0 0.0 3.0
e 3 0 line 0.0 2.0 0.0 0.0 -1.0 0.0 0.0 2.0
e 7 4 line 0.0 2.0 1.0 0.0 -1.0 0.0 0.0 2.0
f plane 0.0 0.0 0.0 0.0 0.0 -1.0 1.0 0.0 0.0 F
w
u 10 R line 0.0 -2.0 0.0 1.0
u 8 R line 3.0 -2.0 -1.0 0.0
u 6 R line 3.0 0.0 0.0 -1.0
u 4 R line 0.0 0.0 1.0 0.0
f plane 0.0 0.0 1.0 0.0 0.0 1.0 1.0 0.0 0.0 F
w
u 5 F line 0.0 0.0 1.0 0.0
u 7 F line 3.0 0.0 0.0 1.0
u 9 F line 3.0 2.0 -1.0 0.0
u 11 F line 0.0 2.0 0.0 -1.0
f plane 0.0 0.0 0.0 0.0 -1.0 0.0 1.0 0.0 0.0 F
w
u 4 F line 0.0 0.0 1.0 0.0
u 1 F line 3.0 0.0 0.0 1.0
u 5 R line 0.0 1.0 1.0 0.0
u 0 R line 0.0 0.0 0.0 1.0
f plane 3.0 0.0 0.0 1.0 -0.0 0.0 0.0 1.0 0.0 F
w
u 6 F line 0.0 0.0 1.0 0.0
u 2 F line 2.0 0.0 0.0 1.0
u 7 R line 0.0 1.0 1.0 0.0
u 1 R line 0.0 0.0 0.0 1.0
f plane 3.0 2.0 0.0 0.0 1.0 0.0 -1.0 0.0 0.0 F
w
u 8 F line 0.0 0.0 1.0 0.0
u 3 F line 3.0 0.0 0.0 1.0
u 9 R line 0.0 1.0 1.0 0.0
u 2 R line 0.0 0.0 0.0 1.0
f plane 0.0 2.0 0.0 -1.0 -0.0 0.0 0.0 -1.0 0.0 F
w
u 10 F line 0.0 0.0 1.0 0.0
u 0 F line 2.0 0.0 0.0 1.0
u 11 R line 0.0 1.0 1.0 0.0
u 3 R line 0.0 0.0 0.0 1.0
s 0 1 2 3 4 5
result shell
end
case shell_cylinder 1e-07
v 1.5 0.0 0.0
v 1.5 0.0 2.0
e 0 0 circle 0.0 0.0 0.0 0.0 0.0 1.0 1.0 0.0 0.0 1.5 0.0 6.283185307179586
e 1 1 circle 0.0 0.0 2.0 0.0 0.0 1.0 1.0 0.0 0.0 1.5 0.0 6.283185307179586
e 0 1 line 1.5 0.0 0.0 0.0 0.0 1.0 0.0 2.0
f plane 0.0 0.0 0.0 0.0 0.0 -1.0 1.0 0.0 0.0 F
w
u 0 R circle 0.0 -0.0 1.0 0.0 1.5 -1.0
f plane 0.0 0.0 2.0 0.0 0.0 1.0 1.0 0.0 0.0 F
w
u 1 F circle 0.0 0.0 1.0 0.0 1.5 1.0
f cylinder 0.0 0.0 0.0 0.0 0.0 1.0 1.0 0.0 0.0 1.5 F
w
u 0 F line 0.0 0.0 1.0 0.0
u 2 F line 6.283185307179586 0.0 0.0 1.0
u 1 R line 0.0 2.0 1.0 0.0
u 2 R line 0.0 0.0 0.0 1.0
s 0 1 2
result shell
end
case wire_square 1e-07
v 0.0 0.0 0.0
v 3.0 0.0 0.0
v 3.0 2.0 0.0
v 0.0 2.0 0.0
e 0 1 line 0.0 0.0 0.0 1.0 0.0 0.0 0.0 3.0
e 1 2 line 3.0 0.0 0.0 0.0 1.0 0.0 0.0 2.0
e 2 3 line 3.0 2.0 0.0 -1.0 0.0 0.0 0.0 3.0
e 3 0 line 0.0 2.0 0.0 0.0 -1.0 0.0 0.0 2.0
W 0 1 2 3
result wire
end
case wire_circle 1e-07
v 1.5 0.0 0.0
e 0 0 circle 0.0 0.0 0.0 0.0 0.0 1.0 1.0 0.0 0.0 1.5 0.0 6.283185307179586
result edge
end
case wire_open 1e-07
v 0.0 -1.0 0.0
v 3.0 -1.0 0.0
v 3.0 1.0 0.0
v 0.0 1.0 0.0
e 0 1 line 0.0 -1.0 0.0 1.0 0.0 0.0 0.0 3.0
e 1 2 circle 3.0 0.0 0.0 0.0 0.0 1.0 1.0 0.0 0.0 1.0 -1.5707963267948966 1.5707963267948966
e 2 3 line 3.0 1.0 0.0 -1.0 0.0 0.0 0.0 3.0
W 0 1 2
result wire
end
case wire_edge 1e-07
v 0.0 0.0 0.0
v 3.0 0.0 0.0
e 0 1 line 0.0 0.0 0.0 1.0 0.0 0.0 0.0 3.0
result edge
end
case acorn_point 1e-07
v 1.0 2.0 3.0
result vertex
end
case sheet_square_vertex_moved 1e-07
v 0.001 0.0 1.0
v 3.0 0.0 1.0
v 3.0 2.0 1.0
v 0.0 2.0 1.0
e 0 1 line 0.0 0.0 1.0 1.0 0.0 0.0 0.0 3.0
e 1 2 line 3.0 0.0 1.0 0.0 1.0 0.0 0.0 2.0
e 2 3 line 3.0 2.0 1.0 -1.0 0.0 0.0 0.0 3.0
e 3 0 line 0.0 2.0 1.0 0.0 -1.0 0.0 0.0 2.0
f plane 0.0 0.0 1.0 0.0 0.0 1.0 1.0 0.0 0.0 F
w
u 0 F line 0.0 0.0 1.0 0.0
u 1 F line 3.0 0.0 0.0 1.0
u 2 F line 3.0 2.0 -1.0 0.0
u 3 F line 0.0 2.0 0.0 -1.0
result face
end
case sheet_open_box_pcurve_shift 1e-07
v 0.0 0.0 0.0
v 3.0 0.0 0.0
v 3.0 2.0 0.0
v 0.0 2.0 0.0
v 0.0 0.0 1.0
v 3.0 0.0 1.0
v 3.0 2.0 1.0
v 0.0 2.0 1.0
e 0 4 line 0.0 0.0 0.0 0.0 0.0 1.0 0.0 1.0
e 1 5 line 3.0 0.0 0.0 0.0 0.0 1.0 0.0 1.0
e 2 6 line 3.0 2.0 0.0 0.0 0.0 1.0 0.0 1.0
e 3 7 line 0.0 2.0 0.0 0.0 0.0 1.0 0.0 1.0
e 0 1 line 0.0 0.0 0.0 1.0 0.0 0.0 0.0 3.0
e 4 5 line 0.0 0.0 1.0 1.0 0.0 0.0 0.0 3.0
e 1 2 line 3.0 0.0 0.0 0.0 1.0 0.0 0.0 2.0
e 5 6 line 3.0 0.0 1.0 0.0 1.0 0.0 0.0 2.0
e 2 3 line 3.0 2.0 0.0 -1.0 0.0 0.0 0.0 3.0
e 6 7 line 3.0 2.0 1.0 -1.0 0.0 0.0 0.0 3.0
e 3 0 line 0.0 2.0 0.0 0.0 -1.0 0.0 0.0 2.0
e 7 4 line 0.0 2.0 1.0 0.0 -1.0 0.0 0.0 2.0
f plane 0.0 0.0 0.0 0.0 0.0 -1.0 1.0 0.0 0.0 F
w
u 10 R line 0.001 -2.0 0.0 1.0
u 8 R line 3.0 -2.0 -1.0 0.0
u 6 R line 3.0 0.0 0.0 -1.0
u 4 R line 0.0 0.0 1.0 0.0
f plane 0.0 0.0 0.0 0.0 -1.0 0.0 1.0 0.0 0.0 F
w
u 4 F line 0.0 0.0 1.0 0.0
u 1 F line 3.0 0.0 0.0 1.0
u 5 R line 0.0 1.0 1.0 0.0
u 0 R line 0.0 0.0 0.0 1.0
f plane 3.0 0.0 0.0 1.0 -0.0 0.0 0.0 1.0 0.0 F
w
u 6 F line 0.0 0.0 1.0 0.0
u 2 F line 2.0 0.0 0.0 1.0
u 7 R line 0.0 1.0 1.0 0.0
u 1 R line 0.0 0.0 0.0 1.0
f plane 3.0 2.0 0.0 0.0 1.0 0.0 -1.0 0.0 0.0 F
w
u 8 F line 0.0 0.0 1.0 0.0
u 3 F line 3.0 0.0 0.0 1.0
u 9 R line 0.0 1.0 1.0 0.0
u 2 R line 0.0 0.0 0.0 1.0
f plane 0.0 2.0 0.0 -1.0 -0.0 0.0 0.0 -1.0 0.0 F
w
u 10 F line 0.0 0.0 1.0 0.0
u 0 F line 2.0 0.0 0.0 1.0
u 11 R line 0.0 1.0 1.0 0.0
u 3 R line 0.0 0.0 0.0 1.0
s 0 1 2 3 4
result shell
end
case wire_disconnected 1e-07
v 0.0 0.0 0.0
v 3.0 0.0 0.0
v 3.0 2.0 0.0
v 0.0 2.0 0.0
e 0 1 line 0.0 0.0 0.0 1.0 0.0 0.0 0.0 3.0
e 1 2 line 3.0 0.0 0.0 0.0 1.0 0.0 0.0 2.0
e 2 3 line 3.0 2.0 0.0 -1.0 0.0 0.0 0.0 3.0
e 3 0 line 0.0 2.0 0.0 0.0 -1.0 0.0 0.0 2.0
W 0 2
result wire
end
