case dome_tilt_pipe_cut
sphere 0.0 0.0 0.0 0.0 0.6 0.8 1.0 -0.0 0.0 2.0 0.0 1.5707963267948966
boolean cut
plane 0.0 0.0 -1.5 0.0 0.0 1.0 1.0 0.0 0.0
wire C 0.0 0.0 -1.5 1.75
prism 0.0 0.0 4.5
end
case dome_tilt_pipe_common
sphere 0.0 0.0 0.0 0.0 0.6 0.8 1.0 -0.0 0.0 2.0 0.0 1.5707963267948966
boolean common
plane 0.0 0.0 -1.5 0.0 0.0 1.0 1.0 0.0 0.0
wire C 0.0 0.0 -1.5 1.75
prism 0.0 0.0 4.5
end
case dome_lean_bite_fuse
sphere 0.0 0.0 0.0 0.6 0.0 0.8 0.0 1.0 -0.0 2.0 -1.5707963267948966 0.0
boolean fuse
plane 0.0 0.0 -3.0 0.0 0.0 1.0 1.0 0.0 0.0
wire C 2.0 0.5 -3.0 1.0
prism 0.0 0.0 6.0
end
case dome_lean_bite_cut
sphere 0.0 0.0 0.0 0.6 0.0 0.8 0.0 1.0 -0.0 2.0 -1.5707963267948966 0.0
boolean cut
plane 0.0 0.0 -3.0 0.0 0.0 1.0 1.0 0.0 0.0
wire C 2.0 0.5 -3.0 1.0
prism 0.0 0.0 6.0
end
case dome_lean_bite_common
sphere 0.0 0.0 0.0 0.6 0.0 0.8 0.0 1.0 -0.0 2.0 -1.5707963267948966 0.0
boolean common
plane 0.0 0.0 -3.0 0.0 0.0 1.0 1.0 0.0 0.0
wire C 2.0 0.5 -3.0 1.0
prism 0.0 0.0 6.0
end
case dome_tiltx_rings_cut
sphere 0.0 0.0 0.0 0.0 -0.8 0.6 1.0 0.0 0.0 2.0 0.0 1.5707963267948966
boolean cut
plane 0.0 0.0 -3.0 0.0 0.0 1.0 1.0 0.0 0.0
wire C 0.5 0.25 -3.0 0.75
prism 0.0 0.0 6.0
end
case dome_tiltx_rings_common
sphere 0.0 0.0 0.0 0.0 -0.8 0.6 1.0 0.0 0.0 2.0 0.0 1.5707963267948966
boolean common
plane 0.0 0.0 -3.0 0.0 0.0 1.0 1.0 0.0 0.0
wire C 0.5 0.25 -3.0 0.75
prism 0.0 0.0 6.0
end
case bite_lean_fuse
sphere 0.0 0.0 0.0 0.0 0.0 1.0 1.0 0.0 0.0 2.0 -1.5707963267948966 1.5707963267948966
boolean fuse
plane -1.7999999999999998 0.0 -2.4000000000000004 0.6 0.0 0.8 0.0 1.0 -0.0
wire C -2.1999999999999997 2.0 -2.1000000000000005 1.0
prism 3.5999999999999996 0.0 4.800000000000001
end
case bite_lean_cut
sphere 0.0 0.0 0.0 0.0 0.0 1.0 1.0 0.0 0.0 2.0 -1.5707963267948966 1.5707963267948966
boolean cut
plane -1.7999999999999998 0.0 -2.4000000000000004 0.6 0.0 0.8 0.0 1.0 -0.0
wire C -2.1999999999999997 2.0 -2.1000000000000005 1.0
prism 3.5999999999999996 0.0 4.800000000000001
end
case bite_lean_common
sphere 0.0 0.0 0.0 0.0 0.0 1.0 1.0 0.0 0.0 2.0 -1.5707963267948966 1.5707963267948966
boolean common
plane -1.7999999999999998 0.0 -2.4000000000000004 0.6 0.0 0.8 0.0 1.0 -0.0
wire C -2.1999999999999997 2.0 -2.1000000000000005 1.0
prism 3.5999999999999996 0.0 4.800000000000001
end
case bite_tilt_fuse
sphere 0.0 0.0 0.0 0.0 0.0 1.0 1.0 0.0 0.0 2.0 -1.5707963267948966 1.5707963267948966
boolean fuse
plane 0.0 -1.7999999999999998 -2.4000000000000004 0.0 0.6 0.8 1.0 -0.0 0.0
wire C 2.0 -1.4 -2.7 1.0
prism 0.0 3.5999999999999996 4.800000000000001
end
case bite_tilt_common
sphere 0.0 0.0 0.0 0.0 0.0 1.0 1.0 0.0 0.0 2.0 -1.5707963267948966 1.5707963267948966
boolean common
plane 0.0 -1.7999999999999998 -2.4000000000000004 0.0 0.6 0.8 1.0 -0.0 0.0
wire C 2.0 -1.4 -2.7 1.0
prism 0.0 3.5999999999999996 4.800000000000001
end
case graze_tiltx_cut
sphere 0.25 -0.25 0.5 0.0 0.0 1.0 1.0 0.0 0.0 2.0 -1.5707963267948966 1.5707963267948966
boolean cut
plane 0.0 2.8000000000000003 -2.1 0.0 -0.8 0.6 1.0 0.0 0.0
wire C 1.5 2.8000000000000003 -2.1 1.75
prism 0.0 -5.6000000000000005 4.2
end
case graze_tiltx_common
sphere 0.25 -0.25 0.5 0.0 0.0 1.0 1.0 0.0 0.0 2.0 -1.5707963267948966 1.5707963267948966
boolean common
plane 0.0 2.8000000000000003 -2.1 0.0 -0.8 0.6 1.0 0.0 0.0
wire C 1.5 2.8000000000000003 -2.1 1.75
prism 0.0 -5.6000000000000005 4.2
end
case bite_r125_cut
sphere 0.0 0.0 0.0 0.0 0.0 1.0 1.0 0.0 0.0 2.0 -1.5707963267948966 1.5707963267948966
boolean cut
plane 0.0 0.0 -2.5 0.0 0.0 1.0 0.9230769230769231 0.38461538461538464 -0.0
wire C 1.8076923076923077 0.21153846153846156 -2.5 0.75
prism 0.0 0.0 5.0
end
case dome_bite_turned_cut
sphere 0.0 0.0 0.0 0.0 0.6 0.8 1.0 -0.0 0.0 2.0 0.0 1.5707963267948966
boolean cut
plane -1.7999999999999998 0.0 -2.4000000000000004 0.6 0.0 0.8 0.0 1.0 -0.0
wire C -2.1999999999999997 2.0 -2.1000000000000005 1.0
prism 3.5999999999999996 0.0 4.800000000000001
end
case dome_bite_turned_common
sphere 0.0 0.0 0.0 0.0 0.6 0.8 1.0 -0.0 0.0 2.0 0.0 1.5707963267948966
boolean common
plane -1.7999999999999998 0.0 -2.4000000000000004 0.6 0.0 0.8 0.0 1.0 -0.0
wire C -2.1999999999999997 2.0 -2.1000000000000005 1.0
prism 3.5999999999999996 0.0 4.800000000000001
end
case rim_tangent_common
sphere 0.0 0.0 0.0 0.0 0.6 0.8 1.0 -0.0 0.0 2.0 0.0 1.5707963267948966
boolean common
plane 0.0 0.0 -3.0 0.0 0.0 1.0 1.0 0.0 0.0
wire C 1.4572478777137632 1.708746462856272 -3.0 0.5
prism 0.0 0.0 6.0
end
