dome_tilt_pipe_cut done 1 1 0
S 1.9011461689656031 23.972260499484175 -3.658297977186776e-08 1.1175367119815769 0.091083036068838039 6 12 8 4 7 5 1
dome_tilt_pipe_common done 1 1 0
S 14.8540146522584 35.019689598922035 4.8822338327140349e-09 0.36456283748707818 0.66513562526135173 5 12 8 4 10 7 1
dome_lean_bite_fuse done 1 1 0
S 35.345728786230119 78.796321731790073 0.84423861084937957 0.26392716095768043 -0.27559194488700667 5 9 6 5 9 6 1
dome_lean_bite_cut done 1 1 0
S 16.496172942223481 37.198505529971101 -0.47640636207396425 -0.0058243496300489361 -0.59050055376329014 3 6 4 3 6 4 1
dome_lean_bite_common done 1 1 0
S 0.25899126801365802 2.8850896693444046 1.2319240619279472 0.37097366323790043 -1.2050554395342288 3 3 2 3 3 2 1
dome_tiltx_rings_cut done 1 1 0
S 14.090218505569634 39.546672080831357 -0.089698452980955343 -0.73481421102417488 0.34415522365533729 3 6 4 3 6 4 1
dome_tiltx_rings_common done 1 1 0
S 2.6649428355144478 11.595376015238521 0.47425832421409314 0.11279640210186503 1.009627925708257 3 3 2 3 3 2 1
bite_lean_fuse done 1 1 0
S 49.599077167551506 81.244314995482213 -0.13598525563248517 0.67992961760965753 0.10198957438928395 4 7 5 4 7 5 1
bite_lean_cut done 1 1 0
S 30.749552344708377 50.470760483059074 0.025855703294197705 -0.12927608731551163 -0.019391946889075626 2 4 3 2 4 3 1
bite_lean_common done 1 1 0
S 2.7607908983066949 13.003438129531556 -0.28797940765413732 1.439877644568504 0.21597973118530045 2 1 1 2 1 1 1
bite_tilt_fuse done 1 1 0
S 49.599121976252 81.244421252504651 0.67993020763644052 0.13598625421187116 -0.10198982160370414 4 9 6 4 9 6 1
bite_tilt_common done 1 1 0
S 2.7607897105710704 13.003418337851317 1.4398781143976338 0.28797562856804709 -0.21598209708537594 3 3 2 2 2 2 1
graze_tiltx_cut done 1 1 0
S 15.10595457518512 43.071846468054424 -0.50385082793686553 -0.15953579667165144 0.62062179945138962 2 6 4 2 6 4 1
graze_tiltx_common done 1 1 0
S 18.404187501633647 36.749460754186977 0.86875316940969938 -0.32425414624918264 0.40100106571057359 3 3 2 2 2 2 1
bite_r125_cut done 1 1 0
S 31.156401580698585 51.24889498237787 -0.11213963597491573 -0.013122810446109851 5.6658654707463346e-07 2 6 4 2 6 4 1
dome_bite_turned_cut done 1 1 0
S 14.060023811139494 37.292058374580762 0.052178489918622555 0.25915943716488599 0.66773666262207954 4 6 4 3 4 3 1
dome_bite_turned_common done 1 1 0
S 2.6951453575961168 12.521514269734572 -0.27220525762416675 1.4455787222543928 0.24663449029378029 3 6 4 3 6 4 1
rim_tangent_common done 1 1 0
S 0.17039893613326593 2.7980046922934281 1.2097146263873451 1.4184914399288655 1.34122213769974e-06 2 1 1 2 1 1 1
