rod_graze_fuse done 1 1 0
S 17.015950537353493 48.341377560513585 -6.0432074624813614e-08 0.21059765079635262 0.81695898929390021 6 7 5 6 7 5 1
rod_graze_cut done 1 1 0
S 14.365236260682382 37.223661631814956 2.9353810966084948e-09 -0.02732662274708645 0.78318377565553221 4 4 3 4 4 3 1
rod_graze_common done 1 1 0
S 0.29553317783772659 3.4617564354615293 2.9912642424123292e-07 1.3283029473904018 0.90872011327238245 2 1 1 2 1 1 1
rod_bitten_cut done 1 1 0
S 2.3551837695440407 14.579472364160166 -2.9748318720193414e-08 1.5215448864535548 1.0114538509434949 4 4 3 4 4 3 1
tip_graze_cut done 1 1 0
S 6.9929010824947584 22.899050040838805 -4.66149098389253e-09 -0.0031167914576398226 0.73510547026475626 3 4 3 3 4 3 1
tip_graze_common done 1 1 0
S 0.075681936437202543 1.2654153784402951 1.247890400933685e-08 0.28798598153436922 2.1262252643380437 2 1 1 2 1 1 1
rod_lean_cut done 1 1 0
S 14.314334922245076 36.831339734485589 0.0086845195171478765 -0.036243619532880654 0.79321800145284638 4 6 4 4 6 4 1
rod_lean_common done 1 1 0
S 0.34643597839276069 3.5196307809695297 -0.35882128506065969 1.4975554161142424 0.47567453803509319 3 3 2 3 3 2 1
tilt_rod_cut done 1 1 0
S 13.852132767985815 36.947091586740477 -0.062262375753601419 0.43415037116268662 0.64979224439552241 6 12 8 6 12 8 1
tilt_rod_common done 1 1 0
S 0.80863101629769851 6.3113013362402013 1.0665764875669828 1.1100163461808479 0.26505017975093698 6 12 8 5 10 7 1
cones_graze_fuse done 1 1 0
S 16.421414746430536 44.877720597659327 -0.058626094322492057 0.1640400122762147 0.81040820044226236 6 7 5 6 7 5 1
cones_graze_cut done 1 1 0
S 14.359746928197007 37.225007725516129 0.0021795824258180906 -0.027767385198210676 0.78318800657267751 4 4 3 4 4 3 1
cones_graze_common done 1 1 0
S 0.3010142054543537 3.5056228680513137 -0.10399689388415091 1.3246249190460753 0.90622656380095579 2 1 1 2 1 1 1
cones_turned_cut done 1 1 0
S 13.89770491876185 38.494968683622403 -0.052972619520257128 0.43634478220389256 0.63807619931564741 5 6 4 5 6 4 1
cones_turned_common done 1 1 0
S 0.7630606461685423 5.5515429112515919 0.96479576880694717 1.1104132265544842 0.45546003672545626 3 3 2 3 3 2 1
cones_asymptotic_cut done 1 1 0
S 14.187078884479579 36.825823974757789 -0.0043293684620353901 -0.050375800826296127 0.80047170188361172 5 9 6 5 9 6 1
cones_asymptotic_common done 1 1 0
S 0.47368994692212574 4.1801344892341969 0.12967248341155432 1.5087676500861611 0.34372677331983653 4 6 4 4 6 4 1
ball_tilt_fuse done 1 1 0
S 17.560379962777525 42.233598374910635 0.27701370583013002 0.34648251288795118 0.75438011049072085 5 12 8 5 12 8 1
ball_tilt_cut done 1 1 0
S 13.371589934708524 36.926775261048171 -0.1060995281116259 0.53333687552138087 0.59912199159249091 5 12 8 5 12 8 1
ball_tilt_common done 1 1 0
S 1.289181929552913 7.1151893917183724 1.1004791146826487 -0.17069466004984624 0.93402356632889105 4 9 6 3 8 6 1
ball_lean_cut done 1 1 0
S 6.836391365882152 23.412271876764429 0.436657719601663 -0.019245073066794814 0.58221026511714191 3 9 6 3 9 6 1
ball_lean_common done 1 1 0
S 0.2321901849524613 2.1271600595951119 0.84283390311634698 0.56663436256816413 1.123779182718373 3 6 4 2 5 4 1
ball_r125_cut done 1 1 0
S 12.86771720288154 38.798357239084659 -0.12917140432712984 -0.077502823915352667 0.76578923733019322 5 12 8 5 12 8 1
dome_tilt_cone_cut done 1 1 0
S 15.772699006727889 40.88780265628742 -1.2679717153260368e-10 0.47166283039231999 0.60723207074549035 3 6 4 3 6 4 1
dome_tilt_cone_common done 1 1 0
S 0.98246182163157902 6.4984088234398989 -1.2712272173381199e-11 0.10221926173844192 0.4838944516826495 3 3 2 3 3 2 1
dome_lean_frustum_cut done 1 1 0
S 15.732442573830754 38.995617917203305 -0.53326397820822735 -0.027132268461912846 -0.57691060881719125 4 9 6 4 9 6 1
dome_lean_frustum_common done 1 1 0
S 1.0227184146936268 7.124169440948104 0.83084693651730124 0.4173747289315336 -0.95518324843880542 4 6 4 4 6 4 1
dome_cone_turned_cut done 1 1 0
S 15.203438546587774 37.096390741905452 -0.12669195507064776 0.44461298832633805 0.65937821395270191 4 9 6 3 8 6 1
dome_cone_turned_common done 1 1 0
S 1.5517219949151004 9.5621407093830939 1.2413005751306716 0.50278087595115728 0.018225121918103073 5 9 6 3 6 5 1
rod_ruling_exact_common done 1 1 0
S 1.0149122048120347 8.4657347453324316 -1.1476764806237814 0.40633598737751708 1.2406712371391284 3 4 3 3 4 3 1
rim_tangent_cone_common done 1 1 0
S 1.0584114206589998 6.734127412381981 0.8779682957847299 0.69434096087087915 0.087986941109616648 3 4 3 3 4 3 1
