hollow_ball_fuse done 1 1 0
S 939.8748355242484 698.08621384583455 5.0114219263650037 5.0005153393254975 4.9994846606870951 15 28 19 14 27 18 1
hollow_ball_cut done 1 1 0
S 903.12372405944268 722.38446928197993 4.8745467346989537 4.9954496441027381 5.0045503559196378 13 31 21 13 31 21 1
hollow_ball_common done 1 1 0
S 32.876276078423722 51.369948355061325 8.4462485948233113 5.1249999940417217 4.875000003972823 3 7 5 3 7 5 1
cavity_slab_fuse done 1 1 0
S 587.34547480004846 661.73458728690377 3.3872684895773242 8.0021925105138632 2.9887768165729582 30 66 44 30 66 44 1
cavity_slab_cut done 2 1 0
S 186.14739983172456 253.96203680089135 3.6898404955429247 9.733814935697227 4.2179353682286909 12 27 18 12 27 18 1
S 198.19807496832385 262.04481545998959 2.9876304567617797 6.2756775967915006 1.8356602959212873 12 27 18 12 27 18 1
cavity_slab_common done 1 1 0
S 80.654525199951763 214.26541271309617 3.3564657299201208 8.0267314714457658 3.0409696292989423 12 30 20 12 30 20 1
chain_pyramid_fuse done 1 1 0
S 136.05275476455003 176.9919043986207 4.762481382653081 4.4613797719792707 2.5227951947092206 9 23 15 9 23 15 1
chain_pyramid_cut done 1 1 0
S 70.602907811097808 188.73556911918013 4.6581751082179297 5.1208384066940216 2.5439266476610216 9 23 15 9 23 15 1
chain_pyramid_common done 1 1 0
S 43.474043705668841 67.914006035177181 4.7555096686776892 4.2406888452280533 2.157408121317113 4 9 6 4 9 6 1
chain_wedge_fuse done 1 1 1
S 112.19718754919674 186.91898547266126 4.7124145167643627 5.0339540676310817 3.4772052182530948 24 66 44 23 64 43 1
chain_wedge_cut done 1 1 1
S 76.197187546624406 183.8880794738003 4.0450266638902557 4.813766760151502 3.7026648237912401 23 63 42 22 61 41 1
chain_wedge_common done 2 1 1
S 0.039925942871202498 1.0666228471919368 4.2328474016679234 3.6592943267257372 2.7756275133059729 4 6 4 4 6 4 1
S 20.621579409462562 54.889227548613604 6.2918094416643067 5.739119245074658 2.9777923335470717 14 36 24 13 35 24 1
notched_ball_fuse done 1 1 0
S 399.51163737011905 364.10253084465523 4.9752450171371612 4.9962937896797612 2.0098366403759638 13 31 21 12 28 19 1
notched_ball_cut done 1 1 0
S 366.00131581570912 382.38588032875657 4.744083686168203 4.6983911958532065 1.9420688178569103 10 31 21 10 31 21 1
notched_ball_common done 1 1 0
S 28.479350862906298 50.202951495400434 7.4146014770100832 8.2268005806249676 2.5871879111875096 6 13 9 6 13 9 1
tetra_ball_fuse done 1 1 0
S 154.62310730050518 180.8858663119081 4.6134517342316048 4.8917782903017502 3.0519639779682004 5 12 8 5 12 8 1
tetra_ball_cut done 1 1 0
S 41.525771680391337 91.962590518888774 3.5606698796474827 4.5970315214374997 0.46994457958358032 5 12 8 5 12 8 1
tetra_ball_common done 1 1 0
S 14.474228028932208 38.899905390687771 4.0594260051974222 4.5062104807808732 2.5207000921676084 4 9 6 4 9 6 1
pyramid_rod_fuse done 1 1 0
S 163.89515038916716 233.52981968522408 4.9452467778157017 4.5344729242434054 2.5613840953597951 9 14 9 9 14 9 1
pyramid_rod_cut done 1 1 0
S 104.99028813593789 203.09564105932259 5.0547900961202865 4.6239453011873435 2.3152983868445212 6 11 7 6 11 7 1
pyramid_rod_common done 1 1 0
S 23.009711871432412 49.913077779785482 4.7499999994036557 4.490740740792762 2.2301954736068765 3 3 2 3 3 2 1
wedge_ball_fuse done 1 1 0
S 148.10522745425718 183.73251284332031 4.5914523824302087 5.0334165227943375 4.166149651194492 7 15 10 7 15 10 1
wedge_ball_cut done 1 1 0
S 114.59490584740311 165.5760696169142 4.6913013161822956 4.8969762312901928 3.4471223488118974 7 15 10 7 15 10 1
wedge_ball_common done 1 1 0
S 8.0717609646902204 26.981313472202146 4.4524645526666946 5.0140850990056922 5.5721843098970325 2 3 2 2 3 2 1
octa_cone_fuse done 1 1 0
S 129.40258989635734 164.52972014307707 4.7458995455023647 5.3030975781110667 3.1694197710063436 13 28 17 13 28 17 1
octa_cone_cut done 1 1 0
S 52.826268954581693 121.91638423428273 5.2835510433189929 4.6552732292007306 4.1955559606890747 10 25 15 10 25 15 1
octa_cone_common done 1 1 0
S 32.507064381205375 59.295159396142715 4.539209585449016 5.5602052805429878 3.6822077918536209 8 17 11 8 17 11 1
rod_truncated_fuse done 1 1 0
S 135.1737675343216 208.54295526277932 3.8045497545105849 3.9006532484433358 3.451570139900626 10 24 16 10 24 16 1
rod_truncated_cut done 2 1 0
S 7.55846771286138 24.349348109943136 3.4002995255236828 6.6549171776197014 5.1433469374384915 4 6 4 4 6 4 1
S 15.615299811481869 44.376132483631743 3.4962434046039448 1.7066380907024297 -1.3009088736547927 4 6 4 4 6 4 1
rod_truncated_common done 1 1 0
S 14.525344318098332 39.671684341691069 3.5559190310731497 4.4350774691173207 2.6152170467266971 5 9 6 5 9 6 1
tetra_touch_fuse done 1 1 0
S 56.086674348333538 106.74779223381918 3.6907818260116669 4.5748900879249979 1.0008243734476974 6 8 7 6 8 7 1
tetra_touch_cut done 1 1 0
S 41.94950759850191 131.69566469813449 3.5865739533829415 4.6001283743382313 1.0011021925790464 5 11 8 5 11 8 1
tetra_touch_common done 1 1 0
S 14.05049239991579 28.214977425811735 3.9971276858454976 4.4942254606333538 0.99670926491158485 3 5 4 3 5 4 1
hollow_inner_fuse done 2 1 0
S 8.1812308687234196 19.634954084936211 5.125 4.875 5.25 1 3 2 1 3 2 1
S 936 695.99999999999989 5.0000000000000009 5.0000000000000009 5 12 24 16 12 24 16 1
