bulge_height done 2
S above 191.99997474227337 225.25606239381952 5.3374999997563108 3.0000000000000013 3.5000001479945118 6 12 8 1
S below 127.99998316151559 192.83735809072863 5.3374999997563108 3.0000000000000013 0.99999990133699257 6 12 8 1
bulge_parallel_once done 2
S above 214.81481481481484 231.45798381059055 5.3742528735632176 3.9724137931034473 2.5 6 12 8 1
S below 105.18518518518518 167.52442659375265 5.2624413145539908 1.0140845070422535 2.5 6 12 8 1
bulge_parallel_twice done 2
S above 7.0710678118654808 46.016198103644946 10.700000000000001 3.0000000000000004 2.5 4 6 4 1
S below 312.92893218813447 286.5037302830022 5.2163267966276408 2.9999999999999996 2.5000000000000009 8 18 12 1
bulge_tangent done 1
S below 320 290.09352151545431 5.3375000000000004 3 2.5 6 14 10 1
bulge_miss_hull done 1
S below 320 290.09352151545431 5.3375000000000004 3 2.5 6 12 8 1
bulge_oblique done 2
S above 39.5666658264917 87.230707554719459 9.1924269597013133 3.3146588552850837 3.9929694190846727 5 9 6 1
S below 280.43332120531579 267.17043113660731 4.7936037206641204 2.9556044908906389 2.2893551534374383 7 15 10 1
blob_walls_only done 2
S above 130.62500985141895 169.15296152155719 4.2080431992961529 4.1040217071607819 3.7337465496026137 6 12 8 1
S below 130.62500985141895 169.15296152155719 3.7919567995105079 3.8959784479732806 1.2662534408506751 6 12 8 1
blob_joins done 2
S above 130.625 156.39515117847961 5.737810435178857 4 2.5 5 9 6 1
S below 130.625 156.39515117847961 2.2621895648211439 4 2.4999999999999996 5 9 6 1
blob_join_touch done 1
S below 261.25 232.79030235695924 4 4 2.5 6 12 8 1
blob_tilted_in_cap done 1
S above 209 207.1322418855674 5 2.3999999999999999 -0.29999999999999982 6 12 8 1
wave_knot done 2
S above 119.37499999999999 147.91706337824621 8.2244328097731252 3.417626527050611 2.5 6 12 8 1
S below 209.2838560582955 215.97299914959294 3.1620491545211356 3.2388391067588502 2.5000000000000004 6 12 8 1
wave_parallel_four done 3
S above 2.4527750680114719 23.136445611242223 2.0930612244897948 6.9371428571428568 2.5 4 6 4 1
S above 2.4527750680114746 23.136445611242234 7.9069387755102047 6.9371428571428568 2.5000000000000004 4 6 4 1
S below 323.82062684417377 295.70321318321106 4.9999999999999991 3.2492006587130291 2.4999999999999996 10 24 16 1
wave_tilted done 2
S above 44.145419901064741 101.41123723314628 8.4881904273677282 3.9366077223906877 -0.55957841364553729 5 9 6 1
S below 218.94521674862443 236.6614962806953 5.4976580376191668 1.4226914000072781 0.25305939594476146 7 15 10 1
capsule_parallel done 2
S above 18.863872151102488 44.377257099362566 1.4297202745296789 4.7083568664253067e-17 1.0000000000000002 8 18 12 1
S below 1.0777205024873011 8.0059237327628097 -1.2040816326530615 -3.0455651998706954e-17 1 4 6 4 1
capsule_steep done 2
S above 9.2086559721873975 32.346604458076456 2.128969986371724 0.029514671149468961 1.3843002441535235 7 15 10 1
S below 10.732936788677049 34.708112862730445 0.5653107698938804 -0.025323021682445514 0.67027768848815306 7 15 10 1
lens_parallel done 2
S above 250.45781653124877 287.28840712274098 4.9999999999999982 7.3147184591219165 2.5 10 24 16 1
S below 186.54218346875123 219.95076730260052 5.0000000000000009 1.8921810585895316 2.4999999999999996 8 18 12 1
lens_tilted done 2
S above 150.82866183608857 216.23868376912981 6.4010880202544147 4.7224551332975793 -2.6026621613949628 10 24 16 1
S below 111.37133867929117 164.46096073814709 5.4568120332966155 0.43187424866053903 0.4641773323491834 9 21 14 1
