spline_bulge P 6.6666666666666661 1.9984014443252816e-16 23.6289205238958 1.9345342737395715e-16 1.6700000000000002 1.0000000000000002 0.5 2.6888888888888882 3.5527136788005009e-15 0 3.5527136788005009e-15 6.800984126984126 8.8817841970012523e-16 0 8.8817841970012523e-16 8.3787619047618946
spline_cubic_bulge P 7.0500000000000007 2.6122894697062503e-16 24.734182771509253 2.5196550913478732e-16 1.768996960486322 1 0.5 2.8101461038961055 0 0 0 8.0434379070777275 0 0 0 9.6785840109738288
spline_c0_bulge P 6.9583333333333339 2.7096968736613987e-16 24.48321112382623 3.4606001747699538e-16 1.7455089820359284 1 0.5 2.778521825396826 0 0 0 7.7387609453711583 0 0 0 9.3575605485457594
spline_rounded_corner P 5.9463495408156826 2.0185873175002848e-16 21.678097245088864 2.8271597168827566e-16 1.4874740305712346 0.99198524024032486 9.0436035396439729e-18 2.4523397211659956 0.066484699608814424 7.2736000342678939e-18 0.066484699608814424 4.890717533801844 -1.8981704320419075e-17 7.2736000342678939e-18 -1.8981704320419075e-17 6.3519989981629763
spline_bulge_pcurve_shift P 6.6669999999999998 1.9984014443252816e-16 23.630920523895799 1.9345342737395715e-16 1.6700602657367132 1 0.50001874906254684 2.6890055532119241 0 -0.00016212580011654154 0 6.8015648913262261 -4.4408920985006262e-16 -0.00016212580011654154 -4.4408920985006262e-16 8.3793593381142948
spline_bulge_vertex_moved P 6.666666666666667 4.4405220549960428e-16 23.6289205238958 1.9345342737395715e-16 1.6699999999999999 1 0.5 2.68888888888889 -1.7763568394002505e-15 0 -1.7763568394002505e-15 6.8009841269841296 0 0 0 8.3787619047619053
spline_bulge_wall_reversed P 6.6666666666666661 1.9984014443252816e-16 19.037746142770864 1.9345342737395715e-16 1.6700000000000002 1.0000000000000002 0.5 2.6888888888888882 3.5527136788005009e-15 0 3.5527136788005009e-15 6.800984126984126 8.8817841970012523e-16 0 8.8817841970012523e-16 8.3787619047618946
spline_stadium_pcurve P 9.1415926535897949 2.1692543037211534e-16 30.566370614359172 2.8271597168564584e-16 1.500000000000006 -9.4880812442217155e-18 0.5 3.5471975512101896 -9.0205620750794487e-17 0 -9.0205620750794487e-17 17.115781021759901 5.5836411883003478e-17 0 5.5836411883003478e-17 19.139379797371792
spline_stadium_pcurve_shift P 9.1419257369231488 2.1692543037211534e-16 30.567370614359174 1.4135798584282295e-16 1.5000409753793531 2.7326021407807736e-05 0.5 3.5474140484838963 -0.00029966481394747983 0 -0.00029966481394747983 17.116247023444089 5.5836411883003478e-17 0 5.5836411883003478e-17 19.140028987996359
spline_stadium_edge P 9.1415926535897949 2.1692543037211534e-16 30.566370614359172 2.8271597168564584e-16 1.500000000000006 -9.4880812442217155e-18 0.5 3.5471975512101896 -9.0205620750794487e-17 0 -9.0205620750794487e-17 17.115781021759901 5.5836411883003478e-17 0 5.5836411883003478e-17 19.139379797371792
