case polygon_3
plane 0.0 0.0 0.0 0.0 0.0 1.0 1.0 0.0 0.0
wire P 3 10.0 0.0 0.0 -4.999999999999998 8.660254037844387 0.0 -5.000000000000004 -8.660254037844384 0.0
prism 0.0 0.0 4.0
end
case polygon_4
plane 0.0 0.0 0.0 0.0 0.0 1.0 1.0 0.0 0.0
wire P 4 10.0 0.0 0.0 6.123233995736766e-16 10.0 0.0 -10.0 1.2246467991473533e-15 0.0 -1.8369701987210296e-15 -10.0 0.0
prism 0.0 0.0 4.0
end
case polygon_5
plane 0.0 0.0 0.0 0.0 0.0 1.0 1.0 0.0 0.0
wire P 5 10.0 0.0 0.0 3.0901699437494745 9.510565162951535 0.0 -8.090169943749473 5.877852522924733 0.0 -8.090169943749476 -5.87785252292473 0.0 3.0901699437494723 -9.510565162951536 0.0
prism 0.0 0.0 4.0
end
case polygon_6
plane 0.0 0.0 0.0 0.0 0.0 1.0 1.0 0.0 0.0
wire P 6 10.0 0.0 0.0 5.000000000000001 8.660254037844386 0.0 -4.999999999999998 8.660254037844387 0.0 -10.0 1.2246467991473533e-15 0.0 -5.000000000000004 -8.660254037844384 0.0 5.000000000000001 -8.660254037844386 0.0
prism 0.0 0.0 4.0
end
case polygon_7
plane 0.0 0.0 0.0 0.0 0.0 1.0 1.0 0.0 0.0
wire P 7 10.0 0.0 0.0 6.2348980185873355 7.818314824680298 0.0 -2.2252093395631434 9.749279121818237 0.0 -9.00968867902419 4.338837391175582 0.0 -9.009688679024192 -4.33883739117558 0.0 -2.225209339563146 -9.749279121818237 0.0 6.234898018587334 -7.818314824680299 0.0
prism 0.0 0.0 4.0
end
case polygon_8
plane 0.0 0.0 0.0 0.0 0.0 1.0 1.0 0.0 0.0
wire P 8 10.0 0.0 0.0 7.0710678118654755 7.071067811865475 0.0 6.123233995736766e-16 10.0 0.0 -7.071067811865475 7.0710678118654755 0.0 -10.0 1.2246467991473533e-15 0.0 -7.071067811865477 -7.071067811865475 0.0 -1.8369701987210296e-15 -10.0 0.0 7.071067811865474 -7.071067811865477 0.0
prism 0.0 0.0 4.0
end
case polygon_9
plane 0.0 0.0 0.0 0.0 0.0 1.0 1.0 0.0 0.0
wire P 9 10.0 0.0 0.0 7.66044443118978 6.4278760968653925 0.0 1.7364817766693041 9.84807753012208 0.0 -4.999999999999998 8.660254037844387 0.0 -9.396926207859083 3.420201433256689 0.0 -9.396926207859085 -3.4202014332566866 0.0 -5.000000000000004 -8.660254037844384 0.0 1.7364817766692997 -9.848077530122081 0.0 7.660444431189778 -6.427876096865396 0.0
prism 0.0 0.0 4.0
end
case polygon_10
plane 0.0 0.0 0.0 0.0 0.0 1.0 1.0 0.0 0.0
wire P 10 10.0 0.0 0.0 8.090169943749475 5.877852522924732 0.0 3.0901699437494745 9.510565162951535 0.0 -3.0901699437494736 9.510565162951536 0.0 -8.090169943749473 5.877852522924733 0.0 -10.0 1.2246467991473533e-15 0.0 -8.090169943749476 -5.87785252292473 0.0 -3.0901699437494754 -9.510565162951535 0.0 3.0901699437494723 -9.510565162951536 0.0 8.090169943749473 -5.877852522924734 0.0
prism 0.0 0.0 4.0
end
case polygon_11
plane 0.0 0.0 0.0 0.0 0.0 1.0 1.0 0.0 0.0
wire P 11 10.0 0.0 0.0 8.412535328311812 5.406408174555976 0.0 4.154150130018865 9.096319953545184 0.0 -1.4231483827328502 9.898214418809328 0.0 -6.54860733945285 7.5574957435425825 0.0 -9.594929736144973 2.817325568414297 0.0 -9.594929736144975 -2.8173255684142937 0.0 -6.548607339452852 -7.557495743542582 0.0 -1.4231483827328524 -9.898214418809326 0.0 4.15415013001886 -9.096319953545185 0.0 8.412535328311812 -5.406408174555974 0.0
prism 0.0 0.0 4.0
end
case polygon_12
plane 0.0 0.0 0.0 0.0 0.0 1.0 1.0 0.0 0.0
wire P 12 10.0 0.0 0.0 8.660254037844387 4.999999999999999 0.0 5.000000000000001 8.660254037844386 0.0 6.123233995736766e-16 10.0 0.0 -4.999999999999998 8.660254037844387 0.0 -8.660254037844387 4.999999999999999 0.0 -10.0 1.2246467991473533e-15 0.0 -8.660254037844389 -4.999999999999997 0.0 -5.000000000000004 -8.660254037844384 0.0 -1.8369701987210296e-15 -10.0 0.0 5.000000000000001 -8.660254037844386 0.0 8.660254037844384 -5.000000000000004 0.0
prism 0.0 0.0 4.0
end
case circle
plane 0.0 0.0 0.0 0.0 0.0 1.0 1.0 0.0 0.0
wire C 1.0 2.0 0.0 3.0
prism 0.0 0.0 4.0
end
case circle_labelled
plane 2.682000635998092 -1.576000847997456 4.152001695994912 0.3179993640019079 -0.42399915200254396 0.8479983040050879 0.9480909262799545 0.14221363894199315 -0.2844272778839863
wire C 3.6300915622780465 0.3550671729443689 4.7620016091108415 3.0
prism 0.9539980920057238 -1.271997456007632 2.543994912015264
end
case holes_0
plane 3.0 -2.0 5.0 0.3179993640019079 -0.42399915200254396 0.8479983040050879 0.9480909262799545 0.14221363894199315 -0.2844272778839863
wire P 4 -6.480909262799544 -12.36640829941909 3.3721368238402833 12.480909262799544 -9.522135520579228 -2.3164087338394426 12.480909262799544 8.36640829941909 6.627863176159717 -6.480909262799544 5.522135520579228 12.316408733839442
prism 0.9539980920057238 -1.271997456007632 2.543994912015264
end
case holes_1
plane 3.0 -2.0 5.0 0.3179993640019079 -0.42399915200254396 0.8479983040050879 0.9480909262799545 0.14221363894199315 -0.2844272778839863
wire P 4 -6.480909262799544 -12.36640829941909 3.3721368238402833 12.480909262799544 -9.522135520579228 -2.3164087338394426 12.480909262799544 8.36640829941909 6.627863176159717 -6.480909262799544 5.522135520579228 12.316408733839442
wire P 4 -2.688545557679727 -8.219844979651455 4.02328209430417 -0.792363705119818 -7.935417701767468 3.4544275385361973 -0.792363705119818 -6.146563319767636 4.3488547295361135 -2.688545557679727 -6.430990597651622 4.9177092853040865
prism 0.9539980920057238 -1.271997456007632 2.543994912015264
end
case holes_2
plane 3.0 -2.0 5.0 0.3179993640019079 -0.42399915200254396 0.8479983040050879 0.9480909262799545 0.14221363894199315 -0.2844272778839863
wire P 4 -6.480909262799544 -12.36640829941909 3.3721368238402833 12.480909262799544 -9.522135520579228 -2.3164087338394426 12.480909262799544 8.36640829941909 6.627863176159717 -6.480909262799544 5.522135520579228 12.316408733839442
wire P 4 -2.688545557679727 -8.219844979651455 4.02328209430417 -0.792363705119818 -7.935417701767468 3.4544275385361973 -0.792363705119818 -6.146563319767636 4.3488547295361135 -2.688545557679727 -6.430990597651622 4.9177092853040865
wire C 7.740454631399772 3.183204149709545 5.813931588079859 1.5
prism 0.9539980920057238 -1.271997456007632 2.543994912015264
end
case holes_3
plane 3.0 -2.0 5.0 0.3179993640019079 -0.42399915200254396 0.8479983040050879 0.9480909262799545 0.14221363894199315 -0.2844272778839863
wire P 4 -6.480909262799544 -12.36640829941909 3.3721368238402833 12.480909262799544 -9.522135520579228 -2.3164087338394426 12.480909262799544 8.36640829941909 6.627863176159717 -6.480909262799544 5.522135520579228 12.316408733839442
wire P 4 -2.688545557679727 -8.219844979651455 4.02328209430417 -0.792363705119818 -7.935417701767468 3.4544275385361973 -0.792363705119818 -6.146563319767636 4.3488547295361135 -2.688545557679727 -6.430990597651622 4.9177092853040865
wire C 7.740454631399772 3.183204149709545 5.813931588079859 1.5
wire P 4 6.7923637051198185 -5.008854208231691 2.0734365064642235 6.7923637051198185 -6.797708590231522 1.1790093154643073 8.688545557679728 -6.513281312347536 0.6101547596963344 8.688545557679728 -4.724426930347704 1.5045819506962503
prism 0.9539980920057238 -1.271997456007632 2.543994912015264
end
case holes_3_labelled
plane 3.0 -2.0 5.0 0.3179993640019079 -0.42399915200254396 0.8479983040050879 0.9480909262799545 0.14221363894199315 -0.2844272778839863
wire P 4 -6.480909262799544 -12.36640829941909 3.3721368238402833 12.480909262799544 -9.522135520579228 -2.3164087338394426 12.480909262799544 8.36640829941909 6.627863176159717 -6.480909262799544 5.522135520579228 12.316408733839442
wire P 4 -2.688545557679727 -8.219844979651455 4.02328209430417 -0.792363705119818 -7.935417701767468 3.4544275385361973 -0.792363705119818 -6.146563319767636 4.3488547295361135 -2.688545557679727 -6.430990597651622 4.9177092853040865
wire C 7.740454631399772 3.183204149709545 5.813931588079859 1.5
wire P 4 6.7923637051198185 -5.008854208231691 2.0734365064642235 6.7923637051198185 -6.797708590231522 1.1790093154643073 8.688545557679728 -6.513281312347536 0.6101547596963344 8.688545557679728 -4.724426930347704 1.5045819506962503
prism 0.9539980920057238 -1.271997456007632 2.543994912015264
end
case holes_3_reversed_direction
plane 3.953998092005724 -3.271997456007632 7.543994912015264 0.3179993640019079 -0.42399915200254396 0.8479983040050879 0.9480909262799545 0.14221363894199315 -0.2844272778839863
wire P 4 -5.52691117079382 -13.638405755426723 5.916131735855547 13.434907354805269 -10.79413297658686 0.22758617817582127 13.434907354805269 7.094410843411458 9.17185808817498 -5.52691117079382 4.250138064571596 14.860403645854706
wire P 4 -1.734547465674003 -9.491842435659088 6.567277006319434 0.1616343868859058 -9.2074151577751 5.998422450551461 0.1616343868859058 -7.418560775775267 6.892849641551377 -1.734547465674003 -7.702988053659254 7.46170419731935
wire C 8.694452723405496 1.9112066937019132 8.357926500095122 1.5
wire P 4 7.746361797125543 -6.280851664239323 4.617431418479487 7.746361797125543 -8.069706046239155 3.723004227479571 9.642543649685452 -7.785278768355168 3.154149671711598 9.642543649685452 -5.996424386355336 4.048576862711514
prism -0.9539980920057238 1.271997456007632 -2.543994912015264
end
case clockwise_labelled
plane 0.0 0.0 0.0 0.0 0.0 1.0 1.0 0.0 0.0
wire P 7 6.234898018587334 -7.818314824680299 0.0 10.0 0.0 0.0 6.2348980185873355 7.818314824680298 0.0 -2.2252093395631434 9.749279121818237 0.0 -9.00968867902419 4.338837391175582 0.0 -9.009688679024192 -4.33883739117558 0.0 -2.225209339563146 -9.749279121818237 0.0
prism 0.0 0.0 2.0
end
case clockwise_closing_point
plane 0.0 0.0 0.0 0.0 0.0 1.0 1.0 0.0 0.0
wire P 7 6.234898018587334 -7.818314824680299 0.0 10.0 0.0 0.0 6.2348980185873355 7.818314824680298 0.0 -2.2252093395631434 9.749279121818237 0.0 -9.00968867902419 4.338837391175582 0.0 -9.009688679024192 -4.33883739117558 0.0 -2.225209339563146 -9.749279121818237 0.0
prism 0.0 0.0 2.0
end
case labels_absent
plane 0.0 0.0 0.0 0.0 0.0 1.0 1.0 0.0 0.0
wire P 6 10.0 0.0 0.0 5.000000000000001 8.660254037844386 0.0 -4.999999999999998 8.660254037844387 0.0 -10.0 1.2246467991473533e-15 0.0 -5.000000000000004 -8.660254037844384 0.0 5.000000000000001 -8.660254037844386 0.0
prism 0.0 0.0 1.0
end
case labels_present
plane 0.0 0.0 0.0 0.0 0.0 1.0 1.0 0.0 0.0
wire P 6 10.0 0.0 0.0 5.000000000000001 8.660254037844386 0.0 -4.999999999999998 8.660254037844387 0.0 -10.0 1.2246467991473533e-15 0.0 -5.000000000000004 -8.660254037844384 0.0 5.000000000000001 -8.660254037844386 0.0
prism 0.0 0.0 1.0
end
case labels_permuted
plane 0.0 0.0 0.0 0.0 0.0 1.0 1.0 0.0 0.0
wire P 6 10.0 0.0 0.0 5.000000000000001 8.660254037844386 0.0 -4.999999999999998 8.660254037844387 0.0 -10.0 1.2246467991473533e-15 0.0 -5.000000000000004 -8.660254037844384 0.0 5.000000000000001 -8.660254037844386 0.0
prism 0.0 0.0 1.0
end
case labels_moved
plane 0.0 0.0 0.0 0.0 0.0 1.0 1.0 0.0 0.0
wire P 6 13.0 -0.25 0.0 6.750000000000001 6.678203230275509 0.0 -5.749999999999998 6.6782032302755105 0.0 -12.0 -0.24999999999999903 0.0 -5.750000000000005 -7.178203230275507 0.0 6.750000000000001 -7.178203230275509 0.0
prism 0.0 0.0 1.0
end
case labels_inserted_vertex
plane 0.0 0.0 0.0 0.0 0.0 1.0 1.0 0.0 0.0
wire P 7 10.0 0.0 0.0 5.000000000000001 8.660254037844386 0.0 -4.999999999999998 8.660254037844387 0.0 -7.499999999999999 4.3301270189221945 0.0 -10.0 1.2246467991473533e-15 0.0 -5.000000000000004 -8.660254037844384 0.0 5.000000000000001 -8.660254037844386 0.0
prism 0.0 0.0 1.0
end
case transformed_copy
plane 3.0 -2.0 5.0 0.3179993640019079 -0.42399915200254396 0.8479983040050879 0.9480909262799545 0.14221363894199315 -0.2844272778839863
wire P 5 12.480909262799544 -0.5778636105800685 2.155727221160137 5.929762084331914 6.945972396170185 8.374325416460625 -4.670216715731685 2.106778613831585 9.929720575315173 -4.670216715731688 -8.407843628551088 4.672409454123839 5.929762084331912 -10.067043770870614 -0.132182667059773
prism 0.6359987280038158 -0.8479983040050879 1.6959966080101758
transform 0.4535961214255773 -0.7129658880491484 0.5347244160368613 0.3681624065621356 0.7129658880491484 0.6503015177123694 0.2622738617157229 -0.8003905086210561 -0.5347244160368613 0.2622738617157229 0.8032946037132078 0.6002928814657915
transform 1.0 0.0 0.0 10.0 0.0 1.0 0.0 -20.0 0.0 0.0 1.0 30.0
transform 0.9999999999999999 0.0 0.0 0.0 0.0 -0.8011436155469337 0.5984721441039565 0.0 0.0 -0.5984721441039565 -0.8011436155469337 0.0
end
case box_ppp
plane 0.0 0.0 0.0 0.0 0.0 1.0 1.0 0.0 0.0
wire P 4 0.0 0.0 0.0 4.0 0.0 0.0 4.0 5.0 0.0 0.0 5.0 0.0
prism 0.0 0.0 6.0
transform 1.0 0.0 0.0 1.0 0.0 1.0 0.0 2.0 0.0 0.0 1.0 3.0
end
case box_ppn
plane 0.0 0.0 0.0 0.0 0.0 1.0 1.0 0.0 0.0
wire P 4 0.0 0.0 0.0 4.0 0.0 0.0 4.0 5.0 0.0 0.0 5.0 0.0
prism 0.0 0.0 6.0
transform 1.0 0.0 0.0 1.0 0.0 1.0 0.0 2.0 0.0 0.0 1.0 -3.0
end
case box_pnp
plane 0.0 0.0 0.0 0.0 0.0 1.0 1.0 0.0 0.0
wire P 4 0.0 0.0 0.0 4.0 0.0 0.0 4.0 5.0 0.0 0.0 5.0 0.0
prism 0.0 0.0 6.0
transform 1.0 0.0 0.0 1.0 0.0 1.0 0.0 -3.0 0.0 0.0 1.0 3.0
end
case box_pnn
plane 0.0 0.0 0.0 0.0 0.0 1.0 1.0 0.0 0.0
wire P 4 0.0 0.0 0.0 4.0 0.0 0.0 4.0 5.0 0.0 0.0 5.0 0.0
prism 0.0 0.0 6.0
transform 1.0 0.0 0.0 1.0 0.0 1.0 0.0 -3.0 0.0 0.0 1.0 -3.0
end
case box_npp
plane 0.0 0.0 0.0 0.0 0.0 1.0 1.0 0.0 0.0
wire P 4 0.0 0.0 0.0 4.0 0.0 0.0 4.0 5.0 0.0 0.0 5.0 0.0
prism 0.0 0.0 6.0
transform 1.0 0.0 0.0 -3.0 0.0 1.0 0.0 2.0 0.0 0.0 1.0 3.0
end
case box_npn
plane 0.0 0.0 0.0 0.0 0.0 1.0 1.0 0.0 0.0
wire P 4 0.0 0.0 0.0 4.0 0.0 0.0 4.0 5.0 0.0 0.0 5.0 0.0
prism 0.0 0.0 6.0
transform 1.0 0.0 0.0 -3.0 0.0 1.0 0.0 2.0 0.0 0.0 1.0 -3.0
end
case box_nnp
plane 0.0 0.0 0.0 0.0 0.0 1.0 1.0 0.0 0.0
wire P 4 0.0 0.0 0.0 4.0 0.0 0.0 4.0 5.0 0.0 0.0 5.0 0.0
prism 0.0 0.0 6.0
transform 1.0 0.0 0.0 -3.0 0.0 1.0 0.0 -3.0 0.0 0.0 1.0 3.0
end
case box_nnn
plane 0.0 0.0 0.0 0.0 0.0 1.0 1.0 0.0 0.0
wire P 4 0.0 0.0 0.0 4.0 0.0 0.0 4.0 5.0 0.0 0.0 5.0 0.0
prism 0.0 0.0 6.0
transform 1.0 0.0 0.0 -3.0 0.0 1.0 0.0 -3.0 0.0 0.0 1.0 -3.0
end
case corpus_0
plane -2.106382255646135e-05 -0.001826350946731739 -0.0008967994095311371 -0.5199055641323574 -0.32458830623679436 0.7901522864856776 0.8542237437487998 -0.19755394028760753 0.4809098005786795
wire P 8 0.0002679820666866307 -0.001893197782542358 -0.0007340727211532741 0.0001697208215369871 -0.0016638823965926346 -0.0007045258540152679 -2.1063822556461324e-05 -0.0015124956805744924 -0.0007678701499594437 -0.0002179911187307223 -0.0015675657797283862 -0.0009200670229876323 -0.00023190999580690463 -0.0017775891409109474 -0.0010155013209128773 -0.00014509072790127388 -0.0019319698846989983 -0.0010217942390866894 -2.1063822556461405e-05 -0.00207786210221076 -0.0010001182018106484 0.00011912285734347005 -0.0020105724034537504 -0.0008802358881553362
prism -0.00033497078162421893 -0.0002091295153335587 0.0005090884715726749
transform 0.3175259921281134 0.24787109609504643 0.915279828273134 0.0 0.9470909445482151 -0.13059998976980114 -0.29319342664339837 0.0 0.04686136017901493 0.9599497707655167 -0.2762253618504364 0.0
transform 1.0 0.0 0.0 0.0048828125 0.0 1.0 0.0 -0.009765625 0.0 0.0 1.0 0.00732421875
end
case corpus_0_alternate
plane -0.0003560346041806803 -0.0020354804620652976 -0.0003877109379584622 -0.5199055641323574 -0.32458830623679436 0.7901522864856776 0.8542237437487998 -0.19755394028760753 0.4809098005786795
wire P 8 -6.698871493758819e-05 -0.002102327297875917 -0.00022498424958059917 -0.00016524996008723182 -0.0018730119119261931 -0.00019543738244259305 -0.00035603460418068023 -0.001721625195908051 -0.00025878167838676877 -0.0005529619003549412 -0.0017766952950619447 -0.0004109785514149574 -0.0005668807774311236 -0.001986718656244506 -0.0005064128493402024 -0.0004800615095254928 -0.002141099400032557 -0.0005127057675140144 -0.0003560346041806803 -0.002286991617544319 -0.0004910297302379734 -0.00021584792428074886 -0.0022197019187873094 -0.00037114741658266133
prism 0.00033497078162421893 0.0002091295153335587 -0.0005090884715726749
end
case corpus_1
plane 0.002838506579470479 -0.0023985657631441556 -0.0019094921080886006 -0.543523051996186 -0.25705540325258786 0.7990652111107082 0.8393942410743305 -0.16644805321649175 0.5174092709177993
wire P 9 0.0032799932042486104 -0.002486110549157207 -0.0016373562493125755 0.003095973649610509 -0.0022046093714918865 -0.0016719685323133562 0.002929435392480645 -0.0018317620065201074 -0.001665304435452307 0.0026046900578752773 -0.0018929119792859778 -0.0019058674128183879 0.0023344343907400677 -0.002090540837045505 -0.002153271189127864 0.002357777451419173 -0.002501673582929106 -0.0022696526820362435 0.0025828290630457436 -0.0028500969647349368 -0.0022286589991180822 0.0029087775917222883 -0.0028644681888272427 -0.0020115724135882965 0.0031569759864397856 -0.00276477880732887 -0.0018106786180301854
wire C 0.002838506579470479 -0.0023985657631441556 -0.0019094921080886006 9.765625e-05
prism -0.0005093219222786959 -0.00024088021958938388 0.0007487841184550048
transform 0.5850297158997187 0.7764224217435709 -0.23432553110607215 0.0 0.5690106200888452 -0.18707284029680893 0.8007687972501129 0.0 0.577898906159548 -0.6018072577139072 -0.5512357742585878 0.0
transform 1.0 0.0 0.0 0.009765625 0.0 1.0 0.0 -0.01953125 0.0 0.0 1.0 0.0146484375
end
case corpus_1_alternate
plane 0.0023291846571917834 -0.0026394459827335398 -0.001160707989633596 -0.543523051996186 -0.25705540325258786 0.7990652111107082 0.8393942410743305 -0.16644805321649175 0.5174092709177993
wire P 9 0.0025866517273318134 -0.0024454895910812706 -0.0009231844138583515 0.002420113470201949 -0.0020726422261094913 -0.0009165203169973024 0.0020953681355965815 -0.0021337921988753617 -0.0011570832943633832 0.0018251124684613717 -0.0023314210566348892 -0.0014044870706728593 0.001848455529140477 -0.00274255380251849 -0.0015208685635812386 0.002073507140767048 -0.003090977184324321 -0.0014798748806630773 0.0023994556694435926 -0.003105348408416627 -0.0012627882951332919 0.00264765406416109 -0.003005659026918254 -0.0010618944995751808 0.0027706712819699146 -0.002726990768746591 -0.0008885721308575709
wire C 0.0023291846571917834 -0.0026394459827335398 -0.001160707989633596 9.765625e-05
prism 0.0005093219222786959 0.00024088021958938388 -0.0007487841184550048
end
case corpus_2
plane 0.00043719835489866414 -0.0032091611509105582 0.004562970930784264 -0.17134434346413016 0.6300049989463933 0.7574528482126139 0.9852112037339233 0.10956817433101716 0.13173343998742934
wire P 10 0.0013508343596382107 -0.0031075530605203963 0.004685133989166634 0.0014719471976707768 -0.0025074150654955294 0.004213371373118934 0.0007414232514628543 -0.002444666919393525 0.003995928410094426 0.00014367244836395237 -0.002536840397028185 0.003937374973617573 -0.0002963901279920123 -0.0028748250061741898 0.004118943714727483 -0.00037965943420786516 -0.0033000062573215133 0.0044537481711042085 -0.0006447764292771956 -0.003942934930525596 0.004928526213687082 9.43669290681092e-05 -0.004070670680177234 0.005201971874067128 0.0008383742775216918 -0.004128054143769689 0.005418002904856045 0.0011541748901057018 -0.003535926328170413 0.004996943249503807
prism -0.00030936816070804043 0.0011374958975620833 0.0013676074140355778
transform 0.8126395039211862 -0.28144920431952547 -0.5102973467054617 0.0 0.5705422326131516 0.5626455057458656 0.5982571317324846 0.0 0.11873751501327845 -0.7773135662342997 0.6178066220724623 0.0
transform 1.0 0.0 0.0 0.01953125 0.0 1.0 0.0 -0.0390625 0.0 0.0 1.0 0.029296875
end
case corpus_2_alternate
plane 0.00012783019419062373 -0.002071665253348475 0.005930578344819842 -0.17134434346413016 0.6300049989463933 0.7574528482126139 0.9852112037339233 0.10956817433101716 0.13173343998742934
wire P 10 0.0004320550907548139 -0.0013071710218314418 0.005363535824130003 -0.00016569571234408803 -0.0013993444994661016 0.005304982387653151 -0.0006057582887000527 -0.0017373291086121064 0.00548655112876306 -0.0006890275949159055 -0.00216251035975943 0.005821355585139786 -0.000954144589985236 -0.0028054390329635133 0.006296133627722659 -0.0002150012316399312 -0.0029331747826151513 0.006569579288102706 0.0005290061168136515 -0.0029905582462076055 0.006785610318891622 0.0008448067293976613 -0.00239843043060833 0.006364550663539384 0.0010414661989301703 -0.001970057162958313 0.006052741403202212 0.0011625790369627364 -0.001369919167933446 0.005580978787154511
prism 0.00030936816070804043 -0.0011374958975620833 -0.0013676074140355778
end
case corpus_3
plane 0.014815019551912416 -0.009210819487212803 -0.020614254007614602 -0.36484338763479673 -0.7120425391397683 0.5999039297708901 0.9310689031963024 -0.2790169569921333 0.23507495658126706
wire P 11 0.017176301960998123 -0.009918433961415948 -0.020018080772866473 0.016083972247156585 -0.009026745397524443 -0.019624032819165978 0.015448528544692827 -0.008440702771389301 -0.019314900244271606 0.01451673837023694 -0.0076857757655377215 -0.01898554307807685 0.013565447834759343 -0.007838406895406658 -0.019745251251727713 0.013208914010077795 -0.008403158906101726 -0.020632404073490464 0.012671408015384704 -0.00900400670167506 -0.02167246176774943 0.013700613155294607 -0.009766862343904368 -0.021951984821946165 0.014573880293461914 -0.01029918333843952 -0.022052716703482925 0.015746524071037712 -0.010901485469795181 -0.022054439330371788 0.016186693550481097 -0.010231903835034858 -0.020991996662871534
wire C 0.014815019551912416 -0.009210819487212803 -0.020614254007614602 0.000390625
prism -0.0015010870606684222 -0.002929579864602307 0.0024682043231234805
transform 0.7813447022180875 -0.5479134936962654 0.29881643151152326 0.0 0.04856049471903626 0.5307184110764747 0.8461559232772082 0.0 -0.622207629869942 -0.6466287741587244 0.44128096918133086 0.0
transform 1.0 0.0 0.0 0.0390625 0.0 1.0 0.0 -0.078125 0.0 0.0 1.0 0.05859375
end
case corpus_3_alternate
plane 0.013313932491243994 -0.012140399351815111 -0.018146049684491124 -0.36484338763479673 -0.7120425391397683 0.5999039297708901 0.9310689031963024 -0.2790169569921333 0.23507495658126706
wire P 11 0.013015651309568518 -0.010615355630140029 -0.01651733875495337 0.012064360774090921 -0.010767986760008966 -0.017277046928604232 0.011707826949409373 -0.011332738770704032 -0.018164199750366986 0.011170320954716283 -0.011933586566277367 -0.019204257444625953 0.012199526094626186 -0.012696442208506676 -0.019483780498822687 0.013072793232793492 -0.013228763203041827 -0.019584512380359444 0.01424543701036929 -0.013831065334397487 -0.019586235007248307 0.014685606489812675 -0.013161483699637166 -0.018523792339748057 0.015675214900329703 -0.012848013826018254 -0.017549876449742995 0.014582885186488165 -0.01195632526212675 -0.0171558284960425 0.013947441484024405 -0.011370282635991607 -0.016846695921148125
wire C 0.013313932491243994 -0.012140399351815111 -0.018146049684491124 0.000390625
prism 0.0015010870606684222 0.002929579864602307 -0.0024682043231234805
end
case corpus_4
plane 0.014636812362068147 0.014576680560913477 0.007525480678552102 0.09527957975105629 0.5446571233186218 0.8332289119448182 0.9954505521031479 -0.05213187305846232 -0.07975253054890653
wire P 12 0.019102797363823497 0.014342796353706385 0.0071676792744231445 0.017769329492695576 0.015933380060461817 0.006280443513459488 0.016529054135855377 0.01723347565793608 0.005572434699882362 0.014636812362068147 0.01792021695269249 0.0053399097186979305 0.013017639630377578 0.01701966664172937 0.006113724969164676 0.011036089887310528 0.016513301336600717 0.00667131087449598 0.009877289446630681 0.014825937386299937 0.007906799465215768 0.010448506776399406 0.012762716947921464 0.009190147109882394 0.012936348649691733 0.012189150745067386 0.009280586110287488 0.014636812362068147 0.010684353882914128 0.01006977963537449 0.01730704412617835 0.010547870722038104 0.009853654112176008 0.01932183753432304 0.012056875953140346 0.008636870701370324
prism 0.000919067108825469 0.005253764226684608 0.008037328555517958
transform 0.9913433227882927 -0.11347359411150755 0.06604664868472686 0.0 0.12184904085880498 0.9824944719003097 -0.14091637210459546 0.0 -0.048900180008422986 0.14774422535161358 0.9878159830000705 0.0
transform 1.0 0.0 0.0 0.078125 0.0 1.0 0.0 -0.15625 0.0 0.0 1.0 0.1171875
end
case corpus_4_alternate
plane 0.015555879470893617 0.019830444787598087 0.01556280923407006 0.09527957975105629 0.5446571233186218 0.8332289119448182 0.9954505521031479 -0.05213187305846232 -0.07975253054890653
wire P 12 0.013936706739203048 0.02227343086841398 0.014151053524682634 0.011955156996135998 0.021767065563285327 0.014708639430013938 0.010796356555456152 0.020079701612984547 0.015944128020733726 0.011367573885224877 0.018016481174606074 0.017227475665400352 0.013855415758517203 0.017442914971751995 0.01731791466580545 0.015555879470893617 0.015938118109598737 0.018107108190892448 0.018226111235003818 0.015801634948722713 0.01789098266769397 0.020240904643148507 0.017310640179824956 0.016674199256888282 0.020021864472648965 0.019596560580390995 0.015205007829941103 0.018688396601521044 0.021187144287146426 0.014317772068977446 0.017448121244680845 0.02248723988462069 0.013609763255400321 0.015555879470893617 0.0231739811793771 0.01337723827421589
prism -0.000919067108825469 -0.005253764226684608 -0.008037328555517958
end
case corpus_5
plane 0.07262302898629022 -0.05688119968687061 0.025087565460082558 -0.36377379677026583 -0.693986412138616 0.6213304149567412 0.9314873186379647 -0.27102255392996777 0.24264820312116964
wire P 13 0.08224383939202949 -0.05968043973541161 0.027593742743242552 0.07957061908750225 -0.056291507673513055 0.02981385827216496 0.07692026695088289 -0.05367339173777486 0.031186410145951863 0.07338042747824772 -0.0526347768429727 0.03027398705055304 0.07020372812209001 -0.0516092146507098 0.02955959459676576 0.06574162759332489 -0.050513434434955096 0.028171060171719987 0.06542795660383016 -0.05351780865108329 0.024631719240034124 0.06498804500839306 -0.056007329969345127 0.021593525336312258 0.0652323696682136 -0.059419486311551 0.01792541063667272 0.06990732931312663 -0.061218775485232385 0.01865279428127711 0.07344804180027079 -0.06198679446451405 0.019867966870062804 0.07761328028255396 -0.0635102240858143 0.020605038722812528 0.08096307600434785 -0.062442266054368506 0.023759103329187684
wire C 0.07262302898629022 -0.05688119968687061 0.025087565460082558 0.0015625
prism -0.005788642409167762 -0.01104323404367901 0.009887077139851817
transform 0.10863616468687054 0.8828518316814896 -0.45691446356923926 0.0 0.9501943081235881 0.04284266815683735 0.30869934012682726 0.0 0.29211121260859296 -0.4676934349355801 -0.8342265222267246 0.0
transform 1.0 0.0 0.0 0.15625 0.0 1.0 0.0 -0.3125 0.0 0.0 1.0 0.234375
end
case corpus_5_alternate
plane 0.06683438657712246 -0.06792443373054961 0.03497464259993437 -0.36377379677026583 -0.693986412138616 0.6213304149567412 0.9314873186379647 -0.27102255392996777 0.24264820312116964
wire P 13 0.05995298518415713 -0.061556668478634106 0.0380581373115718 0.059639314194662396 -0.0645610426947623 0.03451879637988594 0.05919940259922529 -0.06705056401302413 0.03148060247616408 0.059443727259045835 -0.07046272035523 0.027812487776524536 0.06411868690395886 -0.07226200952891139 0.028539871421128925 0.06765939939110302 -0.07303002850819305 0.02975504400991462 0.0718246378733862 -0.07455345812949331 0.030492115862664343 0.07517443359518008 -0.07348550009804751 0.0336461804690395 0.07645519698286173 -0.07072367377909061 0.03748081988309437 0.07378197667833448 -0.06733474171719206 0.039700935412016775 0.07113162454171512 -0.06471662578145387 0.04107348728580368 0.06759178506907995 -0.0636780108866517 0.040161064190404855 0.06441508571292225 -0.06265244869438881 0.039446671736617575
wire C 0.06683438657712246 -0.06792443373054961 0.03497464259993437 0.0015625
prism 0.005788642409167762 0.01104323404367901 -0.009887077139851817
end
case corpus_6
plane 0.01974011748328281 0.05889242915266952 0.009361580834786658 0.3169807735358615 -0.1485731661850177 0.9367225862006135 0.9484319634051811 0.04965547235978123 -0.3130673168124072
wire P 14 0.03530527742001463 0.05970734830220874 0.004223686873839633 0.03165188931140694 0.06548970758301247 0.006377106941613586 0.029256001094790512 0.0718166421625957 0.008191372155219444 0.02244874074096045 0.07139225912290291 0.010427593157673266 0.016114260400696172 0.07524546937958568 0.013182295738810763 0.01094352312998724 0.0699186258800066 0.01408715093052059 0.005616653985256195 0.06523576524155872 0.015146981967786893 0.0034613347497343856 0.05804014804314805 0.014735034100813844 0.0058567735121220765 0.05120320482537692 0.012840028728998556 0.011184587158725022 0.04727254172637212 0.010413690786193659 0.015704658504525834 0.04026948078089666 0.0077733758351933475 0.023591445015217184 0.04152249078438086 0.00530327843444971 0.0324516051993784 0.04295906237166194 0.0025329123966465993 0.0336816769814412 0.0526307924434855 0.003650693124579777
prism 0.007898816064315455 -0.0037022816832001267 0.023342107879774737
transform -0.2375332149134316 0.8407118071035695 -0.4866021261868265 0.0 0.43721640041860194 -0.3547966220897314 -0.8264146514666334 0.0 -0.8674213457241471 -0.40905135906187506 -0.2832970078058409 0.0
transform 1.0 0.0 0.0 0.3125 0.0 1.0 0.0 -0.625 0.0 0.0 1.0 0.46875
end
case corpus_6_alternate
plane 0.027638933547598266 0.05519014746946939 0.0327036887145614 0.3169807735358615 -0.1485731661850177 0.9367225862006135 0.9484319634051811 0.04965547235978123 -0.3130673168124072
wire P 14 0.01351547004957165 0.061533483558358595 0.03848908984756163 0.01136015081404984 0.05433786635994792 0.038077141980588584 0.013755589576437532 0.04750092314217679 0.03618213660877329 0.019083403223040477 0.04357026004317199 0.033755798665968395 0.02360347456884129 0.03656719909769653 0.031115483714968084 0.031490261079532636 0.03782020910118073 0.028645386314224447 0.040350421263693856 0.039256780688461806 0.025875020276421336 0.04158049304575666 0.04892851076028537 0.026992801004354514 0.04320409348433009 0.05600506661900861 0.02756579475361437 0.03955070537572239 0.06178742589981234 0.029719214821388323 0.03715481715910597 0.06811436047939558 0.031533480034994184 0.030347556805275906 0.06768997743970279 0.033769701037448 0.024013076465011628 0.07154318769638555 0.0365244036185855 0.018842339194302695 0.06621634419680647 0.03742925881029533
prism -0.007898816064315455 0.0037022816832001267 -0.023342107879774737
end
case corpus_7
plane -0.27801855419067323 0.1125199149168693 0.04616067859203428 -0.2392127492279881 -0.548832779391712 0.8009743072483387 0.9709671779245619 -0.13521342534498068 0.19733238203520895
wire P 15 -0.2409274851215968 0.10735474495792478 0.053698800557473114 -0.24430178578222614 0.12057840762237873 0.06175199744250104 -0.2548370254072576 0.1311650285271181 0.06585964597911634 -0.2682172044626544 0.13678328645920682 0.06571329259457503 -0.28200085537386765 0.14526465356568732 0.06740826238441128 -0.29443234499761106 0.13895908170501606 0.059374951850461447 -0.3043060955768284 0.13240696134550084 0.05193657911471708 -0.3159884405045737 0.12466429452598833 0.04314229553494593 -0.3066673851199253 0.11133587202829621 0.03679332799125841 -0.3054849248122179 0.09939079836859936 0.028961630596143862 -0.29706598959952174 0.08714345608030034 0.0230840060233649 -0.28241132464897 0.07762350820168971 0.02093752423676182 -0.26989771886719605 0.09015492200892332 0.03326134613968412 -0.24961872833362483 0.08176796082668565 0.033570911451033275 -0.24066486070846657 0.09318869296166812 0.04407056340623737
wire C -0.27801855419067323 0.1125199149168693 0.04616067859203428 0.00625
prism -0.01546041328694988 -0.03547127660296328 0.051767281895520406
transform -0.06758038923738685 -0.9826691471121773 -0.17261007590621458 0.0 -0.07152165133561789 0.17733198612647677 -0.9815487864017078 0.0 0.99514699636825 -0.05398809137453342 -0.08226628476469222 0.0
transform 1.0 0.0 0.0 0.625 0.0 1.0 0.0 -1.25 0.0 0.0 1.0 0.9375
end
case corpus_7_alternate
plane -0.2934789674776231 0.07704863831390601 0.09792796048755469 -0.2392127492279881 -0.548832779391712 0.8009743072483387 0.9709671779245619 -0.13521342534498068 0.19733238203520895
wire P 15 -0.33144885379152356 0.08919301792302504 0.09490957743046634 -0.32212779840687517 0.07586459542533293 0.08856060988677882 -0.32094533809916775 0.06391952176563608 0.08072891249166426 -0.3125264028864716 0.05167217947733706 0.0748512879188853 -0.29787173793591987 0.04215223159872643 0.07270480613228222 -0.2853581321541459 0.05468364540596003 0.08502862803520453 -0.2650791416205747 0.046296684223722365 0.08533819334655368 -0.25612527399541646 0.05771741635870484 0.09583784530175776 -0.2563878984085467 0.0718834683549615 0.10546608245299352 -0.259762199069176 0.08510713101941544 0.11351927933802144 -0.27029743869420747 0.0956937519241548 0.11762692787463674 -0.28367761774960426 0.10131200985624354 0.11748057449009544 -0.2974612686608175 0.10979337696272405 0.11917554427993168 -0.3098927582845609 0.10348780510205279 0.11114223374598185 -0.3197665088637783 0.09693568474253757 0.10370386101023749
wire C -0.2934789674776231 0.07704863831390601 0.09792796048755469 0.00625
prism 0.01546041328694988 0.03547127660296328 -0.051767281895520406
end
case corpus_8
plane -0.2070771494422596 -0.14935358082515204 -0.03639146893162624 0.35833097204912795 0.14141763131836219 0.9228217422788818 0.933594619987887 -0.054278716061850696 -0.35419614130076277
wire P 16 -0.15781437665411946 -0.15221769336322732 -0.05508125533116852 -0.1393759707462443 -0.12359890776150104 -0.06662655416287908 -0.15311923250354814 -0.09536170734492985 -0.06561726027222273 -0.18406674937784429 -0.0918746479630077 -0.05413473700630127 -0.2070771494422596 -0.08087695629779525 -0.04688515541263805 -0.2379587698626552 -0.06862181410334289 -0.03677188276689777 -0.2594116451208224 -0.09090074836168092 -0.02502761704461906 -0.2599699704752545 -0.12308193400428076 -0.019879220451975158 -0.2822380109647805 -0.14498376658864978 -0.00787621556773764 -0.2719106342336443 -0.17401733464067579 -0.007437084735328253 -0.2490068271207949 -0.1913096454904615 -0.013680658723677502 -0.22614206660158906 -0.19697687682851447 -0.021690553909180284 -0.2070771494422596 -0.2120250493696 -0.026787392405522154 -0.18109160823056217 -0.2172858532475277 -0.036071367225194426 -0.15052664381550895 -0.2125153097816623 -0.04867078034459539 -0.152880317097772 -0.17627292470503608 -0.05331080779471917
prism 0.03624864723901563 0.014305762635370707 0.09335235413525676
transform 0.999870392478366 0.004265568489129182 -0.015524276814812535 0.0 -0.003747443843432176 0.9994399562241865 0.03325252723082261 0.0 0.015657423472548098 -0.03319004109760675 0.9993264062668116 0.0
transform 1.0 0.0 0.0 1.25 0.0 1.0 0.0 -2.5 0.0 0.0 1.0 1.875
end
case corpus_8_alternate
plane -0.17082850220324397 -0.13504781818978134 0.056960885203630525 0.35833097204912795 0.14141763131836219 0.9228217422788818 0.933594619987887 -0.054278716061850696 -0.35419614130076277
wire P 16 -0.2459893637257649 -0.13067800395327908 0.08547613856751912 -0.2356619869946287 -0.15971157200530509 0.08591526939992851 -0.21275817988177925 -0.1770038828550908 0.07967169541157926 -0.18989341936257342 -0.18267111419314377 0.07166180022607647 -0.17082850220324397 -0.1977192867342293 0.06656496172973461 -0.14484296099154653 -0.202980090612157 0.05728098691006234 -0.11427799657649333 -0.1982095471462916 0.04468157379066137 -0.11663166985875638 -0.16196716206966538 0.040041546340537595 -0.12156572941510384 -0.13791193072785662 0.038271098804088244 -0.10312732350722868 -0.10929314512613034 0.026725799972377694 -0.11687058526453252 -0.08105594470955915 0.027735093863034042 -0.14781810213882868 -0.077568885327637 0.039217617128955495 -0.17082850220324397 -0.06657119366242453 0.046467198722618716 -0.20171012262363958 -0.054316051467972186 0.05658047136835899 -0.2231629978818067 -0.07659498572631021 0.0683247370906377 -0.2237213232362389 -0.10877617136891005 0.07347313368328161
prism -0.03624864723901563 -0.014305762635370707 -0.09335235413525676
end
case corpus_9
plane 0.517324390788538 -0.5100398407902837 0.3308940491413751 -0.19729754931666071 0.6497166345821704 0.7341266728439025 0.9803436525186665 0.13075771891213403 0.14774553093496776
wire P 17 0.6646619493969037 -0.4903880349931875 0.35309898285755525 0.6583591362039685 -0.44949351328812803 0.3152126321218156 0.6208730193441245 -0.42412235883327876 0.2826842130341307 0.564927349002803 -0.4306657590276046 0.2734397761388623 0.5268446508515404 -0.4302909816262279 0.2628733134077097 0.4892614578218397 -0.4384425047295958 0.25998703805333834 0.44585289964687763 -0.4472781566718815 0.25614065539560205 0.3780958318106496 -0.4627601587363686 0.2516327287972977 0.36105038954545515 -0.5085691633017448 0.28759361847804554 0.3813153067715885 -0.5476014470364206 0.32758418634590647 0.3810776069794182 -0.5926520102548891 0.3673909442459564 0.43724097992169925 -0.6017269271596796 0.390516408748692 0.4822199722249645 -0.6089666308315164 0.40901185559658526 0.5298354906720416 -0.6115047761205603 0.42405490024111203 0.5867450001916723 -0.6072745223924881 0.4356055506384824 0.5975717955563917 -0.5552168677141194 0.39244321206452903 0.6403297353643949 -0.5300333564186734 0.38164656107623807
wire C 0.517324390788538 -0.5100398407902837 0.3308940491413751 0.025
prism -0.06444695667088376 0.21222899089367284 0.239801406756327
transform 0.9970275327575748 -0.07393389870860032 0.021676658992786705 0.0 0.07529614090237832 0.9946460330339515 -0.070779659048575 0.0 -0.016327586733878397 0.07220143760043676 0.9972564175375749 0.0
transform 1.0 0.0 0.0 2.5 0.0 1.0 0.0 -5.0 0.0 0.0 1.0 3.75
end
case corpus_9_alternate
plane 0.4528774341176542 -0.29781084989661083 0.5706954558977021 -0.19729754931666071 0.6497166345821704 0.7341266728439025 0.9803436525186665 0.13075771891213403 0.14774553093496776
wire P 17 0.31686835010070474 -0.33537245614274774 0.5673855931022335 0.3166306503085345 -0.3804230193612163 0.6071923510022834 0.3727940232508155 -0.3894979362660067 0.630317815505019 0.41777301555408075 -0.3967376399378435 0.6488132623529123 0.46538853400115787 -0.39927578522688745 0.663856306997439 0.5222980435207885 -0.39504553149881527 0.6754069573948094 0.5331248388855079 -0.34298787682044646 0.632244618820856 0.575882778693511 -0.31780436552500063 0.6214479678325651 0.6002149927260199 -0.27815904409951464 0.5929003896138823 0.5939121795330846 -0.23726452239445517 0.5550140388781426 0.5564260626732407 -0.2118933679396059 0.5224856197904577 0.5004803923319191 -0.21843676813393176 0.5132411828951893 0.4623976941806566 -0.21806199073255506 0.5026747201640367 0.424814501150956 -0.22621351383592292 0.4997884448096654 0.3814059429759939 -0.2350491657782086 0.49594206215192904 0.31364887513976586 -0.25053116784269575 0.49143413555362475 0.2966034328745714 -0.29634017240807203 0.5273950252343725
wire C 0.4528774341176542 -0.29781084989661083 0.5706954558977021 0.025
prism 0.06444695667088376 -0.21222899089367284 -0.239801406756327
end
case corpus_10
plane 0.0026406125533275406 -0.5084755341469521 1.35857472379966 0.18391230239734363 0.6867406893586189 0.7032520818356366 0.9829426560216563 -0.12849178999013744 -0.13158113420328307
wire P 18 0.24043380081590832 -0.5395602288848795 1.3267426558496902 0.3060143386815293 -0.467762180724144 1.239479908415446 0.1546456078332736 -0.43550780400076317 1.247568300959656 0.16701186382855204 -0.32273787534702425 1.134212070365021 0.045342478155916466 -0.3377858284981563 1.1807253184813833 -0.03671908347628715 -0.340854969119156 1.2051828848763648 -0.14432977603548425 -0.30397625906285247 1.1973120506782777 -0.20467763994772975 -0.3547535724705566 1.2626791686685406 -0.252187842808743 -0.4076539093719638 1.326762199192782 -0.3125749463807195 -0.4672700669184702 1.4007708992418109 -0.2380793040749053 -0.5407806225495404 1.4530736588129967 -0.22328880509178278 -0.6169295803343996 1.5235667783102373 -0.1636994545523172 -0.6964379326146347 1.5856247616790247 -0.043262661040441144 -0.6919620434005781 1.5497577036439631 0.05610974572471626 -0.7361837539205796 1.566953585684742 0.1491710623058568 -0.7123626643359818 1.5193546757863292 0.25024385730265536 -0.6920679387767049 1.4731041987545104 0.2549706955035317 -0.6083086901675405 1.3900753541413675
prism 0.060146814183164816 0.22459217842660187 0.22999207632508437
transform 0.9990927092196503 0.004075429551932216 -0.042392797243239536 0.0 -0.0023850791605724204 0.9992029086524619 0.039847945214999604 0.0 0.042521403804872 -0.039710681364426924 0.9983060612878376 0.0
transform 1.0 0.0 0.0 5.0 0.0 1.0 0.0 -10.0 0.0 0.0 1.0 7.5
end
case corpus_10_alternate
plane 0.06278742673649235 -0.2838833557203503 1.5885668001247444 0.18391230239734363 0.6867406893586189 0.7032520818356366 0.9829426560216563 -0.12849178999013744 -0.13158113420328307
wire P 18 -0.1779324898917405 -0.31618844412293856 1.683065735138081 -0.16314199090861797 -0.39233740190779776 1.7535588546353218 -0.10355264036915238 -0.4718457541880329 1.8156168380041091 0.016884153142723672 -0.46736986497397626 1.7797497799690476 0.11625655990788109 -0.5115915754939777 1.7969456620098265 0.20931787648902161 -0.48777048590938 1.7493467521114137 0.31039067148582017 -0.4674757603501031 1.7030962750795948 0.3151175096866965 -0.3837165117409387 1.620067430466452 0.3005806149990731 -0.3149680504582777 1.5567347321747746 0.3661611528646941 -0.2431700022975421 1.4694719847405304 0.21479242201643842 -0.21091562557416133 1.4775603772847405 0.22715867801171685 -0.09814569692042234 1.3642041466901054 0.10548929233908128 -0.1131936500715544 1.4107173948064677 0.02342773070687766 -0.11626279069255417 1.4351749612014493 -0.08418296185231944 -0.07938408063625059 1.4273041270033622 -0.14453082576456494 -0.13016139404395477 1.492671244993625 -0.1920410286255782 -0.18306173094536193 1.5567542755178665 -0.25242813219755467 -0.24267788849186828 1.6307629755668953
prism -0.060146814183164816 -0.22459217842660187 -0.22999207632508437
end
case corpus_11
plane -4.672677216342388 2.831232541206224 -1.0304873836622557 -0.1459936198104208 0.4144357055374136 0.8982922180172533 0.9892855315704614 0.061160268597118594 0.13256529926974858
wire P 19 -4.002243226460699 2.872680557566788 -0.9406485255439232 -4.035613223440173 3.071356524899594 -1.037732992711511 -4.225836318397814 3.178078618654086 -1.1178859796592369 -4.408739175814964 3.2183518162663116 -1.1661924220666402 -4.520302518825845 3.3929393321600045 -1.2648717102022913 -4.728079086997663 3.44148670169439 -1.3210380841641214 -4.855633781387934 3.2027582561491186 -1.231629071603785 -5.037656452265069 3.172573609740523 -1.2472860628323341 -5.0574658621778745 2.998575545633624 -1.170229887110818 -5.186530498702852 2.878168069935967 -1.1356547866657831 -5.1822551947436475 2.721680582246408 -1.0627629501833076 -5.238523866181575 2.515183856758442 -0.9766386940204443 -4.962742028214091 2.524088845373943 -0.9359260586111131 -4.865282871706957 2.4162978490472415 -0.8703562457217255 -4.707092008008243 2.4478967954297794 -0.8592249846760753 -4.510207077542248 2.2523990728804533 -0.7370318073792497 -4.338471577702098 2.3823743871913723 -0.7690861024513285 -4.272547371657222 2.5701186247824404 -0.8449894674426406 -4.18110443275621 2.7067282002037656 -0.8931539725433744
wire C -4.672677216342388 2.831232541206224 -1.0304873836622557 0.1
prism -0.11464402359140723 0.3254428300664778 0.7053995535426588
transform 0.6421175546899979 0.012959038509908094 0.7664966466200854 0.0 -0.5209457788417953 -0.7261498834917032 0.4486890261772636 0.0 0.5624060290091605 -0.6874142928583058 -0.45952263111653446 0.0
transform 1.0 0.0 0.0 10.0 0.0 1.0 0.0 -20.0 0.0 0.0 1.0 15.0
end
case corpus_11_alternate
plane -4.787321239933795 3.1566753712727014 -0.32508783011959674 -0.1459936198104208 0.4144357055374136 0.8982922180172533 0.9892855315704614 0.061160268597118594 0.13256529926974858
wire P 19 -5.353167889772982 2.8406266868249195 -0.2712391404777854 -5.077386051805498 2.8495316754404207 -0.23052650506845418 -4.979926895298364 2.741740679113719 -0.16495669217906672 -4.8217360315996505 2.773339625496257 -0.1538254311334165 -4.624851101133655 2.577841902946931 -0.03163225383659074 -4.453115601293505 2.70781721725785 -0.06368654890866965 -4.387191395248629 2.895561454848918 -0.13958991389998165 -4.295748456347617 3.032171030270243 -0.18775441900071543 -4.116887250052106 3.1981233876332658 -0.23524897200126438 -4.15025724703158 3.3967993549660718 -0.33233343916885216 -4.340480341989221 3.5035214487205635 -0.41248642611657804 -4.523383199406371 3.543794646332789 -0.4607928685239814 -4.634946542417253 3.718382162226482 -0.5594721566596323 -4.842723110589071 3.7669295317608675 -0.6156385306214625 -4.970277804979341 3.528201086215596 -0.5262295180611261 -5.152300475856476 3.4980164398070004 -0.5418865092896752 -5.172109885769282 3.3240183757001014 -0.46483033356815917 -5.301174522294259 3.2036109000024444 -0.4302552331231242 -5.296899218335055 3.0471234123128856 -0.35736339664064876
wire C -4.787321239933795 3.1566753712727014 -0.32508783011959674 0.1
prism 0.11464402359140723 -0.3254428300664778 -0.7053995535426588
end
case corpus_12
plane 0.3220768729180883 -4.231695043255863 4.621795007254134 0.5050885568722091 0.07334319774388466 0.8599455361018223 0.8630675232661401 -0.0429222614757437 -0.5032614924202513
wire P 20 1.249865656059032 -4.277836036481439 4.080794036800171 1.2931384630923213 -3.9157341878945626 4.024494765383458 1.1105025421546106 -3.6095980879662486 4.1056560835086175 0.951006487282243 -3.2636120979862526 4.169827488540534 0.5792229511832063 -3.3308221163384704 4.393926573067519 0.3220768729180884 -2.8637345715979294 4.505124135476104 0.1071698733517139 -3.45742482465258 4.681984415012588 -0.13569852545000544 -3.481529680231797 4.826688900385048 -0.48994004946613257 -3.5102169146207056 5.037199154877019 -0.7987720033795092 -3.755512289517165 5.239512238439818 -0.5664228692018096 -4.187507981149667 5.13988622744292 -0.376486779953357 -4.4589914078932225 5.051481695559159 -0.5175803934079091 -4.8942156197028766 5.17147243997429 -0.23571735839017416 -5.090282506727796 5.0226425248766455 0.024666193522479007 -5.273628993994079 4.885343672983281 0.32207687291808806 -5.437598447002066 4.724644325132922 0.6685332627240028 -5.479913413121849 4.524762314235172 0.7712329926854806 -4.967735828411501 4.420758983189083 1.2244405913729535 -5.03344642182015 4.160172076773881 1.220072279738577 -4.613200467142239 4.126895785736484
prism 0.8853821923106289 0.1285651007650566 1.5074197458292549
transform 0.30842399972888856 0.7783280689234322 0.5468821203121892 0.0 0.517116258767348 -0.6197266019105903 0.5903640519228912 0.0 0.7984143105616883 0.10071919385238276 -0.5936246563949564 0.0
transform 1.0 0.0 0.0 20.0 0.0 1.0 0.0 -40.0 0.0 0.0 1.0 30.0
end
case corpus_12_alternate
plane 1.2074590652287172 -4.103129942490806 6.129214753083389 0.5050885568722091 0.07334319774388466 0.8599455361018223 0.8630675232661401 -0.0429222614757437 -0.5032614924202513
wire P 20 0.36780179890271986 -4.76565051893782 6.678892185803545 0.6496648339204547 -4.961717405962739 6.5300622707059 0.9100483858331079 -5.145063893229022 6.392763418812536 1.207459065228717 -5.309033346237009 6.232064070962177 1.5539154550346317 -5.351348312356793 6.032182060064427 1.6566151849961095 -4.839170727646445 5.928178729018338 2.1098227836835823 -4.904881321055093 5.667591822603136 2.105454472049206 -4.484635366377182 5.634315531565739 2.135247848369661 -4.149270935716382 5.588213782629426 2.1785206554029504 -3.7871690871295063 5.531914511212713 1.9958847344652395 -3.4810329872011923 5.613075829337872 1.8363886795928719 -3.1350469972211963 5.677247234369789 1.4646051434938352 -3.202257015573414 5.901346318896774 1.2074590652287174 -2.735169470832873 6.012543881305358 0.9925520656623428 -3.3288597238875237 6.189404160841843 0.7496836668606235 -3.352964579466741 6.334108646214303 0.39544214284449636 -3.3816518138556493 6.544618900706274 0.08661018893111977 -3.6269471887521085 6.7469319842690725 0.3189593231088193 -4.058942880384611 6.647305973272175 0.508895412357272 -4.330426307128166 6.5589014413884135
prism -0.8853821923106289 -0.1285651007650566 -1.5074197458292549
end
case corpus_13
plane -11.7544004685345 -9.630463394606107 14.206779971204494 -0.1960210516349512 -0.5377789637391623 0.8199814226405135 0.9805996875973028 -0.1075015619040208 0.16391359575175024
wire P 8 -9.149758051441275 -9.91600614113202 14.642162839089526 -10.549597079302579 -8.735150833099992 15.081979175851146 -11.7544004685345 -7.709801837415501 15.466432145510446 -13.238651350098195 -8.202055969351203 14.788772481132254 -13.801648577257366 -9.406026886950253 13.864569175972687 -13.600011392971773 -11.001972355379388 12.866082204588455 -11.7544004685345 -11.45190523446929 13.012200340365453 -10.61179297055281 -10.730081427205496 13.75874991518589
wire C -11.7544004685345 -9.630463394606107 14.206779971204494 0.4
prism -0.7819063504893654 -2.1451409601164793 3.270815436904854
transform 0.6384320481696281 0.6916720288242435 -0.3376304553977443 0.0 0.3227754562338349 -0.638828299884606 -0.6983655261534489 0.0 -0.6987277901464726 0.3368801089537621 -0.6311032145919779 0.0
transform 1.0 0.0 0.0 40.0 0.0 1.0 0.0 -80.0 0.0 0.0 1.0 60.0
end
case corpus_13_alternate
plane -12.536306819023865 -11.775604354722587 17.477595408109348 -0.1960210516349512 -0.5377789637391623 0.8199814226405135 0.9805996875973028 -0.1075015619040208 0.16391359575175024
wire P 8 -12.536306819023865 -13.59704619458577 16.283015777270307 -11.393699321042174 -12.875222387321976 17.029565352090742 -9.93166440193064 -12.0611471012485 17.91297827599438 -11.331503429791944 -10.880291793216472 18.352794612756 -12.536306819023865 -9.854942797531981 18.7372475824153 -14.02055770058756 -10.347196929467684 18.059587918037106 -14.58355492774673 -11.551167847066733 17.13538461287754 -14.381917743461138 -13.147113315495869 16.13689764149331
wire C -12.536306819023865 -11.775604354722587 17.477595408109348 0.4
prism 0.7819063504893654 2.1451409601164793 -3.270815436904854
end
case corpus_14
plane 24.154309679925046 -40.945616090495044 -35.96624978651607 -0.34919285178117104 0.3309337938016255 0.8766682248062811 0.9370508802967602 0.12332277535639724 0.32669120100404064
wire P 9 28.870966616219324 -40.324869409585254 -34.321845676086106 26.521850082837258 -38.65058682216251 -35.889566908726295 24.754502395261643 -37.46817644854535 -37.039882046597015 22.04918808533305 -37.58228543314251 -38.07438275508247 19.2471341766959 -39.808210451142514 -38.350226429387334 20.555579418491213 -42.726983471397695 -36.727240316784375 22.526426237895187 -43.97495118956852 -35.4711205195246 24.83696170836989 -44.72113038299965 -34.2691168976328 27.764167687223736 -43.49474662065251 -33.566105707153284
prism -3.8000715242338585 3.6013683551011524 9.540292535468875
transform -0.0659543046844584 0.06961412150114837 -0.9953913319801478 0.0 0.8525915367792488 0.5221961265394875 -0.019971901250368518 0.0 0.5183991715907621 -0.8499794582898924 -0.09379349326703079 0.0
transform 1.0 0.0 0.0 80.0 0.0 1.0 0.0 -160.0 0.0 0.0 1.0 120.0
end
case corpus_14_alternate
plane 20.35423815569119 -37.34424773539389 -26.4259572510472 -0.34919285178117104 0.3309337938016255 0.8766682248062811 0.9370508802967602 0.12332277535639724 0.32669120100404064
wire P 9 18.72635471366133 -40.37358283446737 -25.93082798405572 21.036890184136034 -41.119762027898496 -24.72882436216392 23.96409616298988 -39.89337826555136 -24.025813171684405 25.070895091985467 -36.7235010544841 -24.78155314061723 22.7217785586034 -35.04921846706136 -26.349274373257423 20.954430871027785 -33.8668080934442 -27.499589511128136 18.249116561099193 -33.98091707804136 -28.53409021961359 15.447062652462042 -36.20684209604136 -28.809933893918462 16.755507894257356 -39.125615116296544 -27.186947781315496
prism 3.8000715242338585 -3.6013683551011524 -9.540292535468875
end
case corpus_15
plane 2.9443416486368172 -53.537225775915694 23.806765326576002 -0.41964873036661937 0.5678483954419135 0.708126502043052 0.907686588587539 0.26253209112490833 0.3273865574941928
wire P 10 12.430941176561866 -50.79339674611116 27.228414605989023 8.870667359293178 -48.122427804428916 22.976674547825336 5.811815431343371 -45.12274081377312 18.75848646448497 0.09043198644144068 -46.81342869803944 16.7236566817234 -1.907699930383941 -51.910717931935814 19.62705598204447 -2.9177323482801714 -55.232725702971344 21.692418535781936 -5.2713555561940755 -61.04378932490783 24.95752463743784 -0.14469515119872378 -62.601878382848064 29.245112932360176 5.586459402082748 -59.76204216213547 30.364228356346647 10.715590540921045 -56.14231418560144 30.501176552193773
wire C 2.9443416486368172 -53.537225775915694 23.806765326576002 1.6
prism -7.4659782344840515 10.102601185406206 12.598291544683038
transform 0.09795320554918852 0.3159360044379156 0.9437105544723147 0.0 -0.1712417863812125 -0.9287764210289214 0.3287105266608887 0.0 0.9803476016799395 -0.19380093095883982 -0.03687518189619443 0.0
transform 1.0 0.0 0.0 160.0 0.0 1.0 0.0 -320.0 0.0 0.0 1.0 240.0
end
case corpus_15_alternate
plane -4.521636585847235 -43.434624590509486 36.40505687125904 -0.41964873036661937 0.5678483954419135 0.708126502043052 0.907686588587539 0.26253209112490833 0.3273865574941928
wire P 10 -12.737333790678127 -50.94118813950162 37.55581618212088 -7.610673385682776 -52.499277197441856 41.843404477043215 -1.879518832401304 -49.659440976729265 42.96251990102969 3.249612306436994 -46.039713000195235 43.09946809687681 4.964962942077815 -40.690795560704956 39.82670615067206 1.404689124809126 -38.01982661902271 35.574966092508376 -1.6541628031406814 -35.02013962836691 31.35677800916801 -7.375546248042611 -36.71082751263323 29.32194822640644 -9.373678164867993 -41.808116746529606 32.22534752672751 -10.383710582764223 -45.130124517565136 34.290710080464976
wire C -4.521636585847235 -43.434624590509486 36.40505687125904 1.6
prism 7.4659782344840515 -10.102601185406206 -12.598291544683038
end
case corpus_16
plane 150.8389705447523 1.406425477975855 -165.9046408595965 -0.789087775302621 0.33737122826659577 0.5133430989171365 0.6142804594547676 0.43337779652032615 0.6594264194094943
wire P 11 161.48710758319362 8.918736989336843 -154.47392908524938 161.3531532318091 18.01669212988315 -160.65905176110545 154.36022090288338 14.380184029022995 -169.0183424942177 149.5655030354953 12.557483741937734 -175.19067952816042 144.15615129607326 7.183778645655238 -179.97406873977027 138.5076376913109 -2.367556829929482 -182.37953061462355 138.9080031496427 -11.77683224833734 -175.58029185755706 144.13900602464767 -13.839463825104023 -166.18386093264627 149.4676611597938 -12.536311196719145 -158.84933080838317 156.02416922177193 -10.381649537015743 -150.18701603464405 157.92341621211128 0.21066507101922838 -154.22889292267212
prism -24.197963558220035 10.345739653685778 15.742047956194401
transform 0.372910566462459 -0.9065359732596204 0.19781364615941066 0.0 -0.9247730230744244 -0.38051888021453795 -0.00048743621552289895 0.0 0.07571370559177482 -0.18275095344896775 -0.9802395236874788 0.0
transform 1.0 0.0 0.0 320.0 0.0 1.0 0.0 -640.0 0.0 0.0 1.0 480.0
end
case corpus_16_alternate
plane 126.64100698653226 11.75216513166163 -150.1625929034021 -0.789087775302621 0.33737122826659577 0.5133430989171365 0.6142804594547676 0.43337779652032615 0.6594264194094943
wire P 11 114.71003959142267 -1.431092594651564 -159.83824390136266 119.94104246642763 -3.493724171418245 -150.44181297645187 125.26969760157377 -2.1905715430333688 -143.10728285218877 131.8262056635519 -0.035909883329966696 -134.44496807844965 133.72545265389124 10.556404724705004 -138.48684496647772 137.28914402497358 19.26447664302262 -138.73188112905498 137.15518967358906 28.362431783568926 -144.91700380491105 130.16225734466335 24.72592368270877 -153.2762945380233 125.36753947727527 22.90322339562351 -159.44863157196602 119.95818773785322 17.529518299341014 -164.23202078357588 114.30967413309085 7.978182823756295 -166.63748265842915
prism 24.197963558220035 -10.345739653685778 -15.742047956194401
end
case corpus_17
plane 167.10124432337886 -95.78143605558351 -335.6723289686852 0.180384203343658 0.5437633727988826 0.8196236536279667 0.983596227719522 -0.09972214212045233 -0.1503128576896683
wire P 12 203.77287789882746 -99.49939852040383 -341.2764761619437 195.39114789335773 -84.81230659250889 -349.1756759043903 183.66559034584625 -73.154693039649 -354.32911173878136 167.10124432337886 -67.88172552925127 -354.1818493183713 150.8615137611344 -70.30517670312229 -348.99998954004 137.68262922679799 -78.40943304108572 -340.72294638979275 140.279632194318 -93.06212040424639 -331.57345887001634 131.22499795953627 -109.69209467768512 -318.54786616507596 152.845857123657 -115.25416273753324 -319.61617668062735 167.10124432337886 -120.13719598474908 -319.51397371924725 181.2025260098943 -117.90297976413429 -324.0996556894947 191.29346485162796 -110.06719786199103 -331.5189842223701
wire C 167.10124432337886 -95.78143605558351 -335.6723289686852 6.4
prism 15.429541059959625 46.51194024744113 70.10822778795982
transform -0.5398510344092572 0.8209096096872067 -0.186194181892058 0.0 0.1632727031114204 0.31911404148855216 0.9335460636431029 0.0 0.8257741126155171 0.4735753807452835 -0.3063061763758849 0.0
transform 1.0 0.0 0.0 640.0 0.0 1.0 0.0 -1280.0 0.0 0.0 1.0 960.0
end
case corpus_17_alternate
plane 182.5307853833385 -49.26949580814238 -265.56410118072534 0.180384203343658 0.5437633727988826 0.8196236536279667 0.983596227719522 -0.09972214212045233 -0.1503128576896683
wire P 12 155.70917325427763 -46.550180156805254 -261.4652310820565 146.6545390194959 -63.18015443024399 -248.43963837711615 168.27539818361663 -68.7422224900921 -249.50794889266754 182.5307853833385 -73.62525573730795 -249.40574593128744 196.63206706985395 -71.39103951669316 -253.99142790153488 206.7230059115876 -63.5552576145499 -261.41075643441025 219.2024189587871 -52.9874582729627 -271.1682483739839 210.82068895331736 -38.30036634506777 -279.06744811643046 199.0951314058059 -26.64275279220787 -284.22088395082153 182.5307853833385 -21.36978528181014 -284.07362153041146 166.29105482109404 -23.793236455681157 -278.8917617520802 153.11217028675762 -31.8974927936446 -270.6147186018329
wire C 182.5307853833385 -49.26949580814238 -265.56410118072534 6.4
prism -15.429541059959625 -46.51194024744113 -70.10822778795982
end
case corpus_18
plane -679.3365032688879 -308.2658537378252 454.97333593920655 0.5521870776557802 -0.20228917639412225 0.8088068498620403 0.833720235612624 0.13397955858944208 -0.5356865189737455
wire P 13 -614.4642521596526 -297.84082721567034 413.2912597579063 -617.9278509693847 -260.89486039033204 424.89640838727473 -650.3432666085143 -254.73076618505604 448.56868957039694 -672.5736506214424 -242.3698459009948 466.8373419309959 -694.6262041937515 -263.8116114043872 476.53025937990344 -730.476244614855 -263.7661071205285 501.0171119349394 -728.6593182247819 -302.04619443810066 490.2025019808956 -732.0143151649479 -331.8393210262546 485.0415156656818 -721.8921998813198 -358.97358384707377 471.34446433861115 -698.6424486976674 -370.60214310620916 452.5630410110307 -672.2803474856925 -374.75189345507243 433.527270960313 -653.4867320883 -347.68847155428494 427.46531161984484 -639.3458851638873 -326.26179689214723 423.1700851772237
prism 74.02792284808882 -27.119518273918363 108.43117034679508
transform -0.6862091692287084 0.5455468645467894 0.4811398909356952 0.0 0.5889984702063416 0.028583928002336334 0.8076284796579095 0.0 0.4268463167945052 0.8375927277878695 -0.34094082213170185 0.0
transform 1.0 0.0 0.0 1280.0 0.0 1.0 0.0 -2560.0 0.0 0.0 1.0 1920.0
end
case corpus_18_alternate
plane -605.3085804207991 -335.3853720117435 563.4045062860016 0.5521870776557802 -0.20228917639412225 0.8088068498620403 0.833720235612624 0.13397955858944208 -0.5356865189737455
wire P 13 -654.6313953766931 -329.165712712019 598.6336723276906 -657.9863923168591 -358.95883930017294 593.4726860124769 -647.864277033231 -386.0931021209921 579.7756346854062 -624.6145258495786 -397.7216613801275 560.9942113578257 -598.2524246376037 -401.8714117289908 541.958441307108 -579.4588092402112 -374.8079898282033 535.89648196664 -565.3179623157985 -353.3813151660656 531.6012555240188 -540.4363293115638 -324.9603454895887 521.7224301047014 -543.8999281212959 -288.0143786642504 533.3275787340698 -576.3153437604255 -281.8502844589744 556.999859917192 -598.5457277733536 -269.48936417491313 575.2685122777909 -620.5982813456627 -290.9311296783055 584.9614297266985 -656.4483217667662 -290.88562539444683 609.4482822817345
prism -74.02792284808882 27.119518273918363 -108.43117034679508
end
case corpus_19
plane -523.9300734073094 1091.1791611965523 -1042.2175828118147 -0.4670945629165114 0.35540167611445955 0.8096371520062958 0.8842073678124568 0.18774576712155328 0.42770183262888456
wire P 14 -393.1172686405526 1118.95494239256 -978.9418418863745 -410.93800480495446 1171.5209986798886 -1012.297566007833 -463.8036984179867 1182.0243469608063 -1047.4073501436883 -502.7385033841326 1191.8282942125613 -1074.1731364468649 -549.6321156728387 1202.3359869155454 -1105.8394240804964 -614.3120245251066 1189.3556089654273 -1137.4565325732644 -615.8151159609089 1117.4927455895963 -1106.778473648503 -636.0229251611942 1067.378230320528 -1096.4382553202834 -664.7177955900609 991.0735127632782 -1079.4978190762424 -606.8798813582549 965.849957269806 -1035.0578263228288 -545.0296085438129 990.967146881081 -1010.4008119924863 -496.9502493456815 974.4961532797215 -975.4327699096908 -447.0240350007313 1007.6407824676628 -961.1787223139917 -418.3372897365005 1060.9400216456568 -968.0252660836978
wire C -523.9300734073094 1091.1791611965523 -1042.2175828118147 25.6
prism -98.42443524118579 74.8889240690838 170.6037401483203
transform 0.1924033592087125 0.912893902956796 -0.3600078739548778 0.0 -0.32990216964091207 -0.28533686296244953 -0.899859674116452 0.0 -0.9241999274136643 0.2919034028219887 0.246265908297356 0.0
transform 1.0 0.0 0.0 2560.0 0.0 1.0 0.0 -5120.0 0.0 0.0 1.0 3840.0
end
case corpus_19_alternate
plane -622.3545086484951 1166.0680852656362 -871.6138426634943 -0.4670945629165114 0.35540167611445955 0.8096371520062958 0.8842073678124568 0.18774576712155328 0.42770183262888456
wire P 14 -714.2395512020946 1192.3816696586803 -936.1747335001827 -734.4473604023799 1142.267154389612 -925.8345151719631 -763.1422308312467 1065.962436832362 -908.8940789279221 -705.3043165994407 1040.73888133889 -864.4540861745085 -643.4540437849987 1065.8560709501648 -839.797071844166 -595.3746845868673 1049.3850773488055 -804.8290297613705 -545.4484702419171 1082.5297065367467 -790.5749821656714 -516.7617249776863 1135.8289457147407 -797.4215259353775 -491.5417038817384 1193.843866461644 -808.3381017380542 -509.36244004614025 1246.4099227489726 -841.6938258595127 -562.2281336591725 1256.9132710298902 -876.8036099953679 -601.1629386253185 1266.7172182816453 -903.5693962985445 -648.0565509140245 1277.2249109846293 -935.2356839321761 -712.7364597662925 1264.2445330345113 -966.8527924249441
wire C -622.3545086484951 1166.0680852656362 -871.6138426634943 25.6
prism 98.42443524118579 -74.8889240690838 -170.6037401483203
end
case corpus_20
plane -244.08591604088568 1362.536401583001 1189.624699518782 -0.6780142350550864 0.07352770403073292 0.7313619991513335 0.7350487718938561 0.06782247914693898 0.6746135295557724
wire P 15 -43.06983960545719 1381.0840261400965 1374.1133620495175 -71.02362020146879 1482.805077300707 1337.9720578228735 -118.54370971139352 1562.855080003018 1285.8703761804136 -182.24879218835113 1625.858363364231 1220.4780812673894 -268.2039594612821 1670.9256946858611 1136.2618867454812 -348.763479330069 1598.3003329060375 1068.8800359091601 -380.3732598358247 1483.9957704885312 1051.06761315519 -404.298818337062 1393.8505982171105 1037.95003019348 -442.4796524440501 1287.1482956924901 1013.2815708910799 -398.7454720038187 1196.1630290761607 1062.9728792910773 -346.8794782874252 1112.046389378155 1119.5123023001347 -262.2359617145802 1127.1084982028372 1196.467390104914 -181.3175285982476 1106.832023712538 1273.5218887139881 -115.43343860632123 1180.9962503329066 1327.144069821392 -81.82212432139713 1279.7160381392553 1348.3788485251093
prism -242.86408498615612 26.33755699702383 261.97320577362706
transform 0.2849784571569033 -0.17116672504024183 0.9431273674300142 0.0 0.9570855275501557 -0.0032575256613615045 -0.2897873038637226 0.0 0.05267420536193018 0.9852366927624872 0.16289287069704833 0.0
transform 1.0 0.0 0.0 5120.0 0.0 1.0 0.0 -10240.0 0.0 0.0 1.0 7680.0
end
case corpus_20_alternate
plane -486.9500010270418 1388.8739585800247 1451.597905292409 -0.6780142350550864 0.07352770403073292 0.7313619991513335 0.7350487718938561 0.06782247914693898 0.6746135295557724
wire P 15 -623.2373448219809 1510.333327485555 1313.0408189288169 -647.1629033232182 1420.1881552141342 1299.923235967107 -685.3437374302063 1313.4858526895139 1275.254776664707 -641.6095569899749 1222.5005860731844 1324.9460850647042 -589.7435632735812 1138.3839463751788 1381.4855080737616 -505.10004670073636 1153.446055199861 1458.4405958785412 -424.18161358440375 1133.1695807095618 1535.4950944876152 -358.2975235924773 1207.3338073299303 1589.117275595019 -324.6862093075532 1306.053595136279 1610.3520542987364 -285.9339245916133 1407.4215831371203 1636.0865678231446 -313.8877051876249 1509.1426342977306 1599.9452635965006 -361.40779469754966 1589.1926370000417 1547.8435819540407 -425.1128771745073 1652.1959203612548 1482.4512870410163 -511.0680444474382 1697.2632516828849 1398.2350925191083 -591.6275643162252 1624.6378899030613 1330.8532416827873
prism 242.86408498615612 -26.33755699702383 -261.97320577362706
end
case corpus_21
plane -1965.2140904355624 -4513.157748891061 -1951.897969849203 -0.7052748659498823 0.015122437072558491 0.7087726542103343 0.7089339626928418 0.015044384019453764 0.7051143900461113
wire P 16 -1581.4635658890404 -4505.014126829261 -1570.2150046013762 -1579.1933678242062 -4279.474374431707 -1572.768146383 -1725.3446452696505 -4169.792122576689 -1720.5383586481485 -1791.7573370826228 -3918.9191667785703 -1791.9759522153558 -1965.2140904355624 -4019.3940267842254 -1962.4329570159862 -2108.740214451988 -4027.548892401013 -2105.076787634009 -2198.0305925688604 -4189.769451758834 -2190.465365899146 -2396.7111365803307 -4270.25832191579 -2386.448104998061 -2434.475236621409 -4523.116003481958 -2418.6308452334406 -2357.1486912956602 -4750.421177332903 -2336.836102261305 -2226.5569415173695 -4887.261885757764 -2203.9691762283246 -2111.835469438794 -5015.4620909363375 -2087.0785627359105 -1965.2140904355624 -4971.968043683781 -1942.1087521500872 -1788.1741061571126 -5112.157999943861 -1762.9513534875005 -1679.5852135202683 -4909.903835491666 -1659.2136593387 -1625.9583719500124 -4704.1324504666 -1610.2418226401264
wire C -1965.2140904355624 -4513.157748891061 -1951.897969849203 102.4
prism -682.3150834328457 14.630135584051756 685.6990033823344
transform 0.9999897030769054 -0.0009973042849112154 -0.004427089825808407 0.0 0.0010107097466045259 0.9999949083124781 0.003026849009569348 0.0 0.00442404859496335 -0.0030312923451739295 0.9999856194269733 0.0
transform 1.0 0.0 0.0 10240.0 0.0 1.0 0.0 -20480.0 0.0 0.0 1.0 15360.0
end
case corpus_21_alternate
plane -2647.529173868408 -4498.527613307009 -1266.1989664668686 -0.7052748659498823 0.015122437072558491 0.7087726542103343 0.7089339626928418 0.015044384019453764 0.7051143900461113
wire P 16 -2880.345676001706 -4175.139316174783 -1504.7663625168116 -3079.0262200131765 -4255.628186331738 -1700.7491016157267 -3116.7903200542546 -4508.485867897906 -1732.9318418511064 -3039.463774728506 -4735.791041748852 -1651.1370988789706 -2908.8720249502153 -4872.631750173712 -1518.2701728459904 -2794.15055287164 -5000.831955352286 -1401.379559353576 -2647.529173868408 -4957.337908099729 -1256.409748767753 -2470.489189589958 -5097.527864359809 -1077.252350105166 -2361.900296953114 -4895.273699907614 -973.5146559563655 -2308.273455382858 -4689.5023148825485 -924.542819257792 -2263.778649321886 -4490.3839912452095 -884.5160012190418 -2261.508451257052 -4264.844238847655 -887.0691430006655 -2407.659728702496 -4155.161986992637 -1034.839355265814 -2474.0724205154684 -3904.2890311945184 -1106.2769488330216 -2647.529173868408 -4004.7638912001735 -1276.733953633652 -2791.0552978848336 -4012.918756816961 -1419.377784251675
wire C -2647.529173868408 -4498.527613307009 -1266.1989664668686 102.4
prism 682.3150834328457 -14.630135584051756 -685.6990033823344
end
case corpus_22
plane -7277.426661201466 6229.978325517407 8286.855340454258 0.5896890881445954 -0.37004387950298934 0.7178678893540041 0.8076303481935256 0.270186525761063 -0.5241492745143991
wire P 17 -6169.078694735796 6600.767619237635 7567.5413822406845 -6569.4605994821995 6768.674637623028 7982.985239280994 -6667.687314648522 7045.716967428109 8206.481850544475 -6964.1903134464565 7027.099976721696 8440.446180219064 -7179.979689550138 7419.964473182402 8820.21764911776 -7516.215223203379 7073.755436039956 8917.954142223396 -7949.135749823066 6984.209063019421 9227.415571837435 -8077.470771845115 6507.5170560968645 9087.11232252073 -8379.793365064697 6087.983165564447 9119.193971842433 -8179.468338859621 5742.62752434601 8776.615306648997 -8251.851807643514 5239.973179156433 8576.967955981116 -7777.355516658262 5334.13686965517 8235.73443453325 -7590.8299530300865 4912.851202961311 7865.351142625289 -7188.525630850331 5203.834345047554 7684.875124604993 -6976.001050067006 5664.591796725142 7747.8073846325415 -6541.520898825505 5737.831414342906 7428.659063104883 -6632.414202269461 6170.751770158641 7726.483106189716
prism 976.7234944484675 -612.9171428703838 1189.0307070940073
transform 0.647170924430455 -0.7013333219193292 0.29883334174323484 0.0 0.17498911342037787 0.5181889088049411 0.8371732586364036 0.0 -0.7419896257739594 -0.48950161016808025 0.4580824913557343 0.0
transform 1.0 0.0 0.0 20480.0 0.0 1.0 0.0 -40960.0 0.0 0.0 1.0 30720.0
end
case corpus_22_alternate
plane -6300.703166752999 5617.061182647023 9475.886047548265 0.5896890881445954 -0.37004387950298934 0.7178678893540041 0.8076303481935256 0.270186525761063 -0.5241492745143991
wire P 17 -6972.412255374599 6371.291920149037 10416.446278931442 -7100.747277396648 5894.599913226481 10276.14302961474 -7403.069870616229 5475.066022694063 10308.224678936442 -7202.744844411154 5129.7103814756265 9965.646013743004 -7275.128313195046 4627.056036286049 9765.998663075123 -6800.632022209795 4721.219726784786 9424.765141627257 -6614.106458581619 4299.934060090927 9054.381849719297 -6211.802136401864 4590.91720217717 8873.905831699001 -5999.277555618539 5051.674653854758 8936.83809172655 -5564.797404377038 5124.914271472522 8617.689770198891 -5655.690707820994 5557.834627288257 8915.513813283724 -5192.355200287328 5987.850476367251 8756.572089334692 -5592.737105033732 6155.757494752644 9172.015946375002 -5690.963820200055 6432.799824557725 9395.512557638483 -5987.466818997989 6414.182833851312 9629.47688731307 -6203.2561951016705 6807.047330312018 10009.248356211767 -6539.4917287549115 6460.838293169572 10106.984849317405
prism -976.7234944484675 612.9171428703838 -1189.0307070940073
end
case corpus_23
plane -6437.139793583781 15356.932386162978 -19836.57881325601 0.1111471046522818 -0.3092161370652411 0.9444742991240497 0.9938039651397125 0.03458275429775833 -0.10563007137063839
wire P 18 -3697.971453080642 15452.250969125667 -20127.721289491616 -4330.44052565999 16163.50057970432 -19820.431865585884 -4675.383734810327 16831.90847622242 -19561.005063883604 -5332.411989270455 17225.17924994335 -19354.930152359655 -6134.107934636362 17010.933898490555 -19330.728262271514 -6926.4264155777255 17993.49260578494 -18915.802294045625 -7469.4396888040565 17030.84898112221 -19167.06438778594 -7919.826209437125 16495.07586878829 -19289.471672456108 -8534.807399489053 16014.051918127532 -19374.584617555673 -8286.263865012474 15292.58588959884 -19640.037931462768 -8018.157411203277 14751.625998480444 -19848.69663620584 -7734.699119375055 14270.590737757793 -20039.54294478871 -7762.4316355324 13115.681357948632 -20414.390866577305 -6832.421453199126 13199.41513675529 -20496.421794799357 -5951.180132180316 12738.299760615337 -20751.094406754655 -5181.391809627118 13320.685555988568 -20651.01403107083 -4263.242078069168 13688.199543970573 -20638.740990510538 -4492.73779364419 14747.825143168759 -20264.817508248176
wire C -6437.139793583781 15356.932386162978 -19836.57881325601 409.6
prism 598.5410470376456 -1665.1675364731689 5086.112118407304
transform -0.5099958367059786 -0.061771039281652396 -0.857956050884096 0.0 0.603557173223716 -0.7363638143012268 -0.3057565561651062 0.0 -0.6128808898903325 -0.6737600995115495 0.41282483345048504 0.0
transform 1.0 0.0 0.0 40960.0 0.0 1.0 0.0 -81920.0 0.0 0.0 1.0 61440.0
end
case corpus_23_alternate
plane -5838.598746546136 13691.76484968981 -14750.466694848705 0.1111471046522818 -0.3092161370652411 0.9444742991240497 0.9938039651397125 0.03458275429775833 -0.10563007137063839
wire P 18 -6870.898641766411 15365.68144464904 -14080.952269378635 -7321.285162399479 14829.908332315124 -14203.359554048804 -7936.266352451406 14348.884381654363 -14288.472499148369 -7687.722817974828 13627.418353125671 -14553.925813055464 -7419.616364165631 13086.458462007275 -14762.584517798537 -7136.158072337409 12605.423201284624 -14953.430826381407 -7163.890588494754 11450.513821475462 -15328.278748170002 -6233.88040616148 11534.24760028212 -15410.309676392053 -5352.63908514267 11073.132224142168 -15664.982288347352 -4582.850762589473 11655.518019515399 -15564.901912663527 -3664.7010310315227 12023.032007497404 -15552.628872103234 -3894.1967466065444 13082.65760669559 -15178.705389840872 -3099.430406042996 13787.083432652498 -15041.609171084312 -3731.8994786223448 14498.33304323115 -14734.31974717858 -4076.8426877726815 15166.740939749252 -14474.8929454763 -4733.870942232809 15560.011713470183 -14268.818033952351 -5535.566887598717 15345.766362017386 -14244.61614386421 -6327.88536854008 16328.325069311772 -13829.69017563832
wire C -5838.598746546136 13691.76484968981 -14750.466694848705 409.6
prism -598.5410470376456 1665.1675364731689 -5086.112118407304
end
case corpus_24
plane 21841.493302825853 33014.008632983976 -31356.202606503517 0.1420413021833857 0.6480999176654474 0.7481916634099102 0.9898607318577943 -0.09299990724692203 -0.10736269733019844
wire P 19 26415.251932938405 32584.292497490904 -31852.28356785708 26454.175193729538 33789.81994311618 -32903.92713377863 25583.957846358575 34886.66121871586 -33688.82753286706 24436.003857268966 35802.642896315534 -34264.33617782586 22671.177143540644 35437.86943469197 -33613.315912816695 21473.526971943036 36439.48360146894 -34253.566656728515 20290.538718869928 35859.66935335317 -33526.73316606812 18132.64637119415 36438.9094152349 -33618.81598488041 18844.495883126972 34534.058707523494 -32103.934690916813 17284.819329693455 34022.739847956545 -31364.920576671342 17258.761678196875 32860.62726145274 -30353.32639379571 18930.831744710984 32084.67528825211 -29998.615945480076 19629.408133785422 31386.940751711794 -29526.845123954583 20451.716478147795 30725.219731238685 -29109.760029161625 21468.711567820115 29613.75363238008 -28340.056477958697 23055.266824394486 29239.983699393455 -28317.490217212377 23804.210556130452 30535.63458486966 -29581.99531849392 26099.802709940508 30083.080071619326 -29625.79205886808 26914.93895634076 31207.375053685566 -30754.431337413123
prism 921.7193863639255 4205.581399428902 4855.086163533151
transform 0.358213651279356 0.8439259276194566 0.3993394655287048 0.0 0.5797603956345181 -0.5363298784487653 0.6133743923060693 0.0 0.731820240011725 0.011802125858185575 -0.6813955137322293 0.0
transform 1.0 0.0 0.0 81920.0 0.0 1.0 0.0 -163840.0 0.0 0.0 1.0 122880.0
end
case corpus_24_alternate
plane 22763.21268918978 37219.590032412874 -26501.116442970364 0.1420413021833857 0.6480999176654474 0.7481916634099102 0.9898607318577943 -0.09299990724692203 -0.10736269733019844
wire P 19 21212.258105233854 40065.25075278207 -28671.64700253497 19054.365757558076 40644.4908146638 -28763.729821347264 19766.2152694909 38739.64010695239 -27248.84852738366 18206.53871605738 38228.321247385444 -26509.83441313819 18180.4810645608 37066.20866088164 -25498.240230262556 19852.55113107491 36290.25668768101 -25143.529781946923 20551.127520149348 35592.52215114069 -24671.75896042143 21373.43586451172 34930.80113066758 -24254.673865628472 22390.43095418404 33819.33503180898 -23484.970314425544 23976.986210758412 33445.56509882236 -23462.404053679224 24725.92994249438 34741.21598429856 -24726.909154960766 27021.522096304434 34288.661471048224 -24770.705895334926 27836.658342704686 35412.956453114464 -25899.34517387997 27336.97131930233 36789.8738969198 -26997.197404323928 27375.894580093463 37995.401342545076 -28048.840970245477 26505.6772327225 39092.24261814476 -28833.741369333904 25357.723243632892 40008.22429574443 -29409.25001429271 23592.89652990457 39643.45083412087 -28758.229749283542 22395.246358306962 40645.06500089784 -29398.480493195362
prism -921.7193863639255 -4205.581399428902 -4855.086163533151
end
case corpus_25
plane 0.001382611865474946 0.002468599397274875 0.0006564709586048626 -0.05432135954667405 -0.12476776263802483 0.9906978324914728 0.9985235049296541 -0.0067875763170659785 0.0538956297925819
wire P 20 0.0016210709521251023 0.002466978444697249 0.0006693418650896123 0.0016618843888476073 0.0025568641191059892 0.0006828998596861561 0.0015881333638182627 0.002615571258472836 0.0006862495212815387 0.0015247392061695164 0.0026620086335621754 0.000688621819357505 0.0014861342139403926 0.002784475131281336 0.0007019283946047796 0.001382611865474946 0.0028009929800131114 0.0006983323640438857 0.0012828958303617278 0.0027742166632000044 0.0006894926033729775 0.0012313785253580602 0.002676456279632733 0.0006743559654512097 0.0011765750691613045 0.002618740873464083 0.0006640823784784036 0.0011195910473737716 0.0025553035578070164 0.000652968614909808 0.0010645603256582209 0.002470761388543592 0.0006393040236651283 0.0010798626134749531 0.0023729148014913536 0.0006278203418634998 0.001220366396198912 0.0023525749483357078 0.0006329627761772883 0.0011912402854061697 0.0022081777854490656 0.0006131804770357564 0.0013047786721977108 0.0022311084842405794 0.0006222938224162451 0.001382611865474946 0.002231750996972714 0.0006266424437732726 0.0014697946409148446 0.002201395015999045 0.0006275997882138023 0.0015191502272474985 0.0022809394660827363 0.0006403237946712766 0.0016448498299885391 0.0022775034580573557 0.0006467833528450775 0.001675393556173907 0.002372084638882367 0.0006603695933815688
wire C 0.001382611865474946 0.002468599397274875 0.0006564709586048626 4.8828125e-05
prism -2.784637050754739e-05 -6.395880690045968e-05 0.0005078543529618042
transform 0.9087436518677081 0.3310890123200028 0.254096519281762 0.0 -0.40441538218126216 0.8489838794203257 0.34010964576088915 0.0 -0.1031172819915531 -0.41183302248044523 0.9054062004146513 0.0
transform 1.0 0.0 0.0 0.0048828125 0.0 1.0 0.0 -0.009765625 0.0 0.0 1.0 0.00732421875
end
case corpus_25_alternate
plane 0.0013547654949673984 0.0024046405903744156 0.0011643253115666667 -0.05432135954667405 -0.12476776263802483 0.9906978324914728 0.9985235049296541 -0.0067875763170659785 0.0538956297925819
wire P 20 0.0012550494598541802 0.002710257856299545 0.0011973469563347817 0.0012035321548505126 0.0026124974727322735 0.0011822103184130138 0.001148728698653757 0.0025547820665636233 0.0011719367314402078 0.001091744676866224 0.002491344750906557 0.0011608229678716122 0.0010367139551506733 0.0024068025816431325 0.0011471583766269325 0.0010520162429674055 0.002308955994590894 0.001135674694825304 0.0011925200256913645 0.0022886161414352483 0.0011408171291390923 0.0011633939148986221 0.002144218978548606 0.0011210348299975606 0.0012769323016901632 0.00216714967734012 0.0011301481753780492 0.0013547654949673984 0.0021677921900722544 0.0011344967967350768 0.001441948270407297 0.0021374362090985856 0.0011354541411756065 0.001491303856739951 0.002216980659182277 0.0011481781476330808 0.0016170034594809916 0.002213544651156896 0.0011546377058068817 0.0016475471856663593 0.0023081258319819077 0.001168223946343373 0.0015932245816175548 0.0024030196377967895 0.0011771962180514165 0.0016340380183400597 0.0024929053122055298 0.0011907542126479603 0.001560286993310715 0.0025516124515723767 0.0011941038742433428 0.0014968928356619688 0.002598049826661716 0.0011964761723193091 0.001458287843432845 0.0027205163243808764 0.0012097827475665837 0.0013547654949673984 0.002737034173112652 0.0012061867170056898
wire C 0.0013547654949673984 0.0024046405903744156 0.0011643253115666667 4.8828125e-05
prism 2.784637050754739e-05 6.395880690045968e-05 -0.0005078543529618042
end
case corpus_26
plane 0.000526348771178063 0.001303352104470098 -0.0007150081407341037 0.7290335637146715 0.10192806100372155 0.6768461666859815 0.6844779492266247 -0.10856299701112285 -0.7209049956148709
wire P 8 0.0008335614173368772 0.001254626026991047 -0.0010385702534101771 0.0007326621590138814 0.0015686857623993134 -0.0009771863702668305 0.000526348771178063 0.0019583512012802595 -0.0008136461934897792 0.0002778503367326222 0.001701765910533339 -0.0005073477306880101 0.00023453361206064607 0.00134963603265633 -0.0004076629497873573 0.00030348017756603974 0.0010167272770610478 -0.00043179194277147834 0.000526348771178063 0.0008943316266817805 -0.0006534126611941846 0.0007647904985665762 0.0009210620657213478 -0.0009142645545304197
prism 0.0009834894264386274 0.00013750419081361444 0.0009130869707415957
transform 0.8409693959374996 -0.22963571469098043 -0.48993664247010504 0.0 0.4433258736687834 0.8115529090658172 0.38058382194021234 0.0 0.3102138695034875 -0.5372609369060549 0.7842946135493353 0.0
transform 1.0 0.0 0.0 0.009765625 0.0 1.0 0.0 -0.01953125 0.0 0.0 1.0 0.0146484375
end
case corpus_26_alternate
plane 0.0015098381976166905 0.0014408562952837123 0.00019807883000749218 0.7290335637146715 0.10192806100372155 0.6768461666859815 0.6844779492266247 -0.10856299701112285 -0.7209049956148709
wire P 8 0.0012869696040046672 0.0011542314678746621 0.0004812950279701175 0.0015098381976166905 0.001031835817495395 0.0002596743095474112 0.0017482799250052037 0.0010585662565349623 -1.1775837888238611e-06 0.0018170508437755047 0.0013921302178046613 -0.00012548328266858127 0.001716151585452509 0.0017061899532129277 -6.40993995252347e-05 0.0015098381976166905 0.0020958553920938736 9.944077725181652e-05 0.0012613397631712497 0.0018392701013469535 0.0004057392400535857 0.0012180230384992736 0.0014871402234699444 0.0005054240209542384
prism -0.0009834894264386274 -0.00013750419081361444 -0.0009130869707415957
end
case corpus_27
plane 0.009513373570907471 -0.0005137795760150805 -0.008138640793735346 -0.5168040928775174 0.7119734815192235 0.47540224147393567 0.8561036909072676 0.42979701311584034 0.28698605877578065
wire P 9 0.01032257752769058 -0.00010752803508512536 -0.007867376627058477 0.010055610438315155 5.357264547525581e-05 -0.008398861493606715 0.009685609688368645 0.00020628779697779082 -0.009029794656871046 0.00912079693447422 -0.00026981233571140163 -0.00893077718914838 0.008594722117534476 -0.000758095169288577 -0.008771403076399448 0.00842730350250465 -0.0013154369352759076 -0.008118713827201229 0.009148843900606744 -0.0011063328522496769 -0.007647495037342311 0.00971280290587213 -0.0011472911991484234 -0.006973081769998396 0.0102942159526154 -0.0005467631772115757 -0.007240399365988082
wire C 0.009513373570907471 -0.0005137795760150805 -0.008138640793735346 0.0001953125
prism -0.0008028579631474277 0.001106054667649428 0.0007385399622907861
transform 0.3344295161343439 0.2992496521999958 0.8936478861365533 0.0 0.5367980245646005 -0.8398753216095559 0.08035748238208798 0.0 0.7745997544291445 0.4528345059836171 -0.4415157195716617 0.0
transform 1.0 0.0 0.0 0.01953125 0.0 1.0 0.0 -0.0390625 0.0 0.0 1.0 0.029296875
end
case corpus_27_alternate
plane 0.008710515607760042 0.0005922750916343474 -0.007400100831444559 -0.5168040928775174 0.7119734815192235 0.47540224147393567 0.8561036909072676 0.42979701311584034 0.28698605877578065
wire P 9 0.008317938971326792 0.0008362423319380263 -0.008192237226857593 0.007791864154387048 0.00034795949836085086 -0.008032863114108661 0.007624445539357222 -0.00020938226762647982 -0.007380173864910442 0.008345985937459315 -2.781846002488644e-07 -0.006908955075051525 0.008909944942724702 -4.1236531498995365e-05 -0.00623454180770761 0.009491357989467972 0.0005592914904378522 -0.006501859403697296 0.009519719564543151 0.0009985266325643026 -0.00712883666476769 0.009252752475167726 0.0011596273131246836 -0.007660321531315928 0.008882751725221216 0.0013123424646272188 -0.00829125469458026
wire C 0.008710515607760042 0.0005922750916343474 -0.007400100831444559 0.0001953125
prism 0.0008028579631474277 -0.001106054667649428 -0.0007385399622907861
end
case corpus_28
plane -0.008452500302851372 -0.016879685228064437 -0.013536696680603574 0.496126567073756 0.4445279732831592 0.7458239138110127 0.8682502113121596 -0.25400758269892 -0.42617099676988984
wire P 10 -0.007025701770283595 -0.017297096754758105 -0.014237024932635074 -0.007144648207682253 -0.016322215876751908 -0.014738952165468762 -0.007935464376521258 -0.015456631275572336 -0.014728804538897796 -0.009006389625878849 -0.015031116635781579 -0.01427003498110833 -0.009630085838447364 -0.015688733774035152 -0.013463193763819156 -0.010283992175382001 -0.01634388020640926 -0.012637729186299436 -0.010188199621771338 -0.017619523606552327 -0.01194113856362976 -0.009161796677106959 -0.018831903550758464 -0.011901302042533845 -0.007943772899445823 -0.01857752893234263 -0.012863151851476915 -0.00669947441156927 -0.018652608443461064 -0.01364611762058024
prism 0.001646641085801862 0.0014753856640123523 0.00247538507461582
transform -0.6430590461058607 -0.3385488465388513 0.6869204770048958 0.0 -0.005098520690916819 -0.8950652716217832 -0.44590600424684546 0.0 0.7657996267354698 -0.29024616800887626 0.5738537214726223 0.0
transform 1.0 0.0 0.0 0.0390625 0.0 1.0 0.0 -0.078125 0.0 0.0 1.0 0.05859375
end
case corpus_28_alternate
plane -0.00680585921704951 -0.015404299564052084 -0.011061311605987754 0.496126567073756 0.4445279732831592 0.7458239138110127 0.8682502113121596 -0.25400758269892 -0.42617099676988984
wire P 10 -0.005498007121880391 -0.014846830212739555 -0.012263567090852941 -0.006288823290719397 -0.013981245611559985 -0.012253419464281975 -0.007359748540076987 -0.013555730971769228 -0.011794649906492509 -0.0079834447526455 -0.0142133481100228 -0.010987808689203335 -0.008637351089580138 -0.014868494542396906 -0.010162344111683616 -0.008541558535969475 -0.016144137942539973 -0.009465753489013939 -0.007515155591305097 -0.01735651788674611 -0.009425916967918025 -0.006297131813643961 -0.017102143268330275 -0.010387766776861094 -0.005052833325767408 -0.01717722277944871 -0.011170732545964419 -0.005379060684481733 -0.01582171109074575 -0.011761639858019254
prism -0.001646641085801862 -0.0014753856640123523 -0.00247538507461582
end
case corpus_29
plane -0.02659532509480595 0.030123012302842454 -0.022463531185144568 -0.04719425323220281 -0.2770683417914499 0.9596904899178645 0.9988857304325929 -0.01309061996457723 0.045342399661776805
wire P 11 -0.021988256862837247 0.03006263564759735 -0.02225440263051747 -0.02283927710361845 0.032395523389601666 -0.02162273431674116 -0.024378334825848672 0.03476320570534749 -0.021014855902440472 -0.02721561742912489 0.034280707223204684 -0.021293683806692644 -0.029878161206379508 0.03381002929453377 -0.021560505996940857 -0.03174658905875134 0.03164533859686521 -0.022277347860575683 -0.030294979174460113 0.029126642322567495 -0.022933125282915492 -0.03007025633642445 0.026311329035671394 -0.02373487185181634 -0.027042134539127 0.027139849421618026 -0.023346760559366072 -0.02496421606107023 0.026666324891310735 -0.023381285071079602 -0.023317850765515437 0.02805414722235244 -0.022899649984049038
wire C -0.02659532509480595 0.030123012302842454 -0.022463531185144568 0.00078125
prism -0.0003002402463861048 -0.0017626524737230519 0.00610535583071228
transform 0.9070459154209976 -0.23271654794446028 -0.3508713662168776 0.0 -0.07206119113621816 0.7352559679576817 -0.6739479551973149 0.0 0.41481910762417146 0.6365859485532384 0.6501410908829405 0.0
transform 1.0 0.0 0.0 0.078125 0.0 1.0 0.0 -0.15625 0.0 0.0 1.0 0.1171875
end
case corpus_29_alternate
plane -0.026895565341192057 0.0283603598291194 -0.016358175354432288 -0.04719425323220281 -0.2770683417914499 0.9596904899178645 0.9988857304325929 -0.01309061996457723 0.045342399661776805
wire P 11 -0.025264456307456336 0.02490367241758768 -0.017275929240367322 -0.023618091011901543 0.026291494748629386 -0.016794294153336758 -0.022288497109223353 0.028299983173874298 -0.01614904679980519 -0.023139517350004555 0.030632870915878616 -0.015517378486028879 -0.02467857507223478 0.03300055323162444 -0.014909500071728192 -0.027515857675510996 0.032518054749481634 -0.015188327975980364 -0.030178401452765614 0.03204737682081072 -0.015455150166228577 -0.03204682930513745 0.02988268612314216 -0.016171992029863403 -0.03059521942084622 0.02736398984884444 -0.016827769452203212 -0.030370496582810557 0.02454867656194834 -0.01762951602110406 -0.027342374785513105 0.025377196947894972 -0.017241404728653792
wire C -0.026895565341192057 0.0283603598291194 -0.016358175354432288 0.00078125
prism 0.0003002402463861048 0.0017626524737230519 -0.00610535583071228
end
case corpus_30
plane 0.03267245503441034 -0.03743593291472305 -0.06393844291098592 -0.5648144723027471 0.551101276911667 0.614224710072543 0.8252179178116343 0.3771973077483326 0.4204016878534627
wire P 12 0.038973121032132366 -0.03455597333063572 -0.06072861122547484 0.03932447814614758 -0.0309313304964324 -0.06365765931135105 0.03580157983389489 -0.031117171023729864 -0.06673042237080655 0.03267245503441034 -0.030231954422771514 -0.07040207369733086 0.028211084819952697 -0.03250539534826029 -0.0724647557184699 0.026093117030222834 -0.03701707926837845 -0.07036432587784024 0.026333565451563772 -0.04033336404552583 -0.06716774734345914 0.026206990130303514 -0.04375811158791822 -0.06421135184088497 0.028423834836398834 -0.04601533486152978 -0.060147587293024905 0.03267245503441034 -0.045126124644745594 -0.05703856667251543 0.03565403831521581 -0.04073106594939227 -0.05824021333314707 0.03858088274404175 -0.03781207508719808 -0.05816782207404972
prism -0.009728953255397289 0.00949274288281598 0.010580046697887452
transform -0.42483053746177524 0.7006732888937042 0.5732154539706853 0.0 -0.6219387559854399 -0.6860079234977996 0.3776047042894467 0.0 0.6578078733514997 -0.1960868968827768 0.727212988489384 0.0
transform 1.0 0.0 0.0 0.15625 0.0 1.0 0.0 -0.3125 0.0 0.0 1.0 0.234375
end
case corpus_30_alternate
plane 0.022943501779013047 -0.027943190031907074 -0.053358396213098465 -0.5648144723027471 0.551101276911667 0.614224710072543 0.8252179178116343 0.3771973077483326 0.4204016878534627
wire P 12 0.01869488158100155 -0.036522591978713805 -0.04956754059513745 0.022943501779013047 -0.035633381761929615 -0.04645851997462798 0.02592508505981852 -0.03123832306657629 -0.04766016663525962 0.028851929488644457 -0.028319332204382104 -0.04758777537616227 0.029244167776735074 -0.025063230447819742 -0.05014856452758739 0.02959552489075029 -0.02143858761361642 -0.053077612613463596 0.0260726265784976 -0.021624428140913886 -0.05615037567291909 0.022943501779013047 -0.020739211539955536 -0.059822026999443396 0.018482131564555408 -0.02301265246544431 -0.06188470902058244 0.016364163774825545 -0.027524336385562474 -0.05978427917995278 0.016604612196166484 -0.03084062116270985 -0.05658770064557168 0.016478036874906225 -0.034265368705102245 -0.05363130514299752
prism 0.009728953255397289 -0.00949274288281598 -0.010580046697887452
end
case corpus_31
plane -0.06986273117247536 0.15654655985505342 -0.07524239505774111 -0.1939514979337233 -0.41844539482128507 0.8872915349546189 0.9810111194320199 -0.08272904304697887 0.17542260113014568
wire P 13 -0.04893406163332377 0.15478163714528545 -0.07149996892614247 -0.058702352110800084 0.16100578621273098 -0.07069990275214046 -0.0623415953389638 0.16595835093173447 -0.06915977623234472 -0.06816810953453309 0.16927114366667237 -0.06887107550898831 -0.07560528507496288 0.17099123597106425 -0.06968556162155903 -0.08444310710279726 0.16968534054161755 -0.07223326399477721 -0.08420954867764799 0.1610166904870025 -0.07627033360171469 -0.08964130144465683 0.1537198917133427 -0.08089881056509811 -0.08517931451707453 0.14532766893901766 -0.08388123271116388 -0.07530838374722908 0.14376716982566332 -0.08245949240202151 -0.06738943809837009 0.13755793639149116 -0.08365676942247914 -0.05876367552748078 0.14078546001626246 -0.08024918369693548 -0.05737512310854549 0.14945085809358638 -0.07585907335787918
wire C -0.06986273117247536 0.15654655985505342 -0.07524239505774111 0.003125
prism -0.00446275873651934 -0.009628287800762981 0.02041627980007406
transform 0.6428196554478058 0.6633060840987437 -0.3831552288140595 0.0 0.44161005134003495 0.08780811744238409 0.8928999367603719 0.0 0.6259100998749066 -0.7431788299654497 -0.2364778500531699 0.0
transform 1.0 0.0 0.0 0.3125 0.0 1.0 0.0 -0.625 0.0 0.0 1.0 0.46875
end
case corpus_31_alternate
plane -0.07432548990899471 0.14691827205429042 -0.05482611525766705 -0.1939514979337233 -0.41844539482128507 0.8872915349546189 0.9810111194320199 -0.08272904304697887 0.17542260113014568
wire P 13 -0.09410406018117617 0.1440916039125797 -0.06048253076502405 -0.08964207325359387 0.13569938113825467 -0.06346495291108982 -0.07977114248374842 0.13413888202490032 -0.06204321260194745 -0.07185219683488943 0.12792964859072817 -0.06324048962240508 -0.06322643426400013 0.13115717221549947 -0.059832903896861425 -0.061837881845064835 0.13982257029282338 -0.055442793557805126 -0.05339682036984311 0.14515334934452245 -0.05108368912606841 -0.06316511084731942 0.151377498411968 -0.0502836229520664 -0.06680435407548314 0.15633006313097147 -0.04874349643227066 -0.07263086827105243 0.15964285586590937 -0.048454795708914256 -0.08006804381148222 0.16136294817030125 -0.049269281821484975 -0.0889058658393166 0.16005705274085455 -0.05181698419470315 -0.08867230741416733 0.15138840268623951 -0.05585405380164063
wire C -0.07432548990899471 0.14691827205429042 -0.05482611525766705 0.003125
prism 0.00446275873651934 0.009628287800762981 -0.02041627980007406
end
