rings_fuse done 1 1 0
S 120.23442776820023 165.51860161662412 1.0131479649219031e-06 0.085594682239785932 -1.8085982695458289e-07 7 12 8 7 12 8 1
rings_cut done 1 1 0
S 88.818507059478051 141.32982419870947 1.2516823163403178e-06 -0.060984213921977684 -2.6789105268705548e-07 4 9 6 4 9 6 1
rings_common done 1 1 0
S 11.712546238951049 29.260336824985011 -8.2204833411971638e-06 0.46246269541198309 5.3280912257297825e-07 4 6 4 3 5 4 1
rings_crossing_fuse done 1 1 0
S 208.23177349946195 234.7456722741251 3.8837690152221127e-11 -2.5562403404608321e-06 0.82804724087376802 7 9 6 7 9 6 1
rings_crossing_cut done 2 1 0
S 25.575813685358831 49.785858044260657 4.1888446302515971 -4.1265906495483606e-08 0.29999850441256204 3 3 2 3 3 2 1
S 25.575897885608526 49.786063491236291 -4.1888399596588428 2.1499346599654371e-06 0.30000185603895912 3 3 2 3 3 2 1
rings_crossing_common done 1 1 0
S 33.671464379975433 57.422945942682325 -8.8890614334113085e-06 3.7626618602955846e-06 0.30000484872614025 3 3 2 3 3 2 1
bite_fuse done 1 1 0
S 113.52176051404079 150.35928699019635 -5.2940708375497166e-06 0.4654705899514387 0.083960662432935512 6 9 6 6 9 6 1
bite_cut done 1 1 0
S 56.972266151293894 104.58313440116534 -1.5708560900397856e-06 -0.26360966214641829 -0.080848536163743392 4 6 4 4 6 4 1
bite_common done 1 1 0
S 18.425977244551014 39.707744496586145 4.3489922736900621e-06 0.81506970534372103 0.24998301826436953 3 3 2 2 2 2 1
equal_offset_fuse done 1 1 0
S 163.53150159794106 190.90406822429182 -1.4807114211525341e-05 0.45752927424279566 -0.10778623730677876 6 9 6 6 9 6 1
equal_offset_common done 1 1 0
S 37.53592925192892 60.429591913240628 7.1723689098601116e-05 0.35004922730940458 -0.1999961787351742 3 3 2 2 2 2 1
blind_fuse done 1 1 0
S 88.30919693700281 126.60981783953149 -0.57649094249547161 -0.060444220888271546 0.043860184622959444 5 6 4 5 6 4 1
blind_cut done 1 1 0
S 67.888769809215717 114.89055872394151 0.077283175583645489 0.041691677763887505 -0.033184776817494953 5 6 4 5 6 4 1
hole_wall_fuse done 1 1 0
S 369.40264582412283 429.56026765903755 4.9999999349587947 5.0261492229036993 2.0053243293938183 12 27 18 12 27 18 1
hole_wall_cut done 1 1 0
S 337.23273772749258 408.56701752621666 4.9999999315817236 4.9809468028666606 1.9962928593208822 9 24 16 9 24 16 1
hole_wall_common done 2 1 0
S 6.2509001585687347 20.009222568957853 1.5567078639024183 5.5139576622999753 2.1000003278508577 3 3 2 3 3 2 1
S 6.2509045556785621 20.009229901370176 8.4432910814588293 5.5139566725088649 2.100000052628276 4 6 4 3 5 4 1
inside_tangent_fuse done 1 1 0
S 96.649162409006451 142.75675216043487 -1.0832892045946422e-06 0.2308911743493193 2.2218620778602094e-07 7 11 6 7 11 6 1
inside_tangent_cut done 1 1 0
S 65.233268280866795 110.37022711031723 -1.4523179883234737e-06 -0.13950622095197862 4.2884268777637767e-07 4 7 4 4 7 4 1
inside_tangent_common done 1 1 0
S 10.165058846719653 26.889481924944512 1.7242413434076289e-05 0.89528002855963784 -2.0050904314104448e-06 3 3 2 3 3 2 1
outside_tangent_fuse done 2 1 0
S 31.415926535897924 69.115038378975456 0 2.9999999999999996 7.9240155476065335e-18 3 3 3 3 3 3 1
S 75.398223686155035 100.53096491487338 -3.2983530029992024e-16 2.9449580383921449e-17 -1.4135798584282297e-16 3 3 3 3 3 3 1
outside_tangent_cut done 1 1 0
S 75.398223686155035 100.53096491487338 -3.2983530029992024e-16 2.9449580383921449e-17 -1.4135798584282297e-16 3 3 3 3 3 3 1
outside_tangent_common done 0 1 0
oblique_fuse done 1 1 0
S 228.6166853609065 284.56580294467869 1.3452007601685504e-05 -3.9002458995912068e-07 0.11539539846200492 7 9 6 7 9 6 1
oblique_common done 1 1 0
S 28.732549531937355 61.246829222044681 4.181742487664808e-06 -0.0001379917320396105 0.49977918245717606 3 3 2 3 3 2 1
skew_common done 1 1 0
S 28.156995429143564 61.166352918720243 -0.00084777766064536065 0.72184209818732692 0.30047236375741743 3 3 2 2 2 2 1
skew_cut done 1 1 0
S 122.64093666794801 189.15596494036001 0.00020485111499584608 -0.16572578161705295 -0.069062112209442694 4 6 4 4 6 4 1
parallel_hole_cut done 1 1 0
S 347.28271791305241 385.7356216635705 4.9862699001057607 4.9942791250440655 2 9 21 14 8 18 12 1
parallel_hole_fuse done 1 1 0
S 373.89200768895807 421.02111110566625 5.0726491092722004 5.0302704621967491 2.035584191730091 10 24 16 10 24 16 1
