l_plane_cross done 1 0
P 0.5 0.5 4.9556528680950654e-17 1.2247448713915889
l_plane_parallel done 0 0
l_plane_contained done 0 0
l_cylinder_two done 2 0
P 0.96824583655185403 0.25 0.5 2.968245836551854
P -0.96824583655185426 0.25 0.5 1.0317541634481457
l_cylinder_tangent done 1 0
P -1.9098073356450909e-17 1 1 2.0615528128088303
l_cylinder_ruling done 0 0
l_cylinder_miss done 0 0
l_sphere_two done 2 0
P 1.9202864369671522 0.5 0.25 4.9202864369671522
P -1.9202864369671522 0.5 0.25 1.0797135630328478
l_sphere_tangent done 1 0
P 0 2 0 3
l_sphere_miss done 0 0
l_cone_two done 2 0
P 0.48574315271501778 0.25 1 3.4857431527150178
P -0.48574315271501778 0.25 1 2.5142568472849822
l_cone_nappes done 2 0
P 0.25 0.34805317824924464 0.78442542599395726 2.8060944331599087
P 0.25 0.1795702608273356 -0.5634379133813151 1.4477417267191779
l_cone_narrow done 2 0
P 0.018804850091849762 0 0.37578353542049375 3.0214242040337456
P -0.018726594358595756 0 0.37421972523505853 2.9838601943325309
l_cone_miss done 0 0
l_torus_four done 4 0
P -2.5000000000000004 0 0 0.49999999999999956
P -1.5000000000000002 0 0 1.4999999999999998
P 2.5 0 0 5.5
P 1.5 0 0 4.5
l_torus_top done 2 0
P -2 0 0.5 1
P 2 0 0.5 5
l_torus_inner done 1 0
P 1.5 0 0 1
l_torus_axis done 0 0
l_torus_tilted done 4 0
P -2.4605376424107193 0.54495519646577339 0.20504480353422663 0.54319570564791597
P -1.531674573515464 0.62236045220704472 0.12763954779295533 1.4784869693675422
P 2.4402298964472027 0.95335249137060019 -0.20335249137060024 5.4778789954745992
P 1.4697905386570642 0.87248254488808874 -0.12248254488808868 4.5007237142442795
c_plane_cross done 2 0
P 0.50000000000000011 0.8660254037844386 0 1.0471975511965976
P 0.50000000000000011 -0.8660254037844386 0 5.2359877559829888
c_plane_tangent done 1 0
P 1 0 0 0
c_plane_contained done 0 0
c_plane_parallel done 0 0
c_plane_tilted done 2 0
P 0.25 1.6832159566199232 -0.88741196746494244 1.4033482475752073
P 0.24999999999999903 -0.6832159566199234 0.88741196746494255 4.8798370596043785
c_sphere_two done 2 0
P 0.50000000000000011 0.8660254037844386 0 1.0471975511965976
P 0.50000000000000011 -0.8660254037844386 0 5.2359877559829888
c_sphere_tangent done 1 0
P 1 0 0 0
c_sphere_contained done 0 0
c_cylinder_four done 4 0
P 0.49999999999999989 0 -0.86602540378443871 1.0471975511965979
P -0.50000000000000022 0 -0.8660254037844386 2.0943951023931957
P -0.50000000000000044 0 0.86602540378443837 4.1887902047863905
P 0.49999999999999933 0 0.86602540378443904 5.2359877559829879
c_cylinder_tangent done 1 0
P 0.5 1.2246467991473532e-16 0 3.1415926535897931
c_cylinder_contained done 0 0
c_cone_two done 2 0
P 1 0.34731461298575944 1.9377486654784171 1.216090400550399
P 1 -0.3473146129857595 1.9377486654784171 1.9255022530393944
c_torus_meridian done 421 0
P 2.5 0 -5.0284957946698794e-17 1.0056991589339759e-16
P 2.4998882318512896 0 -0.010571454800144462 0.021144485143742536
P 2.4999044747556178 0 -0.009773234843683247 0.019547714570030319
P 2.4998796192166122 0 -0.010971157270541701 0.021944075666031581
P 2.4998959331726072 0 -0.010200784160452508 0.020402983856413277
P 2.3236077240718238 0 -0.38115356606104878 0.86687037532772393
P 2.322658654189341 0 -0.38195731813479256 0.8693577448904255
P 2.4838926114684474 0 -0.12588860379814365 0.25451618343298504
P 2.4979676629823349 0 -0.045035615060877811 0.090193465613968862
P 2.4822517025079884 0 -0.13203520526036519 0.26723999383597385
P 2.4966586340126602 0 -0.05770789599940624 0.11567357881990253
P 2.4793695362104264 0 -0.14214375734938439 0.2882631979179604
P 2.4690716488320694 0 -0.17312362132870152 0.35356793937303627
P 2.4751155473894144 0 -0.15577296501272947 0.31681949850242958
P 2.4665551063009352 0 -0.17979525239706168 0.36782900653350431
P 2.4166451395492343 0 -0.2764178498035158 0.58576342692639749
P 2.2656291163050915 0 -0.42360497231616184 1.0107113032778687
P 2.4618622208380985 0 -0.19152882018771902 0.39310415552456501
P 2.0310808693228899 0 0.49903304455930919 4.7745908218085216
P 2.4617395052888469 0 -0.19182447512142656 0.39374437720290395
P 2.461731025821341 0 -0.19184488472193384 0.39378857915589838
P 2.4616257581263352 0 -0.19209804640934305 0.39433692988113656
P 2.1387148409294512 0 0.48037297270549795 4.9935067162673539
P 2.4616125649711633 0 -0.19212974746442413 0.39440560349286935
P 2.1448711143246113 0 0.47855235892673798 5.0063464830669488
P 2.262573633758552 0 -0.42550568369274427 1.0179081729360122
P 2.4611543863323693 0 -0.19322689245137625 0.39678354836488111
P 2.3543007825763986 0 0.35280441531498946 5.499903328236976
P 2.4530601287485325 0 -0.21151009370326279 0.43677583478191578
P 2.4999626955257201 0 -0.0061076249603227179 0.0122155537186962
P 2.4530437866678212 0 -0.21154509533827909 0.43685309222315044
P 2.4999623131783077 0 -0.0061388436529888858 0.012277995786619846
P 2.4529891095218126 0 -0.21166215215440692 0.43711148640722219
P 2.4527758027078241 0 -0.2121180626026121 0.43811817236634293
P 2.4999558974545835 0 -0.0066408282903598747 0.013282047097739726
P 2.2097142891702322 0 -0.45389416929260534 1.1379805640696785
P 2.4527460025313186 0 -0.2121816608284304 0.43825863994060954
P 2.499955167730743 0 -0.0066955402563491171 0.013391480762071663
P 2.452733576924305 0 -0.21220817214547724 0.43831719745563424
P 2.2080098827797556 0 -0.45467778554263272 1.1417323954620144
P 2.449969463561871 0 -0.2180079857753891 0.45116690232334061
P 2.3926917311841218 0 -0.30950477259586412 0.66748096566329085
P 2.4394379276613383 0 -0.2385252769261752 0.49729571360051572
P 2.389258080800519 0 -0.31381227912797904 0.67849820205304301
P 2.4340716007622309 0 -0.24815689676435421 0.51934751547491098
P 2.384861526562446 0 -0.31918898065569801 0.69238911766878231
P 2.3606795260935303 0 -0.34628063684957366 0.7650336514022289
P 2.3746738703526327 0 -0.3310883430067853 0.72371982062958917
P 2.355217055174196 0 -0.35188186044945841 0.78068146829570195
P 2.2703255840679883 0 -0.42062344038141863 0.99958535857973929
P 2.1560231098971667 0 -0.47503346111407418 1.2534502900833664
P 2.3452815910412936 0 -0.3616360364897182 0.80852890451182668
P 1.5417951563751884 0 0.20012076673539386 3.5533730494395002
P 2.3449279738079558 0 -0.36197333173141094 0.80950627495703686
P 2.3448308548314447 0 -0.36206585251334472 0.80977454490165335
P 1.568958790537323 0 0.25338404792913199 3.6730243446634137
P 2.3446211548689813 0 -0.36226545462791448 0.81035356158790506
P 2.344541152179477 0 -0.3623415439262222 0.81057437835986246
P 1.5913192081027643 0 0.28806251115729764 3.7555725421756629
P 2.1531688576074508 0 -0.4759614491313644 1.2594529378129071
P 2.3289991760765747 0 -0.37650968399356627 0.85263882587173911
P 2.4839447232520517 0 -0.12568812528037485 0.25410190200839139
P 2.3286751352769808 0 -0.37679258943171701 0.85349914659832826
P 2.4995149405527846 0 -0.022018723045355897 0.044051692138514141
P 2.3286743969629331 0 -0.37679323345974802 0.85350110606737606
P 2.3285462929066867 0 -0.37690493949704829 0.85384104069799982
P 2.4997457754108865 0 -0.01594239501994139 0.031890195070936767
P 2.3285457137001342 0 -0.37690544438793844 0.85384257744136327
P 2.1167321552390357 0 -0.48618268576045531 1.3351573927359817
P 2.3282823206274728 0 -0.37713488033254261 0.85454119541526674
P 2.4999044835937858 0 -0.0097727827577483491 0.019546810225393032
P 2.1152043616013936 0 -0.48654697108091766 1.3382986404004538
P 2.3243855403112255 0 -0.38049181494086609 0.86482791307848106
P 2.2354368154081863 0 -0.44110033546853228 1.0805155243738174
P 2.3090362768654291 0 -0.39306052915696582 0.90450783794284662
P 2.2314180875870058 0 -0.4432219181601616 1.0896042929544909
P 2.3018447309499437 0 -0.39860978211498543 0.92267537058614291
P 2.2282726284991554 0 -0.44485009506359163 1.0966880561804884
P 2.1920255830501927 0 -0.46165590590204031 1.176616366042087
P 2.2131286885297183 0 -0.45230096409979303 1.1304449173283631
P 2.1842176649644025 0 -0.46482669019222983 1.1934709368254417
P 2.0419867139592149 0 -0.49823399708460991 1.4867238941091589
P 2.1699983164206373 0 -0.47021332649569691 1.2238830097286821
P 1.6533372769763677 0 -0.3603123040722318 2.3368898685379138
P 2.1686100471546479 0 -0.47071291887785216 1.2268338643051113
P 1.6180877080765752 0 -0.32271194783862078 2.4400145357004068
P 2.1686020909448929 0 -0.47071576872780674 1.2268507667213207
P 2.1488907748028687 0 -0.47731701957776601 1.2684283929924842
P 2.4996598004267998 0 -0.018441362136522574 0.036891091541693163
P 2.1483807257877756 0 -0.47747582160219693 1.2694967901244643
P 2.1483511847349352 0 -0.47748500079870687 1.2695586587417684
P 2.4995784035855348 0 -0.02052848437971919 0.041068512300116343
P 2.1481588869014501 0 -0.47754470390961651 1.2699613641862972
P 2.0229620170902987 0 -0.49947246748058577 1.5248561348474603
P 2.1481064594192878 0 -0.47756096645170121 1.2700711478128353
P 2.4995377998232318 0 -0.021493872330613849 0.043000995523118563
P 2.1477946154796905 0 -0.47765756733795223 1.2707240746928892
P 2.4994825940165368 0 -0.02274067445155243 0.045497043614432658
P 2.0222116594274735 0 -0.49950639854307965 1.5263583838884185
P 2.1441021905895212 0 -0.47878445950897502 1.2784452045524886
P 2.0385472656609198 0 -0.49851189385015326 1.493625221073845
P 2.1280221298196849 0 -0.48333252971058316 1.3118685074968195
P 2.0351106015448095 0 -0.4987657222175173 1.5005172849427457
P 2.1213646514796234 0 -0.48504703006124006 1.3256180200511283
P 2.1321904328434012 0 -0.48220917604777519 1.3032344379289698
P 2.0347641503547087 0 -0.49878998972525024 1.5012118850979526
P 1.9912234687130013 0 -0.49992296656441815 1.5883502908729277
P 2.0169295107189722 0 -0.4997133094753593 1.536930832498616
P 1.9823148898033811 0 -0.49968713899532519 1.6061739263435459
P 1.9110631514524556 0 -0.49202666286536867 1.7496215943907791
P 1.9657923717690544 0 -0.49882846567814615 1.6392650672675513
P 2.0571131538325456 0 -0.49672737760193969 1.4563201517814628
P 1.943414898828703 0 -0.49678780814894613 1.6842095032369979
P 1.5095472237361327 0 -0.097242348054048952 2.9458605656831911
P 1.9429034612584359 0 -0.49672928770481523 1.6852390527580392
P 1.9428942267050984 0 -0.49672822615228068 1.6852576434943485
P 1.5253928525199443 0 -0.15731514727083529 2.821525510462334
P 1.9084418695028 0 -0.49154563240848526 1.7549517074009571
P 1.9423135049979312 0 -0.49666112017589648 1.6864268157693714
P 1.9422964704868013 0 -0.49665914134516786 1.6864611138941314
P 1.546189093930826 0 -0.20989440567265102 2.7083800295823286
P 1.9421349912891452 0 -0.4966403535425738 1.686786250868558
P 1.5518829382982 0 -0.22179066484355311 2.6820019377623252
P 1.9085894133366887 0 -0.49157309186515619 1.7546515527418336
P 1.939531875994871 0 -0.49633013809288301 1.6920293257694379
P 1.8351391350983588 0 -0.47203908230556796 1.906805133426853
P 1.9259732839903951 0 -0.49448968170916702 1.7193960487828903
P 1.9259734335825738 0 -0.49448970410358029 1.7193957462645959
P 1.8330549467344508 0 -0.47130600377054704 1.9112238451019745
P 1.9216252853164075 0 -0.49381920183227535 1.7281948579302495
P 1.9216256948424335 0 -0.49381926682853178 1.7281940286267361
P 1.9295063680502567 0 -0.49500570487069551 1.7122548956389412
P 1.8354084608505161 0 -0.47213305883024537 1.9062346320677923
P 1.835386382773516 0 -0.47212536155518336 1.9062813948533168
P 1.7918115672673443 0 -0.45459605857983471 2.0002529889904541
P 1.8183243653941126 0 -0.46582610896186155 1.9426588329929091
P 1.8183801972428459 0 -0.46584787994199611 1.9425389802346882
P 1.7834315424892129 0 -0.45066406913731027 2.0187665303801317
P 1.7656941232835164 0 -0.44170211244244684 2.0585149748501941
P 1.747563451780896 0 -0.43159678998252987 2.1000312694535204
P 2.4900215663455643 0 -0.099392477161200116 0.20011797658731409
P 1.7471569503877318 0 -0.43135877441263215 2.1009733836940891
P 2.2912156656384282 0 -0.40643995385144815 0.94907982061016904
P 1.7717804560157191 0 -0.44487733111904781 2.0447852698191924
P 1.747123329906904 0 -0.4313390658433659 2.1010513263508153
P 1.7464072603576033 0 -0.43091846375000409 2.1027122440235742
P 2.4989526101155692 0 0.032346450483177802 6.2184471958686318
P 1.7463856887733933 0 -0.43090576828473054 2.1027623043105876
P 2.498939253942817 0 0.032551818305359304 6.2180355925142425
P 1.7463397791698541 0 -0.43087874439150692 2.1028688497469945
P 1.7725120224797148 0 -0.4452518614040038 2.0431415392114887
P 1.7451720170489911 0 -0.4301891434068511 2.1055812059304895
P 1.6594558381037074 0 -0.36610063343068888 2.3200443083320743
P 1.7359854911758004 0 -0.42461316410388944 2.1270742977120447
P 1.7359856845282209 0 -0.42461328432582973 2.1270738423507662
P 1.6588339985503575 0 -0.36552121614875177 2.3217442012589093
P 1.73455132686208 0 -0.42371806892002817 2.1304554368039419
P 1.7345518042447909 0 -0.42371836798787027 2.1304543101525728
P 1.7384023644184621 0 -0.42610641518070208 2.1213923625615263
P 1.6622799124627285 0 -0.36870739411329645 2.3123577824677435
P 1.6621936020577119 0 -0.36862831891928294 2.3125918967337333
P 1.6271746607701658 0 -0.33316852556650528 2.4123071355969561
P 1.64681076309944 0 -0.35391716959989394 2.3551650377146212
P 1.6463818126618843 0 -0.35348858197076949 2.3563777798616283
P 1.6209333554389618 0 -0.32604981058303883 2.4312420423278076
P 1.5947054459313061 0 -0.29280765775890927 2.5159537070903824
P 1.5002587179099665 0 0.016082629604935689 3.1737634617672663
P 1.6346646879495104 0 -0.34136506817331413 2.3901000300236843
P 1.5944713922592577 0 -0.29248341543385875 2.5167534925998227
P 1.701433024985072 0 0.40107076860628388 4.0724656415278933
P 1.5944304357285604 0 -0.29242662077292925 2.5168935364633067
P 1.5939008432489394 0 -0.29169071786067791 2.5187068445077059
P 1.7013577905617521 0 0.40101475127710906 4.0722780445167661
P 1.5938448838272277 0 -0.29161279396947198 2.518898715190482
P 1.7013458599851035 0 0.40100586610667255 4.0722482932201309
P 1.5937886291741106 0 -0.29153442714669525 2.5190916498419917
P 1.5937465767377739 0 -0.29147582419082829 2.5192359095223908
P 1.6354371560317733 0 -0.34218990750429568 2.3878398818836875
P 1.5899422427552372 0 -0.28609899636908054 2.5324091948921481
P 1.5413385336654231 0 -0.19907199526758071 2.7320999871484144
P 1.5892394930605587 0 -0.28508911929228931 2.5348698530214877
P 1.5410930351338463 0 -0.19850540949136561 2.7333349592440928
P 1.5904175712038928 0 -0.28677906831127309 2.5307497550605906
P 1.5437471497566557 0 -0.20453199418385473 2.7201645872956943
P 1.5436649134337557 0 -0.20434844939117683 2.7205668384822368
P 1.5249314520422486 0 -0.15591624271163529 2.8244715762701187
P 1.5289257611973293 0 -0.1675979162653409 2.7997795737739919
P 1.5280764738737009 0 -0.1651913602114842 2.8048836173229197
P 1.5220336984059863 0 -0.14679310113401253 2.8436164436892577
P 1.5317319985017117 0 -0.1752857061280215 2.7834114857800394
P 1.5109426434420192 0 -0.10403317738356327 2.9319950214585884
P 1.5000098869314613 0 -0.0031443335875680424 3.1353039449639151
P 1.5108850841706034 0 -0.10376222392182187 2.9325490209174978
P 1.510896924702632 0 -0.10381802220547838 2.9324349394262512
P 1.5108781449889392 0 -0.10372950858140087 2.9326159072611397
P 1.5000850198202857 0 0.0092202273245214784 3.1600341535126919
P 1.5108715764919254 0 -0.10369853092742222 2.9326792400393633
P 1.5107368246541129 0 -0.10306088128121001 2.9339827049437583
P 1.5000001171343418 0 0.00034224892704308744 3.1422771514973316
P 1.5106683709332729 0 -0.10273537265666113 2.9346479621290125
P 1.5025329242261831 0 0.050264386209795724 3.2422915252468507
P 1.5320845941968229 0 -0.17622477979003973 2.7814053119048476
P 1.5106257597661299 0 -0.10253220467503051 2.9350631389151851
P 1.5034715783679375 0 0.058817739769331766 3.2595011453632234
P 1.5105904735438112 0 -0.10236364302783001 2.9354075697307964
P 1.5098514110364463 0 -0.098764167272534883 2.9427567193074866
P 1.5000064629653969 0 0.0025422280831984951 3.146677131663413
P 1.5100852032266938 0 -0.099917425420044767 2.9404032845562207
P 1.5022600928198568 0 0.047486680240911405 3.2367093723810023
P 1.5000192374310279 0 -0.0043860074041482825 3.1328205262790787
P 1.500019237342574 0 -0.0043859973208632413 3.1328205464464247
P 1.5032638680220667 0 0.057036963344844975 3.2559154450379193
P 1.5000192373417116 0 0.0043859972225648676 3.1503647605365575
P 1.5000192374309456 0 0.0043860073947620294 3.1503647808817345
P 1.541565015962493 0 0.19959299940261088 3.5522215234888765
P 1.51040396204588 0 0.10146782553907333 3.3459476819898493
P 1.5098514110364449 0 0.09876416727252868 3.3404285878720872
P 1.5012797214614229 0 0.035750297542874558 3.2131543117591317
P 1.5106257596595642 0 0.10253220416640538 3.3481221672250636
P 1.5034715789049278 0 -0.05881774430250291 3.0236841526866316
P 1.5106471634806613 0 0.10263430903200638 3.3483308155145504
P 1.5106683708200817 0 0.10273537211752716 3.3485373439487978
P 1.5025329307946516 0 -0.050264451217943512 3.0408936512544429
P 1.5108551581560081 0 0.10362105817552869 3.3503476804103074
P 1.5107368246541553 0 0.1030608812814113 3.3492026022362396
P 1.5012352678446144 0 0.035124663101108705 3.2118998881777885
P 1.5108781449889503 0 0.10372950858145309 3.3505693999185535
P 1.5000850198203641 0 -0.0092202273287708119 3.1231511536583945
P 1.5108969247026331 0 0.10381802220548347 3.3507503677533457
P 1.54314679623125 0 0.20318747551517308 3.5600757877129467
P 1.5109426434420175 0 0.10403317738355489 3.351190285720981
P 1.5000098869314613 0 0.0031443335875621465 3.1478813622156596
P 1.5109493707687482 0 0.10406479735490118 3.3512549411001307
P 1.5629984107214105 0 0.24296010159692275 3.6490083737298566
P 1.5280764740608248 0 0.16519136074606505 3.4783016909894369
P 1.5289257612686704 0 0.16759791646586261 3.4834057338312636
P 1.5677296492791863 0 0.25128140378409386 3.6681532411488895
P 1.5436649134228488 0 0.2043484493668202 3.5626184686439752
P 1.5437471499809654 0 0.20453199468422634 3.5630207209805902
P 1.6589926506989059 0 0.36566923267160661 3.9618750616604288
P 1.5923928499231432 0 0.28957971476991062 3.7592898624678726
P 1.5892394930603875 0 0.28508911929204261 3.7483154541574981
P 1.5927507849461333 0 0.29008287925696241 3.7605248394395998
P 1.5899422427551704 0 0.28609899636898484 3.750776112287205
P 1.593723352950545 0 0.29144345259801691 3.7638697166854334
P 1.5756821936971526 0 0.26448893975805371 3.698988338198633
P 1.6632787392957256 0 0.3696197946400111 3.97353317131103
P 1.5938448836680656 0 0.2916127937477932 3.7642865914433061
P 1.7013458701763908 0 -0.40100587369676122 2.210936988545146
P 1.5939008437791444 0 0.29169071859884271 3.7644784644895766
P 1.7013577943308715 0 -0.4010147540840337 2.2109072532638656
P 1.5757049117965536 0 0.26452538276397902 3.6990742266081513
P 1.5944713922592633 0 0.29248341543386658 3.766431814579783
P 1.7014331164028638 0 -0.40107083665992732 2.2107194377173953
P 1.5945726138378031 0 0.29262370811280647 3.7667778078977809
P 1.5947054414787802 0 0.29280765159587202 3.7672315848828877
P 1.5002587148936732 0 -0.016082535878310059 3.1094220329626161
P 1.6970064385137891 0 0.39773722694500413 4.0613827750917348
P 1.6463818127480701 0 0.35348858205698658 3.9268075275617722
P 1.6468107626924027 0 0.35391716919369387 3.9280202683148735
P 1.7045914204172985 0 0.40340274058182929 4.080317681821791
P 1.6621936020578794 0 0.36862831891943632 3.9705934104463072
P 1.6622799122143985 0 0.36870739388583684 3.9708275240383277
P 1.8327114061996395 0 0.47118417459025297 4.3712324560306861
P 1.7345518050427278 0 0.42371836848775629 4.152730998910191
P 1.7345513251187432 0 0.42371806782787164 4.1527298662612653
P 1.7422854192023105 0 0.42846609532642271 4.1708805949050447
P 1.7359856845282584 0 0.4246132843258531 4.1561114648289088
P 1.735985489930451 0 0.42461316332956051 4.1561110065346387
P 1.7430141369796266 0 0.42890356282930764 4.1725804861827616
P 1.8401819733543168 0 0.47377019572687312 4.387043614233459
P 1.7459537129829241 0 0.4306512324989184 4.1794202235894433
P 1.782337968173217 0 0.45013691239559156 4.2619907737195772
P 1.7463856887359945 0 0.43090576826271904 4.1804230027822076
P 2.4989392539429174 0 -0.032551818303824469 0.065149714662267738
P 1.7464072599970695 0 0.43091846353783231 4.1804730623193489
P 2.4989526101155772 0 -0.032346450483056365 0.064738111310711277
P 1.7829535519498312 0 0.45043405664847913 4.2633578701548371
P 1.7471254255529505 0 0.4313402944291474 4.1821388392875285
P 1.7471569499523418 0 0.43135877415742624 4.182211922476152
P 2.2912156656360505 0 0.40643995385315179 5.3341054865635673
P 1.7475634518985763 0 0.43159679005135987 4.1831540379987286
P 2.4900215663494372 0 0.099392477142106264 6.0830673306312377
P 1.7690531381378787 0 0.44346763917566551 4.2322598341730435
P 1.8818624114964444 0 0.48584309214247817 4.473858287038964
P 1.8183801975452096 0 0.46584788005987848 4.3406463275939595
P 1.8183243641339963 0 0.46582610847040684 4.3405264714815557
P 1.8908768192004404 0 0.48794685306105484 4.4923718284284444
P 1.8353863825716286 0 0.47212536148479228 4.3769039118986557
P 1.8354084602187801 0 0.47213305861001426 4.3769506737737478
P 2.033964296127651 0 0.49884509277786149 4.7803699218244704
P 1.9216256891576922 0 0.49381926592630354 4.5549912670410651
P 1.9216252811333596 0 0.49381920116837813 4.5549904407785284
P 1.9346931273607813 0 0.49571666543105536 4.5814009774213797
P 1.9259734267862838 0 0.49448970308615559 4.5637895471709431
P 1.925973277439482 0 0.49448968072847393 4.56378924514887
P 1.9368841815428919 0 0.49600039663339923 4.5858196784822152
P 2.0440460870746846 0 0.49805616371390216 4.8005954901967653
P 1.9415025751626616 0 0.49656626072197046 4.5951255729654044
P 1.9421349913158907 0 0.49664035354569003 4.5963990563648816
P 1.5518829382981436 0 0.22179066484343876 3.6011833694170061
P 1.9422964704868051 0 0.49665914134516825 4.5967241932854623
P 1.5461890939308442 0 0.20989440567269022 3.5748052775973442
P 2.0688865371397576 0 0.4952319103217126 4.8506016749570646
P 1.9427043667484916 0 0.49670636236141436 4.5975454342833419
P 1.9428942267051026 0 0.49672822615228118 4.5979276636852466
P 1.5253928525200549 0 0.15731514727116883 3.4616597967179552
P 2.0698838106546034 0 0.49509216617554308 4.8526157089514044
P 1.943414898817597 0 0.49678780814768109 4.5989758039202329
P 1.509547223736152 0 0.097242348054147068 3.3373247414965954
P 1.9657923717668391 0 0.49882846567799421 4.6439202399075938
P 2.0571131538325522 0 0.49672737760193897 4.8268651553981368
P 1.9673734829276677 0 0.49893437482671887 4.6470895498341278
P 2.0865922158621042 0 0.49244470567982634 4.8864510251436757
P 2.016929510719252 0 0.49971330947534981 4.7462544746815309
P 2.0953550862359469 0 0.49082319375609701 4.9042745265460832
P 2.0347641503542682 0 0.49878998972528094 4.7819734220807506
P 2.2295586792583251 0 0.44418781250409539 5.1893903781676523
P 2.1213646514798881 0 0.48504703006117389 4.9575672871290033
P 2.1380425757874497 0 0.48056658983950001 4.9921075335122058
P 2.128022129819902 0 0.48333252971052565 4.9713167996832164
P 2.1413513668130992 0 0.47960378553559041 4.9989995976979973
P 2.2404981015405934 0 0.43836133857283816 5.2141796198040495
P 2.1471354746188238 0 0.4778610175654564 5.0110815821759065
P 2.1477946154667586 0 0.47765756734195364 5.0124612324596232
P 2.499482594016436 0 0.022740674453768248 6.2376882635607176
P 2.1481064594819403 0 0.47756096643227075 5.0131141594979436
P 2.4995377998218173 0 0.021493872363488667 6.2401843115906575
P 2.1481182989647523 0 0.47755729448076517 5.0131389511563089
P 2.3470196516079702 0 0.35996855612384127 5.4794736037316936
P 2.1483511847178374 0 0.47748500080401907 5.0136266484020098
P 2.4995784035857818 0 0.02052848437371135 6.242116794891496
P 2.3474534995564977 0 0.35954980968697886 5.4806795434729549
P 2.1488907747336481 0 0.47731701959935818 5.0147569140420822
P 2.499659800426453 0 0.018441362145923415 6.2462942156190788
P 2.390120752300307 0 0.31273918626331848 5.6074408165207634
P 2.1686100471570633 0 0.47071291887698685 5.056351442879607
P 1.6180877080765719 0 0.32271194783861701 3.8431707714791696
P 2.1699983164225096 0 0.47021332649502001 5.0593022974548862
P 1.6533372769765684 0 0.36031230407242493 3.9462954386422298
P 2.1711234819794685 0 0.46980501691150833 5.0616962188661088
P 2.2768349700932626 0 0.41636810556701181 5.2991538805945675
P 2.2131286885301469 0 0.45230096409959114 5.1527403898521706
P 2.2838130233121765 0 0.4116432530704251 5.3160084513768737
P 2.2282726284989196 0 0.4448500950637127 5.1864972509985678
P 2.3018447309507448 0 0.39860978211437859 5.3605099365954541
P 2.3185120314185097 0 0.3854219581726685 5.4030204359035645
P 2.3090362768645445 0 0.39306052915766104 5.3786774692344901
P 2.3220018573100463 0 0.38251118139066298 5.4121092528543091
P 2.3964056327958301 0 0.30473361200848426 5.6277968985681452
P 2.3277803212966148 0 0.3775712660818985 5.4273137946357037
P 2.3282823206174612 0 0.37713488034125742 5.4286441117377731
P 2.49990448360554 0 0.0097727821565055141 6.2636384981569089
P 2.3284013644036712 0 0.37703122398258632 5.4289598081991732
P 2.489288289459489 0 0.10294158439526421 6.0758191819595959
P 2.3285462928725802 0 0.37690493952677884 5.4293442663910954
P 2.499745777640781 0 0.015942325119348882 6.2512952519809524
P 2.4894017633912382 0 0.10240075189932096 6.0769243989571846
P 2.3286751352891 0 0.37679258942114546 5.4296861606134224
P 2.4995149405500454 0 0.022018723107493025 6.2391336149166774
P 2.3289991761052349 0 0.37650968396852263 5.4305464813839679
P 2.4839447375689061 0 0.1256880701552954 6.0290835190789949
P 2.3445180153120448 0 0.36236354276534177 5.472547077005105
P 2.3445411521707737 0 0.36234154393449786 5.4726109287957048
P 1.5913192081024714 0 -0.28806251115688236 2.5276127650049398
P 2.4448179764450173 0 0.22833520935536827 5.8089363529594298
P 2.3448308548386523 0 0.36206585250648043 5.4734107622978394
P 1.5689587905373525 0 -0.25338404792918207 2.6101609625160567
P 2.3781068987668497 0 0.3271623039179718 5.569896155488653
P 2.3452815910412879 0 0.36163603648972398 5.4746564026677431
P 1.5417951563750147 0 -0.20012076673499657 2.7298122577409534
P 2.3458802514176762 0 0.3610635008959574 5.4763131360914903
P 2.3518708521057854 0 0.35522795982066002 5.4930394586855584
P 2.420615062833019 0 0.2703386189910264 5.7119433491250744
P 2.3746738703527237 0 0.33108834300668188 5.5594654865502733
P 2.424793605787313 0 0.26372408400108771 5.7275911660177199
P 2.3848615265627497 0 0.31918898065533213 5.5907961895117548
P 2.4340716007635375 0 0.24815689676206867 5.7638377917099408
P 2.4459971442506281 0 0.22602333357484214 5.8141268140023152
P 2.4394379276614226 0 0.23852527692601924 5.7858895935794257
P 2.4484600941108199 0 0.22109623241953871 5.8251436655854896
P 2.4854629598851221 0 0.11969007719763633 6.0414579131260258
P 2.4525012109787996 0 0.21270320651724983 5.8437743949683094
P 2.4867048931290627 0 0.11453535263938221 6.0520624115895423
P 2.4527460025261694 0 0.21218166083941786 5.8449266672147084
P 2.4999551677310263 0 0.0066955402352203578 6.2697938264597761
P 2.4527510054995498 0 0.21217098533764353 5.8449502465345278
P 2.4527758026899451 0 0.21211806264077496 5.8450671347289571
P 2.4999558974545835 0 0.0066408282903597749 6.269903260081847
P 2.4868439436619765 0 0.11394285637833608 6.0532796000150313
P 2.4530437866537147 0 0.21154509536848964 5.8463322148897525
P 2.4999623131783077 0 0.006138843652987936 6.2709073113929685
P 2.4530601286858058 0 0.21151009383762515 5.8464094721011044
P 2.4999626955254923 0 0.0061076249789806906 6.2709697534235715
P 2.4611543863363976 0 0.19322689244176236 5.8864017588355528
P 2.3543007825750162 0 -0.35280441531637752 0.78328197894652807
P 2.4614930065330278 0 0.1924167480265345 5.8881578884540451
P 2.4616125649745126 0 0.19212974745637706 5.8887797037041496
P 2.1448711143265635 0 -0.47855235892614689 1.2768388241085578
P 2.4616257581107699 0 0.19209804644674841 5.8888483772174203
P 2.1387148409276335 0 -0.48037297270602275 1.289678590916016
P 2.4913604804256684 0 0.092546627576893595 6.097018550851006
P 2.4913646092117023 0 0.092524703805152417 6.0970631691719763
P 2.4618622208363172 0 0.19152882019201403 5.8900811516457221
P 2.0310808693236844 0 -0.49903304455925968 1.5085944853694726
P 2.4620593431559943 0 0.19105277648401495 5.8911116366661522
P 2.4650109460906782 0 0.18375206125606383 5.9068613902657612
P 2.4937412927653808 0 0.078864033743973133 6.1247958108871332
P 2.4751155473883402 0 0.15577296501600577 5.9663658086702611
P 2.494815732708227 0 0.071814975210052839 6.1390568780450909
P 2.4793695362110442 0 0.14214375734730061 5.994922109265973
P 2.4966586340125199 0 0.057707896000615835 6.1675117283572485
P 2.4991650064345476 0 0.02888418860203627 6.2253847509969278
P 2.4979676629809284 0 0.045035615076432646 6.192991841534381
P 2.4994921033937856 0 0.022530837695298039 6.2381083678054559
P 2.4998697932728446 0 0.011410073328584831 6.2603631794249806
P 2.4998767952954619 0 0.011099077670636051 6.2609853283804728
P 2.4998796192166037 0 0.010971157270915011 6.2612412315128081
P 2.4998959331726072 0 0.010200784160452956 6.2627823233231723
P 2.4998882318512754 0 0.010571454800808807 6.262040822034515
P 2.4999044747556862 0 0.0097732348401951205 6.2636375926165337
c_torus_parallel done 324 0
P 2 1.8872952856005409e-19 0.5 9.4364764280027044e-20
P 1.9999950377126261 0.0044552356695157771 0.5 0.0022276196771063594
P 1.9999403455019236 0.015447149693269482 0.5 0.007723651638547744
P 1.9999929292737388 0.0053181627512883653 0.5 0.0026590845092546995
P 1.9933627966648391 0.16280282820802336 0.5 0.081491580094903149
P 1.9840624499487465 0.25198451282445489 0.5 0.12632799480800605
P 1.9999999184010364 0.00057131064004661792 0.5 0.00028565532390817204
P 1.9999999683971086 0.00035554404003000281 0.5 0.00017777202095135304
P 1.999999834380829 0.00081392669028954327 0.5 0.00040696335637826066
P 1.9999997312266613 0.0010368670515333996 0.5 0.00051843354899021939
P 1.9508198301867739 0.44079699426158381 0.5 0.22222299489696354
P 1.9611474311946637 0.3923018647910968 0.5 0.19743104635468151
P 1.9573063580787451 0.41103749296690617 0.5 0.20699373940132793
P 1.9999999313098937 0.0005241759437689394 0.5 0.00026208797488494484
P 1.999999932820028 0.00051838198657135071 0.5 0.00025919099618774933
P 1.9813034571275101 0.27283073649165063 0.5 0.13684204678590306
P 1.9999999999978741 2.9160901237838064e-06 0.5 1.4580450618924199e-06
P 1.9999999531008028 0.00043312444723513744 0.5 0.00021656222531033447
P 1.9999999955169923 0.00013391053371891723 0.5 6.6955266909485452e-05
P 1.9619613073269004 0.38821106186212667 0.5 0.19534555664794176
P -0.4950933989922166 1.9377519258858533 0.5 1.8209436496320626
P 1.9999841728849779 0.0079566456243197158 0.5 0.0039783333064218676
P 1.9999829972708938 0.0082468556026959444 0.5 0.0041234394863086899
P 1.9999999999942135 4.8110074999312682e-06 0.5 2.4055037499679541e-06
P 1.4142460498438711 1.4141810741559961 0.5 0.78537519102269193
P 1.9297959128238793 0.52525016406304004 0.5 0.26574177967716711
P 1.9471965752649507 0.45653641396546601 0.5 0.23029855565910193
P 1.9516083534687858 0.43729261904456479 0.5 0.2204269980918365
P 1.9999999998652875 2.3213145846743251e-05 0.5 1.1606572923632217e-05
P 1.9999989890131817 0.0020109565512278073 0.5 0.0010054784450348184
P 1.9793484954948914 0.28666972875089219 0.5 0.14383025787119771
P 0.71512739528993496 1.8677775050861474 0.5 1.2051385119875631
P 0.10917300988582374 1.9970180905320987 0.5 1.5161826769932745
P -0.32995951045161742 1.9725939068806151 0.5 1.7365338120256526
P 0.17352050987684434 1.9924584393788694 0.5 1.4839268558198162
P 0.36484159627786067 1.9664411025061042 0.5 1.387348324154819
P 1.9979392217969372 0.090768199307075248 0.5 0.045399693841514703
P 1.0442603941971482 1.705731581788652 0.5 1.0214495869993725
P 1.9964556885662941 0.11901547626793968 0.5 0.059542915397178618
P -0.16836576249696178 1.9929006422847118 0.5 1.6550789570864974
P 0.27738030749414244 1.9806716449261486 0.5 1.43165766335412
P 0.056384517028191687 1.9992050385689553 0.5 1.542600332393788
P -0.037136696267439727 1.9996551867235361 0.5 1.5893657421043719
P 1.9397779505785451 0.48709496245526895 0.5 0.24602179682068467
P 0.36518244944907463 1.9663778321101908 0.5 1.3871749863144418
P -1.9998651394444957 -0.023225503969716066 0.5 3.1532056665987223
P 0.81878132129757408 1.8247183749538445 0.5 1.1490102369783519
P 0.25388533075834807 1.9838201125166879 0.5 1.4435102301486618
P 1.9999493000612043 0.014240687648378755 0.5 0.0071204039916321566
P 1.9999488351188819 0.014305834705734802 0.5 0.0071529783498525835
P -0.47734904898164127 1.9421992393769292 0.5 1.8117970261072585
P 0.47382971528548751 1.9430608330447283 0.5 1.3316072605099312
P 0.3108299588743072 1.9756985439753192 0.5 1.4147488035585107
P 0.10360900017296057 1.9973144907808482 0.5 1.5189686273370837
P 0.38847791538595727 1.9619084864634693 0.5 1.3753147546635454
P 0.23172610293871657 1.9865303957445088 0.5 1.4546724676864415
P 0.36289745828133008 1.9668008121751808 0.5 1.3883368917946306
P 0.45922921793656207 1.9465632600543383 0.5 1.3391146331634027
P -1.9686898205011671 0.3525058732206921 0.5 2.964414166700009
P 0.32089730490280671 1.9740883768732633 0.5 1.4096511492144519
P 0.31105134712022459 1.9756637010014366 0.5 1.4146367468894634
P -0.11215534773208491 1.9968528183056193 0.5 1.6269034336260593
P -0.39189032961580161 1.961229708512906 0.5 1.7680175334737249
P 0.84500791365001005 1.8127221590384053 0.5 1.1345901316081792
P 0.058893988124036546 1.999132686482527 0.5 1.5413450753650415
P 0.49298333270390238 1.9382898218987152 0.5 1.3217377776176511
P 0.45347966782852411 1.9479107245626355 0.5 1.3420673019723759
P -0.30752674592558388 1.9762153983157862 0.5 1.7251721475460062
P 0.24745006810991615 1.9846330803935517 0.5 1.4467534368566108
P 0.1646365769564552 1.9932121807595049 0.5 1.4883847847629992
P 1.9777866323112179 0.29725416237800834 0.5 0.14917978880385491
P 0.47518012403581728 1.9427310286607626 0.5 1.3309122110867886
P -0.30573301890384402 1.9764936936787685 0.5 1.7242645538643744
P -0.20406328787861014 1.9895623072777016 0.5 1.6730058379188126
P -0.21114705483949894 1.988822998970146 0.5 1.6765669608013247
P 0.1122615325237102 1.9968468514924793 0.5 1.5146360438111037
P 0.001783508481673423 1.9999992047742159 0.5 1.5699045724358689
P 0.058113550527300946 1.9991555255269937 0.5 1.5417354612229093
P -1.9830790451079341 0.25961028649459233 0.5 3.0114201958165552
P 1.9999999999929992 5.2918108812989652e-06 0.5 2.64590544065257e-06
P 0.029243929383360751 1.9997861867195255 0.5 1.556173841019227
P -0.024362245421488949 1.9998516147449599 0.5 1.5829777507644149
P -1.9812810439205597 0.2729934523043675 0.5 3.0046684807002917
P -0.23495927323879934 1.9861505833946971 0.5 1.6885478874999444
P -0.2360990637101856 1.986015415880545 0.5 1.6891217761240915
P -0.046545732307644964 1.9994583003413562 0.5 1.5940712943269926
P -1.979526811704698 0.28543581019597508 0.5 2.9983857639326517
P -0.46124919515283103 1.9460856044816901 0.5 1.8035158623203047
P -0.11105533873473043 1.9969142975447178 0.5 1.6263525707752073
P -0.15021635508834633 1.9943507832535308 0.5 1.6459753013975122
P 1.9999999999927252 5.3943907559507098e-06 0.5 2.6971953779786253e-06
P 1.9999999959419377 0.00012740584565062996 0.5 6.3702922868400048e-05
P -0.42723738110745602 1.953834235595344 0.5 1.7860739900856915
P 0.40874264440769609 1.9577868756947483 0.5 1.3649748957700818
P 0.26510627935742376 1.9823518004242495 0.5 1.4378519183520921
P -1.9950763310022348 0.14025132254157691 0.5 3.0714093896676768
P 0.31385233465095841 1.9752206742625349 0.5 1.4132188430505155
P 0.38778550059809413 1.9620454646938958 0.5 1.375667671537339
P 0.27968617947251317 1.9803473536256384 0.5 1.4304933812748186
P -0.4363188086248454 1.9518262979169523 0.5 1.7907243743539396
P -0.43807213566787634 1.9514335253734332 0.5 1.7916227654447106
P -0.080943638531856571 1.9983613605605028 0.5 1.6112792028043859
P -0.15221950160308789 1.9941988926212217 0.5 1.646979749885864
P 0.021449521010129879 1.9998849762044906 0.5 1.5600713606846586
P -1.9989359908549047 0.065229628735110609 0.5 3.1089720542477073
P 0.15036070145136471 1.9943399056978861 0.5 1.4955449743749911
P -0.42345944310504124 1.9546565171520975 0.5 1.7841407953745769
P -0.11806812234546626 1.9965119379772853 0.5 1.6298647310047567
P -0.094702148102007278 1.9977566175950627 0.5 1.6181651132210113
P -0.045580934723815421 1.9994805271344114 0.5 1.5935887675333937
P -0.39991722342157937 1.9596086891037134 0.5 1.772112006021541
P -0.40641824587718678 1.958270719134132 0.5 1.7754306464449399
P 0.011038521865324757 1.9999695375267665 0.5 1.5652770378403404
P 1.9999902883154628 0.0062327075843537872 0.5 0.003116358836360847
P -0.45231071902531883 1.9481824897721463 0.5 1.7989252896046151
P -1.9543098464008015 0.4250564953754683 0.5 2.9274310625112054
P -1.941280454469213 0.48107192507545665 0.5 2.8986746660478699
P -0.49591604716722443 1.9375415541768479 0.5 1.821368210077295
P -0.22142729853573498 1.987704694229796 0.5 1.6817374118013315
P 0.087125280024372351 1.9981013952201412 0.5 1.5272198968401465
P -1.9766078405432908 0.30499417158822745 0.5 2.98849823291037
P -0.097088855980082406 -1.9976420485273327 0.5 4.6638254658257265
P -1.6452472749679028 1.1371725481256967 0.5 2.5368063785247692
P -1.9403691370158038 0.48473457903944162 0.5 2.8967875029793593
P -1.8585764722081304 0.7387106990929404 0.5 2.7632774320577029
P 1.9684925532630582 0.35360580841932776 0.5 0.17773722919105489
P 1.9955674123524139 0.13308156430208753 0.5 0.066589983746721704
P -0.21578928166165395 1.9883246681364559 0.5 1.6789014100611992
P -1.99944750849457 0.047007028994149429 0.5 3.1180869746048598
P -0.46743385918938624 1.9446093662438524 0.5 1.8066950675131443
P -1.6405079059199297 1.1439990431002147 0.5 2.5326511784099148
P -1.9986257077228706 0.074130158702480117 0.5 3.1045190821956803
P -0.30136988242717117 -1.9771636740456853 0.5 4.5611278918199565
P -0.11319397795040417 -1.9967942115690749 0.5 4.6557617323456872
P -1.9842829238644073 0.25024243856732026 0.5 3.0161426439272954
P -0.13529378131787254 1.9954186509945004 0.5 1.6384949171636922
P -1.9496824081966611 0.44580097259704182 0.5 2.9168038477872722
P 0.35685937625881037 1.967905329424201 0.5 1.391406029395015
P -1.9597921958053455 -0.39901697866188901 0.5 3.3424489540642792
P -1.9969859939678183 0.10975855272535749 0.5 3.0866857928535048
P -1.9486566433067423 0.45026357447221887 0.5 2.9145143599480172
P 0.0087661177828709837 1.9999807887024856 0.5 1.5664132538693658
P -1.8910374613726673 0.65113540810281378 0.5 2.8099805720692674
P -1.9519103215702198 0.43594276751385713 0.5 2.9218572630393957
P -1.9917687415741927 -0.18126577197021146 0.5 3.2323500817445279
P -1.9562864065348997 0.4158647563893445 0.5 2.9321319937577139
P -1.9643309914377696 0.37603690786558353 0.5 2.9524484258575594
P -1.9493839686485139 0.44710417441147832 0.5 2.9161353791642974
P -1.9418935485021371 0.47859110552305262 0.5 2.8999523936042415
P -1.9445406248403772 -0.46771974337780087 0.5 3.3776384105910617
P 0.49557521061989773 1.9376287597522504 0.5 1.3204003514178735
P -1.9962834527553954 0.12187032557188535 0.5 3.0806197179902446
P -1.9999437257321135 0.015003129831905418 0.5 3.1340910183155364
P -1.9584795504620918 -0.40541071818811419 0.5 3.3457125020085861
P -1.9870785394228472 0.22697770411466434 0.5 3.0278587612049446
P -1.9932407592912078 0.16429021729917218 0.5 3.0593548798986339
P -1.9370792774886756 0.49771866824939387 0.5 2.8900902942528708
P -1.9460227527118379 0.46151429655845011 0.5 2.9087368929745985
P -1.9660751675991193 0.36680844503650017 0.5 2.9571443506536488
P -0.51661517695402637 1.9321254511394337 0.5 1.8320662532646117
P -1.9744358888790676 0.31875213051260715 0.5 2.9815340460971913
P -1.9941538419067106 0.15280855607165958 0.5 3.065113843152973
P -1.9941488319745773 0.15287392169506728 0.5 3.0650810644855815
P -1.9941492516451147 -0.15286844724543011 0.5 3.2181014974379973
P -1.9941535882659649 -0.15281186605096048 0.5 3.2180731238682174
P -1.9744401422306803 -0.31872578299863186 0.5 3.3016379167718788
P -0.51659219643936205 -1.9321315955643279 0.5 4.4511309478000793
P -1.9668317335798038 0.36272983304859768 0.5 2.9592184452753862
P 0.41201878074712944 -1.9571000292043452 0.5 4.9198840922356721
P -1.99729337535687 -0.10401525251404921 0.5 3.1936237534079428
P -1.9990054998038027 -0.063063553294664676 0.5 3.1731296576698873
P -1.9725349806302479 -0.33031159560334517 0.5 3.3075086298969283
P -1.9962816916584558 -0.1218991696003449 0.5 3.2025800380598879
P -1.9931133542599748 -0.16582869797038199 0.5 3.2246023008029741
P -1.9445450131232165 0.46770149875495359 0.5 2.9055562790627336
P -1.9419026418491088 -0.47855420756634465 0.5 3.3832139126005778
P -1.9493837408714394 -0.44710516752333901 0.5 3.3670504374643944
P -1.9643308962508943 -0.37603740509975697 0.5 3.3307371344535959
P -1.9562459826698992 -0.41605487052536755 0.5 3.3511504955622162
P -1.9917701624654467 0.18125015837887623 0.5 3.0508430644905875
P -1.9512100179734257 -0.43906658465447318 0.5 3.3629287206256118
P -0.91271284651433493 -1.7795941278301917 0.5 4.2384929424556717
P 1.9999999999999238 -5.5210101428528805e-07 0.5 6.2831850311290793
P -0.015280479150877206 -1.9999416258873457 0.5 4.7047486664763492
P -1.9991408695982611 0.05861555682503309 0.5 3.112280677922163
P -1.9999973532531012 0.003253764064902325 0.5 3.1399657708396842
P -1.9965592957420759 -0.11726456662566816 0.5 3.2002585827813439
P -1.9981564942762691 -0.085852340571297134 0.5 3.1845320178469723
P -1.8484939805865632 -0.76359020667845312 0.5 3.5333304061300543
P -0.13531018033150061 -1.9954175390375462 0.5 4.6446821716812661
P -1.9843783348391979 -0.24948471740932823 0.5 3.2666608109855484
P -0.11319223699901128 1.9967943102591112 0.5 1.6274227029607038
P -0.30134377727388961 1.9771676529566997 0.5 1.72204421203845
P -1.998625343607991 -0.07413997496519302 0.5 3.1786711364906326
P -1.6408095788221151 -1.1435663190412673 0.5 3.7502703785788101
P -0.14766807322066841 -1.9945410850998522 0.5 4.6384876947268285
P -1.9994481613785593 -0.046979250312229395 0.5 3.1650844393981035
P -1.9512528651479386 -0.43887612859662389 0.5 3.3628311124927981
P -1.9511821753499201 -0.43919029884180433 0.5 3.3629921249074783
P 1.9992849713778478 -0.053475258042189534 0.5 6.2564444913410808
P -1.899903478402736 -0.62479338405042684 0.5 3.4593076048115012
P -1.8967916259989011 -0.63417783589498378 0.5 3.4642510793203076
P -1.874426973276722 -0.69751238114650438 0.5 3.4978362933308613
P 0.087146286093632327 -1.9981004791601664 0.5 4.7559759233565098
P -0.22125200001350878 -1.9877242143944471 0.5 4.6015360863765808
P -0.49637935884783219 -1.937422909978566 0.5 4.4615779663011264
P -1.9442505961014662 -0.46892389527416239 0.5 3.3782577042427198
P -1.9543097776730409 -0.42505681136943224 0.5 3.3557544063592051
P -0.45237511565162575 -1.9481675376463847 0.5 4.484226962728334
P 0.011031505018337879 -1.9999695762428564 0.5 4.7179047608623481
P -0.008756458385544166 -1.9999808310172731 0.5 4.7080107372041642
P -1.9321694692486029 -0.51645052241581912 0.5 3.4027773616476118
P 0.16811738551285635 -1.9929216102717944 0.5 4.7965469804403966
P -1.9460772213501765 -0.4612845635201509 0.5 3.374330363260992
P 0.44441999193332832 -1.9499976591703849 0.5 4.9364695329037982
P -0.48373369594902998 -1.9406188990637732 0.5 4.4680996175370202
P -0.50767988634431216 -1.9344924742684906 0.5 4.4557408059871078
P -0.42161621635274832 -1.9550549266218564 0.5 4.4999874083037614
P -1.9702949622991033 -0.34342067721495051 0.5 3.3141581854182558
P -0.078269837774893589 -1.9984678712690609 0.5 4.6732440651451013
P -1.9939129055960387 -0.15592089307582233 0.5 3.219632288641328
P -0.40444471756257544 -1.9586792668621702 0.5 4.5087623468959039
P -0.43813556402239723 -1.9514192854276027 0.5 4.4915300381496319
P -0.43633584694955058 -1.9518224890257869 0.5 4.4924522033903749
P 0.27966792434010845 -1.9803499317280508 0.5 4.8526827077640773
P 0.38773369391646634 -1.9620557032362491 0.5 4.9074912312864942
P 0.31390398576362522 -1.975212466475875 0.5 4.8699926137237224
P -1.9950751477774582 -0.14026815290989281 0.5 3.2117843534664869
P 0.26483498313110398 -1.9823880628448982 0.5 4.8451965343375392
P -0.40472519855305117 -1.9586213298277422 0.5 4.5086191457383347
P -0.42734870698269845 -1.9538098890731963 0.5 4.4970543385811848
P -0.37779213028436254 -1.9639941716551002 0.5 4.5223511289176059
P -0.3772552103224544 -1.9640973769863246 0.5 4.5226245033804542
P 0.40642763825529504 -1.9582687698225243 0.5 4.9170280962984423
P 1.9729262657437028 -0.32796638537906325 0.5 6.1184581449560946
P -0.14615124510620181 -1.9946528052655947 0.5 4.6392481631738649
P 0.41644750258847213 -1.9561624364013905 0.5 4.9221475335404712
P -0.12062766823317976 -1.9963589270611199 0.5 4.6520385184155684
P -0.46256426706941373 -1.9457734448877999 0.5 4.4789936383360498
P -0.43959642495764895 -1.9510907162826783 0.5 4.4907813605721882
P -1.9812849695106463 -0.27296496037256712 0.5 3.2785024459331016
P -0.024348949236923816 -1.999851776675226 0.5 4.7002142050004609
P 0.029251127126127652 -1.9997860814501762 0.5 4.7270150654166221
P 1.9999999999930009 -5.2911172230670388e-06 0.5 6.2831826616209749
P -1.9830904709133201 -0.25952299353387953 0.5 3.2717210925885709
P 0.05804862763131996 -1.9991574117187771 0.5 4.7414173708117877
P 0.0017823686942355461 -1.9999992057903018 0.5 4.7132801648497722
P 0.11229482429756257 -1.9968449795705172 0.5 4.76856593554814
P -0.28890036621910181 -1.9790241480079187 0.5 4.5674316748941877
P -0.092561893109582599 -1.9978569257942298 0.5 4.666091496157593
P 1.9999999671239714 -0.00036263495828893337 0.5 6.2830039896994485
P -0.031034492677392399 -1.9997592005699729 0.5 4.6968711112586545
P 1.9999999998176234 -2.7009380982103428e-05 0.5 6.283171802489095
P 0.32917101491161488 -1.9727256380303009 0.5 4.8777267537439339
P 0.053270857942007054 -1.9992904280504427 0.5 4.7390275597616629
P 0.36751872655841561 -1.9659425183938823 0.5 4.8971985642564313
P -0.49382544699945657 -1.9380754443250621 0.5 4.4628959446591079
P 0.18773876849119991 -1.991169042247646 0.5 4.806396768536727
P 0.058962919551653267 -1.9991306545891254 0.5 4.7418747124986469
P 0.82849999071142488 -1.8203262799265325 0.5 5.1395075954809792
P -0.39200950746880142 -1.9612058907860919 0.5 4.5151070064351462
P -0.11187610947108166 -1.9968684824318337 0.5 4.6564217121849794
P 0.31103201177401679 -1.9756667450893148 0.5 4.8685387735378018
P 0.32089255770418418 -1.9740891485467587 0.5 4.8735317532107425
P -1.9686900249404085 -0.35250473145779776 0.5 3.3187705605188222
P 0.45922934865157533 -1.9465632292163155 0.5 4.9440707411678746
P -0.21607149925056274 -1.9882940193069067 0.5 4.6041419586472303
P -0.21254018827958318 -1.9886746009254705 0.5 4.6059178389118829
P 1.9333765161414951 -0.5119133196475506 0.5 6.0243481074436369
P 1.9999999903142069 -0.00019683285370746277 0.5 6.2830868907525739
P 0.014424586582102774 -1.9999479821490196 0.5 4.7196013362043914
P 0.42521128771806777 -1.9542761731129872 0.5 4.9266297777756094
P 0.13768802003367991 -1.9952548732277802 0.5 4.7812874877168783
P -0.15927488229346301 -1.9936477903256642 0.5 4.6326671196907361
P 0.42971266964404864 -1.9532913304336823 0.5 4.9289337072308266
P 0.18147694666865849 -1.9917495118181454 0.5 4.8032524327546113
P 0.25396317640265531 -1.9838101484344397 0.5 4.8397143174032262
P 0.83501275776828254 -1.8173479838391455 0.5 5.1430883229600992
P -1.9998638987409112 0.023332091907976457 0.5 3.1299263430013444
P 0.36542641510722895 -1.9663325087944508 0.5 4.8961343908508255
P 1.9398436042542215 -0.48683343253518524 0.5 6.0372983327460812
P -0.037116519066720734 -1.9996555613435953 0.5 4.6938296554142704
P 0.056405275767780302 -1.9992044529926298 0.5 4.7405953582843532
P 0.27940651127365757 -1.9803868312675388 0.5 4.8525507055222148
P 0.20309087760563282 -1.9896618042856866 0.5 4.8141097478609209
P -0.20267967026187733 -1.9897037345450546 0.5 4.6108748827096013
P 1.9999996048465079 -0.0012572246466918896 0.5 6.2825566948148408
P 0.42516857331649782 -1.9542854664209151 0.5 4.9266079209364406
P 1.4147403563260867 -1.4136865721164422 0.5 5.4981597127710309
P -0.27983033452721501 -1.9803269891304283 0.5 4.5720132416773094
P 0.22032607467329482 -1.9878270600882406 0.5 4.8227760646172264
P 0.11403206222715319 -1.9967465259226627 0.5 4.7694359483261728
P 0.47930264980341719 -1.9417180459303103 0.5 4.9543956746827886
P 0.7717803933979076 -1.8450894353300522 0.5 5.1085615445286336
P 1.9789946174647606 -0.28910258394816479 0.5 6.1381258204004805
P 2 -2.4123730138220327e-09 0.5 6.2831853059734
P 1.9999999998652913 -2.3212813433173057e-05 0.5 6.2831737007728696
P 1.9426819095784118 -0.4753808980141877 0.5 6.0431978439090015
P 1.9472007986200481 -0.45651840034487867 0.5 6.0528960025644114
P 1.9289003060275545 -0.52852966748027164 0.5 6.0157437292070348
P 0.48131671783384355 -1.9412197755879308 0.5 4.9554330685028178
P 1.9999998049114067 -0.00088337666661925693 0.5 6.2827436188319155
P 1.999999793580447 -0.00090866834934965853 0.5 6.2827309729892811
P 1.9999999999969778 -3.4768870365460814e-06 0.5 6.2831835687360682
P 1.9999999999659461 -1.167113971909557e-05 0.5 6.2831794716097269
P 1.9999999999970883 -3.4127691930671376e-06 0.5 6.2831836007949899
P 1.9999999999986215 -2.348093819427288e-06 0.5 6.2831841331326768
P 1.9999999999409783 -1.5365122818861248e-05 0.5 6.283177624618177
P 1.9999999988793569 -6.6952018001196012e-05 0.5 6.2831518311705796
P 1.9999999531007262 -0.00043312480021098006 0.5 6.2829687447777882
P 1.9999999999978739 -2.91626031461189e-06 0.5 6.2831838490494292
P 1.9812972609782822 -0.27287572929807585 0.5 6.1463205516679631
P 1.9999999328200277 -0.00051838198668866463 0.5 6.2829261161833401
P 1.999999931309677 -0.00052417677107645681 0.5 6.2829232187910478
P 1.9573069581061051 -0.41103463570534482 0.5 6.0761930275707492
P 1.9611471577967128 -0.39230323152616958 0.5 6.0857535639190292
P 1.9999999999634375 -1.2093405408169885e-05 0.5 6.2831792604768824
P 1.9999911725948565 -0.0059421833235881556 0.5 6.280214211146613
P 1.9999972652373588 -0.0033074224233088554 0.5 6.2815315952141804
P 1.9999975375770527 -0.0031384208968925865 0.5 6.2816160960871299
P 1.9999915968476945 -0.0057976321554249989 0.5 6.2802864870420017
P 1.9999929292737388 -0.0053181627512896889 0.5 6.2805262226703311
P 1.999940345501924 -0.015447149693225947 0.5 6.2754616555410605
P 1.9999950377137832 -0.0044552351501377339 0.5 6.2809576877621698
c_torus_cross done 4 0
P 0 1.9375 0.4960783708246107 0.25065566233613079
P 0 -1.9375 0.49607837082461032 2.8909369912536627
P 0 -1.9375 -0.4960783708246107 3.392248315925924
P 0 1.9374999999999998 -0.49607837082461143 6.0325296448434553
c_torus_tangent done 6 0
P -2.5 -3.1730940995488034e-12 0 3.1415926535908509
P -2.5 4.0939619382487465e-11 0 3.1415926535761467
P -2.5 -7.4911709147937764e-11 0 3.1415926536147638
P -2.4999999999999996 4.012600688487648e-08 0 3.1415926402144576
P -2.4999999999999991 7.8098947676651512e-08 0 3.1415926275568107
P -2.4999999999999996 -5.2630408996591066e-08 0 3.1415926711332629
c_torus_tilted done 4 0
P 1.2315594121350677 1.4946292300169832 -0.49597192251273736 0.79013665534954225
P -1.2315594121350677 1.4946292300169834 -0.49597192251273747 2.351455998240251
P -1.7242629936099521 0.26077842389316597 0.4294161820801255 3.3133078332824817
P 1.7242629936099521 0.26077842389316608 0.42941618208012544 6.1114701274868981
