slot_box_fuse done 1 1 0
S 238.61774355243472 292.85727862586526 6.1465857795362737 4.6714512351632349 1.9413606202125695 14 36 24 14 36 24 1
slot_box_cut done 1 1 0
S 163.61774353520153 212.7313224377798 4.6094293494076437 4.5208492477434508 2.0290775522931139 10 24 16 10 24 16 1
slot_box_common done 1 1 0
S 19.214109497494725 48.107315668157774 8.3259042492653066 4.3224582376096663 1.7523901102090051 7 15 10 7 15 10 1
box_slot_fuse done 1 1 0
S 238.61774355243472 292.85727862586526 6.1465857795362737 4.671451235163234 1.9413606202125699 14 36 24 14 36 24 1
box_slot_cut done 1 1 0
S 55.785890510117312 128.23327185624325 9.9043890685997518 5.2333629790936973 1.7491767841086845 11 27 18 11 27 18 1
box_slot_common done 1 1 0
S 19.214109497494725 48.107315668157781 8.325904249265303 4.3224582376096645 1.7523901102090049 7 15 10 7 15 10 1
slot_rod_fuse done 1 1 0
S 193.41892793146357 222.45847341302914 4.9178952521325776 4.5000000000000009 2.0571733412794462 10 24 16 10 24 16 1
slot_rod_cut done 1 1 0
S 171.30211565078011 217.32134249983847 5.1009596760944094 4.5000000000000009 2.0000000013653385 7 21 14 7 21 14 1
slot_rod_common done 1 1 0
S 11.529737440376184 32.81939018726036 3.5000000014448278 4.4999999999999112 1.9999999797143864 5 9 6 5 9 6 1
slot_ball_fuse done 1 1 0
S 192.52080014275904 208.27245966686294 5.2820477077913228 4.5064498269681659 2.0061718517551728 7 16 11 7 16 11 1
slot_ball_cut done 1 1 0
S 178.38345075828724 198.76709752671275 4.8883253691399249 4.4970539651568595 1.9967538558919637 7 13 9 7 13 9 1
slot_ball_common done 1 1 0
S 4.4482452244022337 15.966568872838629 9.478245312330845 4.6181361529369696 2.1301380641798642 2 1 1 2 1 1 1
halves_box_fuse done 1 1 0
S 142.11453044999308 194.02062847318558 5.9252201296538649 4.28670006229496 2.3454072223080189 11 27 18 10 24 16 1
halves_box_cut done 1 1 0
S 92.11453044999304 122.47888821218228 4.9347250028634386 3.8995190528383299 2.5328951357895599 7 15 10 6 12 8 1
halves_box_common done 1 1 0
S 6.0602399746880717 23.789096036431754 6.9319629998556218 3.8995190528383299 2 5 9 6 4 6 4 1
rounded_slab_fuse done 1 1 0
S 521.57081997756472 1020.757753489008 5.0211780886020874 1.2677838855101182 2.6492653066526652 20 48 32 20 48 32 1
rounded_slab_cut done 2 1 0
S 3.3413132811532651 20.359375943299302 3.4365059846603856 2.3170946051245203 0.38108952303188881 5 9 6 5 9 6 1
S 98.229506697195063 137.51340080822683 5.1656324754343679 5.3700457172264775 1.6543515722496125 11 27 18 11 27 18 1
rounded_slab_common done 1 1 0
S 15.853957983172393 58.374987739710171 4.3032734759655016 3.2726722966539992 0.77947025123948388 8 18 12 8 18 12 1
notch_box_fuse done 1 1 0
S 317.96842715394979 309.32873577019598 6.2996673676500325 2.7737511937321297 1.5271078885222806 11 27 18 11 27 18 1
notch_box_cut done 1 1 0
S 285.96842715394973 303.54422164458492 6.333200285462806 2.3008319867185318 1.4741910413098416 11 27 18 11 27 18 1
notch_box_common done 1 1 0
S 14.761094646211747 38.127833849949425 6.3574074344046405 6.0146639391778756 2 7 15 10 7 15 10 1
both_fuse done 1 1 0
S 363.35652015017365 330.52273396188076 5.8563425177264845 2.9445612768223564 1.7071179364449991 18 45 30 18 45 30 1
both_cut done 2 1 0
S 0.52581552500460838 6.4150030616043932 7.5275400430922881 7.1572367488160769 3.3160362191887733 4 6 4 4 6 4 1
S 179.99885046235477 296.98062142980655 6.7212810729763479 1.3523353654889754 1.4049262035293586 13 33 22 13 33 22 1
both_common done 1 1 0
S 120.20484540262413 148.89842529271385 5.7498227393119956 4.1559563770468104 1.6344227369788307 11 27 18 11 27 18 1
chain_slot_fuse done 1 1 0
S 227.08800617753553 314.21402682518953 6.2809585253485141 4.6801561762616499 1.9383833760596083 15 45 30 15 45 30 1
chain_slot_cut done 1 1 0
S 152.08800613154006 234.08807063710407 4.6935347915711034 4.5224298217816994 2.031281912570218 11 33 22 11 33 22 1
chain_slot_common done 1 1 0
S 19.214109497494725 48.107315668157774 8.3259042492653066 4.3224582376096663 1.7523901102090051 7 15 10 7 15 10 1
slot_flush_fuse done 1 1 0
S 190.8318530717959 211.96459430051419 5 4.5880356173750485 1.9077722103689978 11 24 16 11 24 16 1
slot_flush_cut done 1 1 0
S 182.83185307179582 195.96459430051425 5 4.5 2.0000000000000004 7 16 12 6 12 8 1
slot_flush_common done 0 1 0
slot_kiss_fuse done 2 1 0
S 11.999999999999995 31.999999999999993 11.500000000000004 4.2000000000000002 1.6000000000000001 7 15 10 6 12 8 1
S 182.83185307179588 195.96459430051419 4.9999999999999991 4.4999999999999991 2.0000000000000004 6 13 10 6 13 10 1
slot_kiss_cut done 1 1 0
S 182.83185307179588 195.96459430051425 4.9999999999999991 4.5 1.9999999999999998 6 13 10 6 13 10 1
slot_kiss_common done 0 1 0
lens_box_fuse done 1 1 0
S 115.15571353414472 178.37768948707804 5.0000000000000027 3.7294470888332714 2.3326396332505697 14 30 20 14 30 20 1
lens_box_cut done 1 1 0
S 73.155713534144752 149.11084953641154 5 2.9999999999999991 2.6671434390961979 8 18 12 8 18 12 1
lens_box_common done 1 1 0
S 16.303330066177743 44.535449753212184 5 3.0000000000000013 1.7500000000000002 6 12 8 6 12 8 1
