torus_equator done 2
S above 29.608813203268078 96.916738249613644 -1.9490859162596853e-17 2.6793533591763315e-16 0.42441318157838764 2 3 2 1
S below 29.608813203268056 96.916738249613644 -4.2459835068746574e-16 2.988445161458897e-16 -0.42441318157838781 2 3 2 1
torus_height done 2
S above 11.577111663124736 72.126806160573324 5.2236217150653685e-16 2.846602292527683e-16 0.70502016189856598 2 3 2 1
S below 47.64051474341143 111.60522376493078 -3.1693681766925682e-16 1.6150486326672825e-16 -0.17132680415009116 3 5 3 1
torus_high done 2
S above 57.676619475720614 117.63461445667635 7.0836688553503858e-16 1.7488384869559208e-16 -0.024721623835325474 3 5 3 1
S below 1.5410069308155383 37.302646440158412 -4.4408920985006262e-16 2.9097963537684814e-16 0.92527792202555093 2 3 2 1
torus_touch done 1
S below 59.217626406536148 118.43525281307228 2.9997096256532581e-17 1.3434919671107875e-16 -1.1998838502613033e-16 2 4 2 1
torus_miss done 1
S below 59.217626406536155 118.4352528130723 0 2.9365941679793571e-18 5.3920734338616712e-18 1 2 1 1
torus_meridian done 2
S above 29.608813203268085 65.500811713715734 1.9629109648000425 -1.04989836897864e-16 -1.0504385300584378e-16 4 5 3 1
S below 29.608813203268085 65.500811713715734 -1.9629109648000416 2.4225137492998193e-16 -3.2892381065236295e-17 3 3 2 1
torus_meridian_skew done 2
S above 29.608813203268074 65.500811713715734 1.3879876540755387 1.3879876540755383 2.9710984735271908e-17 4 5 3 1
S below 29.608813203268067 65.500811713715734 -1.3879876540755391 -1.3879876540755387 9.9653216678598831e-17 3 3 2 1
torus_tilted_height done 2
S above 7.0038478380578226 48.909758457518251 1 -1.7086292946081525 0.88849427385579682 2 3 2 1
S below 20.754414540005989 68.302032964029166 1.0000000000000004 -2.0983268442045624 0.36889754106058337 3 5 3 1
torus_parallel_outer done 2
S above 1.4305513564273542 11.88489057409776 3.670773859251069 -1.2751080339272485e-07 -1.1617649611820103e-08 5 8 5 1
S below 57.787058700574363 117.4283847670914 -0.090871987541402355 -2.8723791377259353e-10 3.734610335092285e-08 2 6 4 1
torus_parallel_inner done 2
S above 10.240371735227411 31.69375562614086 3.0490525114739202 1.0613867116587285e-07 5.1363640223331634e-09 5 8 5 1
S below 48.977282108370481 108.50984119935346 -0.63750890346670586 9.7012947466582457e-09 -1.2844944519799037e-07 2 6 4 1
torus_oblique done 2
S above 22.107821159224347 77.200764944400149 1.7769174838676749 1.2701604922922273e-08 0.33135451383864339 4 8 5 1
S below 37.109807077028478 99.983537103983053 -1.0585822192237928 -3.3052122157618216e-08 -0.19740124508642029 3 6 4 1
torus_oblique_tube done 2
S above 6.0213997905842129 26.297513211152676 3.1363340480234791 1.2650101333455009e-07 0.3584865462989118 5 8 5 1
S below 53.196230119010906 113.78716574287758 -0.35500848051982942 5.6146082832447672e-10 -0.040577631717766502 2 6 4 1
