l_plane_cross done 1 0
P 0.5 0.5 0 1.2247448713915889
l_plane_parallel done 0 0
l_plane_contained done 0 0
l_cylinder_two done 2 0
P 0.96824583655185403 0.25 0.5 2.968245836551854
P -0.96824583655185403 0.25 0.5 1.031754163448146
l_cylinder_tangent done 1 0
P 0 1 1 2.0615528128088303
l_cylinder_ruling done 0 0
l_cylinder_miss done 0 0
l_sphere_two done 2 0
P 1.9202864369671522 0.5 0.25 4.9202864369671522
P -1.9202864369671522 0.5 0.25 1.0797135630328478
l_sphere_tangent done 1 0
P 0 2 0 3
l_sphere_miss done 0 0
l_cone_two done 2 0
P 0.48574315271501778 0.25 1 3.4857431527150178
P -0.48574315271501778 0.25 1 2.5142568472849822
l_cone_nappes done 2 0
P 0.25 0.34805317824924459 0.7844254259939567 2.8060944331599083
P 0.25 0.17957026082733563 -0.56343791338131499 1.4477417267191781
l_cone_narrow done 2 0
P 0.018804850091866054 0 0.37578353542049442 3.021424204033762
P -0.018726594358612125 0 0.37421972523505781 2.9838601943325145
l_cone_miss done 0 0
l_torus_four done 4 0
P -2.5 0 0 0.5
P -1.5 0 0 1.5
P 2.5 0 0 5.5
P 1.5 0 0 4.5
l_torus_top done 2 0
P -2 0 0.5 1
P 2 0 0.5 5
l_torus_inner done 1 0
P 1.5 0 0 1
l_torus_axis done 0 0
l_torus_tilted done 4 0
P -2.4605376424107197 0.54495519646577339 0.20504480353422661 0.54319570564791597
P -1.5316745735154642 0.62236045220704461 0.12763954779295533 1.478486969367542
P 2.4402298964472031 0.95335249137060019 -0.20335249137060024 5.4778789954745992
P 1.4697905386570635 0.87248254488808863 -0.12248254488808863 4.5007237142442786
c_plane_cross done 2 0
P 0.50000000000000011 0.8660254037844386 0 1.0471975511965976
P 0.50000000000000011 -0.8660254037844386 0 5.2359877559829888
c_plane_tangent done 1 0
P 1 0 0 0
c_plane_contained done 0 0
c_plane_parallel done 0 0
c_plane_tilted done 2 0
P 0.25 1.6832159566199232 -0.88741196746494244 1.4033482475752073
P 0.24999999999999903 -0.6832159566199234 0.88741196746494255 4.8798370596043785
c_sphere_two done 2 0
P 0.49999999999999989 0.86602540378443871 0 1.0471975511965979
P 0.49999999999999933 -0.86602540378443904 0 5.2359877559829879
c_sphere_tangent done 1 0
P 1 0 0 0
c_sphere_contained done 0 0
c_cylinder_four done 4 0
P 0.49999999999999989 0 -0.86602540378443871 1.0471975511965979
P -0.50000000000000022 0 -0.86602540378443849 2.0943951023931957
P -0.50000000000000044 0 0.86602540378443837 4.1887902047863905
P 0.49999999999999933 0 0.86602540378443904 5.2359877559829879
c_cylinder_tangent done 1 0
P 0.5 1.2246467991473532e-16 0 3.1415926535897931
c_cylinder_contained done 0 0
c_cone_two done 2 0
P 1 0.34731461298575944 1.9377486654784171 1.216090400550399
P 1 -0.3473146129857595 1.9377486654784171 1.9255022530393944
c_torus_meridian done 420 0
P 2.5 0 -5.0285381463172427e-17 1.0057076292634485e-16
P 2.4998882318512896 0 -0.010571454800144462 0.021144485143742536
P 2.4999044747556289 0 -0.0097732348431118672 0.019547714568887341
P 2.4998796192166122 0 -0.010971157270541699 0.021944075666031577
P 2.4998959331724304 0 -0.01020078416912589 0.020402983873763651
P 2.323607724071806 0 -0.38115356606106404 0.86687037532777111
P 2.3226586541891465 0 -0.38195731813495698 0.86935774489093498
P 2.4838925590743033 0 -0.12588880519141524 0.25451659962715234
P 2.4979676629824681 0 -0.045035615059407341 0.090193465611015919
P 2.4822517186943802 0 -0.13203514614039766 0.26723987124445947
P 2.49665863401259 0 -0.057707896000011479 0.11567357882112116
P 2.4793695362104264 0 -0.14214375734938439 0.2882631979179604
P 2.4690716488320894 0 -0.17312362132864728 0.35356793937292064
P 2.4751155473894344 0 -0.15577296501266863 0.31681949850230151
P 2.4665551063007332 0 -0.17979525239758548 0.36782900653462702
P 2.4166451376774347 0 -0.27641785262488272 0.58576343369802797
P 2.2656291163050915 0 -0.42360497231616184 1.0107113032778687
P 2.4618622208377481 0 -0.19152882018856413 0.39310415552639477
P 2.0310808693243523 0 0.49903304455921804 4.7745908218114526
P 2.4617395052865323 0 -0.1918244751269981 0.39374437721497035
P 2.4617310258186258 0 -0.19184488472846908 0.39378857917005222
P 2.4616257581078611 0 -0.1920980464537379 0.39433692997730724
P 2.1387148409294512 0 0.48037297270549795 4.9935067162673539
P 2.4616125649682288 0 -0.19212974747147471 0.39440560350814319
P 2.1448711143265253 0 0.47855235892615855 5.0063464830709483
P 2.2625736337580675 0 -0.42550568369304326 1.0179081729371509
P 2.4611543863369798 0 -0.193226892440373 0.39678354834102086
P 2.3543007825763986 0 0.35280441531498918 5.4999033282369769
P 2.4530601286961979 0 -0.21151009381536531 0.43677583502934986
P 2.4999626955254439 0 -0.0061076249829487362 0.012215553763951613
P 2.453043786705376 0 -0.21154509525785195 0.43685309204562428
P 2.4999623131780728 0 -0.0061388436721288809 0.012277995824902721
P 2.452989109519351 0 -0.21166215215967513 0.43711148641885206
P 2.45277580270572 0 -0.21211806260710345 0.43811817237626249
P 2.4999558974549894 0 -0.006640828259797657 0.013282047036609897
P 2.2097142891702313 0 -0.45389416929260579 1.1379805640696807
P 2.4527460025179297 0 -0.21218166085699963 0.43825864000371167
P 2.4999551677311227 0 -0.0066955402280275715 0.013391480705423493
P 2.4527335769212422 0 -0.2122081721520114 0.43831719747006692
P 2.2080098827797556 0 -0.45467778554263272 1.1417323954620144
P 2.4499694635616374 0 -0.21800798577587099 0.45116690232441153
P 2.3926916748468758 0 -0.30950484407510565 0.66748114768710487
P 2.4394379276607263 0 -0.23852527692730224 0.49729571360308045
P 2.3892580808005182 0 -0.31381227912798004 0.67849820205304556
P 2.4340716007631018 0 -0.24815689676283062 0.51934751547140101
P 2.3848615265626854 0 -0.31918898065540979 0.69238911766803346
P 2.3606795260939442 0 -0.34628063684914251 0.76503365140103352
P 2.3746738703531856 0 -0.33108834300615947 0.72371982062791895
P 2.3552170551746388 0 -0.3518818604490116 0.78068146829444418
P 2.2703255840679883 0 -0.42062344038141863 0.99958535857973929
P 2.1560231098970712 0 -0.4750334611141056 1.253450290083568
P 2.3452815910395493 0 -0.36163603649138382 0.80852890451665049
P 1.5417951563749988 0 0.20012076673495963 3.5533730494385525
P 2.3449279738079558 0 -0.36197333173141089 0.80950627495703664
P 2.3448308548406467 0 -0.36206585250458073 0.8097745448762379
P 1.5689587905371059 0 0.25338404792876251 3.6730243446625566
P 2.3446211548689813 0 -0.36226545462791448 0.81035356158790506
P 2.3445411521851507 0 -0.36234154392082718 0.81057437834420387
P 1.5913192081027643 0 0.28806251115729764 3.7555725421756629
P 2.1531688576075996 0 -0.47596144913131661 1.2594529378125952
P 2.3289991759908677 0 -0.37650968406845814 0.85263882609937458
P 2.4839446076294447 0 -0.12568857046837173 0.254102821923474
P 2.3286751352045068 0 -0.37679258949493588 0.85349914679067285
P 2.4995149405363586 0 -0.022018723417989987 0.044051692884506027
P 2.3286743969629335 0 -0.37679323345974786 0.85350110606737561
P 2.3285462929066867 0 -0.37690493949704829 0.85384104069799982
P 2.4997457754108865 0 -0.015942395019941404 0.031890195070936794
P 2.3285457137001346 0 -0.37690544438793838 0.85384257744136305
P 2.1167321552389438 0 -0.48618268576047746 1.3351573927361713
P 2.3282823206374923 0 -0.37713488032382081 0.85454119538869877
P 2.49990448360378 0 -0.0097727822465217603 0.019546809202744493
P 2.1152043616012932 0 -0.48654697108094141 1.33829864040066
P 2.3243855402970781 0 -0.38049181495292728 0.86482791311566254
P 2.2354367816066878 0 -0.44110035351004279 1.0805156010037691
P 2.3090362768659509 0 -0.39306052915655554 0.90450783794151901
P 2.2314180508450461 0 -0.44322193734412513 1.0896043758519225
P 2.3018447309499437 0 -0.39860978211498543 0.92267537058614291
P 2.228272628498301 0 -0.44485009506403023 1.0966880561824097
P 2.1920255830501927 0 -0.46165590590204031 1.176616366042087
P 2.2131286885295998 0 -0.45230096409984905 1.1304449173286257
P 2.1842176649653062 0 -0.46482669019187156 1.193470936823497
P 2.0419867139592149 0 -0.49823399708460991 1.4867238941091589
P 2.1699983164206373 0 -0.47021332649569691 1.2238830097286821
P 1.6533372769763228 0 -0.36031230407218867 2.3368898685380382
P 2.1686100471546479 0 -0.47071291887785216 1.2268338643051113
P 1.6180877080767018 0 -0.32271194783877055 2.4400145357000147
P 2.1686020909448929 0 -0.47071576872780674 1.2268507667213207
P 2.1488907748028687 0 -0.47731701957776601 1.2684283929924842
P 2.499659800426568 0 -0.018441362142809344 0.036891091554275265
P 2.1483807257694267 0 -0.47747582160789903 1.2694967901628933
P 2.1483511847349352 0 -0.47748500079870687 1.2695586587417684
P 2.4995784035851889 0 -0.020528484388140596 0.041068512316973366
P 2.1481588869014501 0 -0.47754470390961656 1.2699613641862975
P 2.0229620170902987 0 -0.49947246748058577 1.5248561348474603
P 2.1481064594506161 0 -0.47756096644198537 1.2700711477472351
P 2.4995377998235608 0 -0.021493872322964021 0.043000995507804743
P 2.1477946154796905 0 -0.47765756733795228 1.2707240746928894
P 2.4994825940166843 0 -0.02274067444831205 0.045497043607945181
P 2.0222116594274482 0 -0.49950639854308077 1.5263583838884696
P 2.1441021905998854 0 -0.47878445950585563 1.2784452045308417
P 2.0385472717562578 0 -0.49851189337883328 1.4936252088467792
P 2.1280221298197075 0 -0.48333252971057711 1.3118685074967724
P 2.0351106015448095 0 -0.4987657222175173 1.5005172849427457
P 2.1213646514796234 0 -0.48504703006124006 1.3256180200511283
P 2.1321904328434012 0 -0.48220917604777519 1.3032344379289698
P 2.0347641503547087 0 -0.49878998972525024 1.5012118850979526
P 1.9912234687130184 0 -0.49992296656441843 1.5883502908728937
P 2.0169295107189722 0 -0.4997133094753593 1.5369308324986157
P 1.9823148898033811 0 -0.49968713899532519 1.6061739263435459
P 1.9110631514524556 0 -0.49202666286536867 1.7496215943907791
P 1.965792371767793 0 -0.49882846567805961 1.6392650672700801
P 2.0571131538325473 0 -0.49672737760193947 1.4563201517814592
P 1.943414898828703 0 -0.49678780814894613 1.6842095032369979
P 1.5095472237361329 0 -0.097242348054051131 2.9458605656831867
P 1.9429034612584359 0 -0.49672928770481523 1.6852390527580392
P 1.9428942267050984 0 -0.49672822615228068 1.6852576434943485
P 1.5253928525199403 0 -0.15731514727082349 2.8215255104623589
P 1.9084418695028 0 -0.49154563240848526 1.7549517074009571
P 1.9423135049979312 0 -0.49666112017589648 1.6864268157693714
P 1.9422964704868013 0 -0.49665914134516786 1.6864611138941314
P 1.5461890939307488 0 -0.20989440567248394 2.7083800295826967
P 1.942134991258504 0 -0.49664035353900371 1.6867862509302549
P 1.5518829382982036 0 -0.22179066484356028 2.6820019377623092
P 1.9085894133366086 0 -0.49157309186514125 1.7546515527419968
P 1.939531875994871 0 -0.49633013809288301 1.6920293257694379
P 1.8351391350983588 0 -0.47203908230556796 1.906805133426853
P 1.925973281537724 0 -0.49448968134199417 1.7193960537428954
P 1.9259734298984583 0 -0.49448970355205735 1.7193957537149338
P 1.8330549467344508 0 -0.47130600377054704 1.9112238451019745
P 1.9216252705995176 0 -0.49381919949653758 1.728194887732432
P 1.9216256994116077 0 -0.4938192675537077 1.7281940193740104
P 1.9295063680511952 0 -0.49500570487082918 1.7122548956370449
P 1.8354084602192138 0 -0.47213305861016541 1.9062346334049203
P 1.8353863823707299 0 -0.47212536141474593 1.9062813957064506
P 1.7918115672673443 0 -0.45459605857983471 2.0002529889904541
P 1.8183243671809926 0 -0.46582610965875798 1.9426588291569713
P 1.8183801964208302 0 -0.46584787962151736 1.9425389819992465
P 1.7834315424892129 0 -0.45066406913731027 2.0187665303801317
P 1.765694123283613 0 -0.44170211244249813 2.0585149748499751
P 1.747563451780896 0 -0.43159678998252987 2.1000312694535204
P 2.4900215663495096 0 -0.099392477141749397 0.20011797654762048
P 1.7471569503877318 0 -0.43135877441263215 2.1009733836940891
P 2.2912156656337368 0 -0.40643995385480924 0.94907982062171081
P 1.7717804560157266 0 -0.44487733111905164 2.0447852698191755
P 1.747123329906904 0 -0.4313390658433659 2.1010513263508153
P 1.7464072603576033 0 -0.43091846375000409 2.1027122440235742
P 2.4989526101155759 0 0.032346450483073212 6.2184471958688414
P 1.746385688841571 0 -0.43090576832485722 2.1027623041523684
P 2.4989392539429143 0 0.03255181830386767 6.2180355925172321
P 1.7463397791698541 0 -0.43087874439150692 2.1028688497469945
P 1.7725120224797086 0 -0.44525186140400069 2.0431415392115024
P 1.7451720170489911 0 -0.4301891434068511 2.1055812059304895
P 1.6594558350359614 0 -0.36610063057709369 2.3200443167115901
P 1.7359854923411306 0 -0.42461316482846456 2.1270742949675929
P 1.7359856870326869 0 -0.42461328588304637 2.1270738364525381
P 1.6588339985503573 0 -0.36552121614875166 2.3217442012589098
P 1.7345513226201299 0 -0.42371806626255348 2.1304554468151982
P 1.7345518059125073 0 -0.42371836903264981 2.1304543062166652
P 1.7384023644167872 0 -0.42610641517967385 2.1213923625654569
P 1.6622799122772174 0 -0.3687073939433762 2.3123577829708828
P 1.6621936022901118 0 -0.36862831913225114 2.3125918961032887
P 1.6271746607701658 0 -0.33316852556650528 2.4123071355969561
P 1.6468107632051934 0 -0.35391716970542975 2.3551650374158131
P 1.6463818129158854 0 -0.35348858222486346 2.3563777791430738
P 1.6209333554389618 0 -0.326049810583039 2.4312420423278072
P 1.5947054459313061 0 -0.29280765775890932 2.5159537070903824
P 1.5002587178810962 0 0.016082628707837433 3.1737634599721409
P 1.6346646879500275 0 -0.34136506817386753 2.3901000300221695
P 1.5944713939814801 0 -0.29248341782172205 2.5167534867115493
P 1.701433024985072 0 0.40107076860628388 4.0724656415278933
P 1.5944304339265125 0 -0.29242661827365024 2.5168935426256995
P 1.5939008444098859 0 -0.29169071947697667 2.5187068405276465
P 1.7013577905617372 0 0.40101475127709796 4.0722780445167288
P 1.5938448847139983 0 -0.29161279520455646 2.5188987121495638
P 1.7013458599851035 0 0.40100586610667255 4.0722482932201309
P 1.593788629174119 0 -0.29153442714670713 2.5190916498419624
P 1.5937465765274286 0 -0.29147582389765286 2.5192359102440474
P 1.6354371560317738 0 -0.34218990750429601 2.3878398818836866
P 1.5899422427550975 0 -0.28609899636888025 2.5324091948926366
P 1.5413385336654231 0 -0.19907199526758071 2.7320999871484144
P 1.5892394930603877 0 -0.28508911929204289 2.5348698530220877
P 1.5410930351338463 0 -0.19850540949136561 2.7333349592440928
P 1.590417571212686 0 -0.2867790683238316 2.5307497550299289
P 1.5437471498574269 0 -0.20453199440864692 2.7201645868030022
P 1.5436649135560401 0 -0.20434844966425261 2.7205668378838261
P 1.5249314520423276 0 -0.15591624271187601 2.824471576269612
P 1.5289257612697311 0 -0.16759791646884423 2.7997795733419935
P 1.5280764740060835 0 -0.16519136058967862 2.8048836165215305
P 1.5220336984059863 0 -0.14679310113401253 2.8436164436892577
P 1.5317319984692042 0 -0.17528570604117877 2.7834114859654946
P 1.5109426434420192 0 -0.10403317738356327 2.9319950214585884
P 1.5000098869314726 0 -0.00314433358936568 3.1353039449603197
P 1.5108850841706034 0 -0.10376222392182187 2.9325490209174978
P 1.5108969247026409 0 -0.10381802220552074 2.9324349394261646
P 1.5108781449889392 0 -0.10372950858140087 2.9326159072611397
P 1.5000850198202857 0 0.0092202273245210343 3.160034153512691
P 1.5108715764919254 0 -0.10369853092742222 2.9326792400393633
P 1.5107368246541564 0 -0.10306088128141663 2.933982704943336
P 1.5000001171343418 0 0.00034224892704308744 3.1422771514973316
P 1.5106683709332729 0 -0.10273537265666113 2.9346479621290125
P 1.5025329308787536 0 0.050264452050302104 3.2422916575983369
P 1.5320845941968229 0 -0.17622477979003973 2.7814053119048476
P 1.5106257624789661 0 -0.10253221762308004 2.9350631124568052
P 1.5034715839391839 0 0.058817786800737917 3.2595012400836954
P 1.5105904735438112 0 -0.10236364302783001 2.9354075697307964
P 1.5098514110364465 0 -0.098764167272535328 2.9427567193074857
P 1.5000064629653969 0 0.0025422280831984951 3.146677131663413
P 1.5100852032266938 0 -0.099917425420044767 2.9404032845562207
P 1.502260092819836 0 0.047486680240691248 3.23670937238056
P 1.5000192374310268 0 -0.0043860074040266064 3.1328205262793221
P 1.5032638680220667 0 0.057036963344844975 3.2559154450379193
P 1.5000192373417116 0 0.0043859972225644235 3.1503647605365566
P 1.5000192374317325 0 0.0043860074844657079 3.1503647810611488
P 1.541565015962493 0 0.19959299940261088 3.5522215234888765
P 1.51040396204588 0 0.10146782553907333 3.3459476819898493
P 1.5098514110364449 0 0.09876416727252868 3.3404285878720872
P 1.5012797214614229 0 0.035750297542874558 3.2131543117591317
P 1.5106257596595642 0 0.10253220416640538 3.3481221672250636
P 1.5034715839009714 0 -0.058817786478156171 3.0236840677455654
P 1.5106471634806613 0 0.10263430903200638 3.3483308155145504
P 1.5106683708200779 0 0.10273537211750979 3.3485373439487622
P 1.502532930795238 0 -0.050264451223748403 3.040893651242774
P 1.5108551581560081 0 0.10362105817552869 3.3503476804103074
P 1.5107368246541379 0 0.10306088128132873 3.3492026022360708
P 1.5012352678446144 0 0.035124663101108705 3.2118998881777885
P 1.5108781449889503 0 0.10372950858145309 3.3505693999185535
P 1.5000850198203577 0 -0.0092202273284187081 3.1231511536590988
P 1.5108969247026331 0 0.10381802220548347 3.3507503677533457
P 1.54314679623125 0 0.20318747551517308 3.5600757877129467
P 1.5109426434420175 0 0.10403317738355489 3.351190285720981
P 1.5000098869314726 0 0.0031443335893660013 3.1478813622192674
P 1.5109493707687482 0 0.10406479735490118 3.3512549411001307
P 1.5629984107213317 0 0.24296010159678089 3.649008373729532
P 1.5280764740008124 0 0.16519136057462003 3.478301690626147
P 1.5289257611972891 0 0.16759791626522844 3.4834057334053559
P 1.5677296492791863 0 0.25128140378409386 3.6681532411488895
P 1.5436649134228653 0 0.20434844936685709 3.5626184686440561
P 1.5437471498443929 0 0.20453199437957167 3.5630207203128581
P 1.6589926501817343 0 0.36566923218931469 3.9618750602461135
P 1.5923928499231481 0 0.28957971476991751 3.7592898624678894
P 1.5892394930603873 0 0.28508911929204223 3.7483154541574972
P 1.5927507849461333 0 0.29008287925696241 3.7605248394395998
P 1.589942242755237 0 0.28609899636908048 3.7507761122874381
P 1.593723352950545 0 0.29144345259801707 3.7638697166854338
P 1.5756821936969991 0 0.26448893975780724 3.6989883381980522
P 1.6632787357839591 0 0.36961979144081458 3.9735331618100069
P 1.5938448838272374 0 0.29161279396948592 3.7642865919891388
P 1.7013458532620893 0 -0.40100586109962344 2.2109370307248319
P 1.5939008437791444 0 0.29169071859884271 3.7644784644895766
P 1.7013577943309008 0 -0.4010147540840554 2.2109072532637928
P 1.5757049117963702 0 0.26452538276368487 3.6990742266074581
P 1.5944713922592633 0 0.29248341543386658 3.766431814579783
P 1.7014330800814912 0 -0.40107080962141184 2.2107195282783896
P 1.5945726161943823 0 0.2926237113778245 3.7667778159510554
P 1.5947054414787802 0 0.29280765159587202 3.7672315848828877
P 1.5002586574408223 0 -0.016080750515775944 3.109425605536035
P 1.6970064385137891 0 0.39773722694500413 4.0613827750917348
P 1.6463818128341592 0 0.3534885821431073 3.9268075278053138
P 1.646810762998866 0 0.35391716949952678 3.9280202691807915
P 1.7045914204173414 0 0.40340274058186076 4.0803176818218976
P 1.6621936019288925 0 0.36862831880123437 3.9705934100963969
P 1.6622799124629417 0 0.36870739411349163 3.970827524712421
P 1.8327114042443498 0 0.47118417389604955 4.3712324518809504
P 1.7345518046496862 0 0.42371836824152626 4.1527309979825899
P 1.7345513245142545 0 0.42371806744917473 4.1527298648346358
P 1.7422854192235957 0 0.42846609533922536 4.1708805949547223
P 1.7359856836582002 0 0.42461328378487179 4.1561114627798483
P 1.7359854883640526 0 0.4246131623556107 4.1561110028456376
P 1.7430141369508589 0 0.42890356281207098 4.172580486115689
P 1.8401819733543168 0 0.47377019572687312 4.387043614233459
P 1.7459537129829241 0 0.4306512324989184 4.1794202235894433
P 1.7823379681732434 0 0.45013691239560433 4.2619907737196359
P 1.7463856887733966 0 0.43090576828473248 4.1804230028690066
P 2.4989392539429098 0 -0.03255181830393486 0.065149714662488992
P 1.7464072599970695 0 0.43091846353783231 4.1804730623193489
P 2.4989526101155772 0 -0.032346450483056365 0.064738111310711277
P 1.7829535519498352 0 0.45043405664848107 4.263357870154846
P 1.7471254255529505 0 0.4313402944291474 4.1821388392875285
P 1.7471569499523418 0 0.43135877415742624 4.182211922476152
P 2.2912156656360034 0 0.40643995385318538 5.3341054865634518
P 1.7475634518985763 0 0.43159679005135987 4.1831540379987286
P 2.4900215663494372 0 0.099392477142106264 6.0830673306312377
P 1.7690531381370815 0 0.44346763917525034 4.2322598341712458
P 1.8818624114964444 0 0.48584309214247817 4.473858287038964
P 1.818380197856307 0 0.4658478801811658 4.3406463282617684
P 1.8183243660318305 0 0.46582610921057627 4.3405264755556816
P 1.8908768192004404 0 0.48794685306105484 4.4923718284284444
P 1.8353863832832564 0 0.47212536173291209 4.3769039134059415
P 1.8354084602190621 0 0.47213305861011251 4.3769506737743447
P 2.033964296127651 0 0.49884509277786149 4.7803699218244704
P 1.9216256883737655 0 0.49381926580188618 4.5549912654535882
P 1.921625277957997 0 0.49381920066441198 4.5549904343483156
P 1.9346931273607813 0 0.49571666543105536 4.5814009774213797
P 1.9259734188456323 0 0.49448970189741648 4.5637895311126684
P 1.9259732815377235 0 0.49448968134199406 4.5637892534366902
P 1.9368841815428919 0 0.49600039663339923 4.5858196784822152
P 2.0440460870746846 0 0.49805616371390216 4.8005954901967653
P 1.9415025751626616 0 0.49656626072197046 4.5951255729654044
P 1.9421349913158907 0 0.49664035354569003 4.5963990563648816
P 1.5518829382982218 0 0.22179066484359658 3.6011833694173583
P 1.9422964704868051 0 0.49665914134516825 4.5967241932854623
P 1.5461890939307228 0 0.20989440567242762 3.5748052775967656
P 2.0688865419111435 0 0.49523190965801495 4.8506016845917141
P 1.9427043667484916 0 0.49670636236141436 4.5975454342833419
P 1.9428942267051053 0 0.49672822615228146 4.597927663685252
P 1.5253928525199871 0 0.15731514727096502 3.4616597967175258
P 2.0698838010457417 0 0.49509216753186391 4.8526156895431765
P 1.943414898817597 0 0.49678780814768109 4.5989758039202329
P 1.5095472237361522 0 0.097242348054147942 3.3373247414965972
P 1.9657923717668391 0 0.49882846567799421 4.6439202399075938
P 2.0571131538326366 0 0.4967273776019292 4.8268651553983073
P 1.9673734829276677 0 0.49893437482671887 4.6470895498341278
P 2.0865922158621051 0 0.49244470567982618 4.8864510251436775
P 2.0169295107190477 0 0.49971330947535675 4.7462544746811224
P 2.0953550862359469 0 0.49082319375609701 4.9042745265460832
P 2.0347641503548228 0 0.49878998972524224 4.7819734220818626
P 2.2295586803443403 0 0.44418781194283691 5.1893903806125978
P 2.1213646514801514 0 0.48504703006110794 4.9575672871295469
P 2.1380425757898918 0 0.48056658983879841 4.992107533517288
P 2.128022129819902 0 0.48333252971052565 4.9713167996832164
P 2.141351366821735 0 0.47960378553304533 4.9989995977160024
P 2.2404980977818032 0 0.43836134063502247 5.2141796112294108
P 2.1471354746393758 0 0.47786101755912835 5.0110815822189148
P 2.1477946154667586 0 0.47765756734195364 5.0124612324596232
P 2.4994825940164382 0 0.022740674453715012 6.2376882635608242
P 2.1481064594819403 0 0.47756096643227075 5.0131141594979436
P 2.4995377998238864 0 0.021493872315400994 6.2401843116869218
P 2.1481182989647523 0 0.47755729448076517 5.0131389511563089
P 2.3470196516078925 0 0.35996855612391587 5.4794736037314786
P 2.1483511847178374 0 0.47748500080401907 5.0136266484020098
P 2.4995784035855975 0 0.020528484378200412 6.2421167948825103
P 2.347453499556309 0 0.35954980968716127 5.48067954347243
P 2.1488907747336481 0 0.47731701959935818 5.0147569140420822
P 2.4996598004262212 0 0.018441362152210101 6.2462942156064969
P 2.3901207523006134 0 0.3127391862629359 5.607440816521744
P 2.1686100471570633 0 0.47071291887698685 5.056351442879607
P 1.6180877080765719 0 0.32271194783861701 3.8431707714791696
P 2.1699983164225096 0 0.47021332649502001 5.0593022974548862
P 1.6533372769763213 0 0.36031230407218706 3.9462954386415436
P 2.1711234819794685 0 0.46980501691150833 5.0616962188661088
P 2.2768349700932258 0 0.41636810556703635 5.2991538805944787
P 2.2131286885301469 0 0.45230096409959114 5.1527403898521706
P 2.2838130233121263 0 0.41164325307045962 5.316008451376752
P 2.2282726284995826 0 0.44485009506337247 5.1864972510000582
P 2.3018447309517445 0 0.39860978211362175 5.3605099365979614
P 2.3185120314185093 0 0.38542195817266905 5.4030204359035627
P 2.3090362768645445 0 0.39306052915766104 5.3786774692344901
P 2.3220018573126793 0 0.38251118138844653 5.4121092528611925
P 2.3964056346177562 0 0.30473360963847446 5.6277969045468943
P 2.3277803213125901 0 0.3775712660680301 5.4273137946780139
P 2.3282823206772107 0 0.37713488028924741 5.4286441118962037
P 2.4999044835985016 0 0.0097727825165260171 6.2636384974367303
P 2.3284013643403991 0 0.37703122403769757 5.4289598080313564
P 2.4892882894599029 0 0.10294158439329645 6.0758191819636176
P 2.328546292872578 0 0.37690493952678061 5.42934426639109
P 2.499745777640781 0 0.015942325119348882 6.2512952519809524
P 2.4894017633908843 0 0.10240075190101403 6.0769243989537252
P 2.3286751352045032 0 0.37679258949493871 5.4296861603889051
P 2.4995149366390836 0 0.022018811831076235 6.2391334372971983
P 2.3289991760050768 0 0.3765096840560419 5.4305464811179514
P 2.4839447214621253 0 0.12568813217223779 6.0290833909301824
P 2.3445180153164298 0 0.36236354276117261 5.4725470770172064
P 2.3445411521916824 0 0.36234154391461643 5.4726109288534088
P 1.5913192081027641 0 -0.28806251115729742 2.5276127650039242
P 2.4448179807872235 0 0.2283352008963519 5.8089363719762339
P 2.3448308548446315 0 0.36206585250078566 5.4734107623143542
P 1.5689587905369358 0 -0.25338404792847302 2.6101609625177016
P 2.3781068999283006 0 0.32716230257566364 5.5698961590387288
P 2.3452815910598388 0 0.36163603647201187 5.4746564027190407
P 1.5417951563750147 0 -0.20012076673499657 2.7298122577409534
P 2.3458802514235702 0 0.36106350089031136 5.4763131361078141
P 2.3518708521027034 0 0.35522795982371308 5.4930394586768818
P 2.4206150628330261 0 0.27033861899101558 5.7119433491251002
P 2.3746738703528152 0 0.33108834300657836 5.5594654865505495
P 2.424793605787313 0 0.26372408400108771 5.7275911660177199
P 2.3848615265628506 0 0.31918898065521045 5.590796189512071
P 2.4340716007625223 0 0.24815689676384484 5.763837791705849
P 2.4459971442510318 0 0.22602333357404591 5.8141268140041005
P 2.4394379276613378 0 0.23852527692617614 5.7858895935790686
P 2.4484600941089236 0 0.22109623242338441 5.8251436655769142
P 2.485462959874476 0 0.11969007724081705 6.0414579130370782
P 2.4525012109787996 0 0.21270320651724983 5.8437743949683094
P 2.4867048930654931 0 0.11453535290951404 6.0520624110345205
P 2.4527460025261694 0 0.21218166083941786 5.8449266672147084
P 2.4999551677311227 0 0.0066955402280276461 6.2697938264741628
P 2.4527510054995498 0 0.21217098533764353 5.8449502465345278
P 2.4527758026899451 0 0.21211806264077496 5.8450671347289571
P 2.4999558974549894 0 0.0066408282597975868 6.2699032601429767
P 2.4868439437411345 0 0.1139428560401181 6.0532796007097467
P 2.4530437866537147 0 0.21154509536848964 5.8463322148897525
P 2.4999623131780728 0 0.0061388436721280708 6.2709073113546854
P 2.4530601286858058 0 0.21151009383762515 5.8464094721011044
P 2.4999626955256717 0 0.0061076249642948686 6.2709697534529454
P 2.4611543863363976 0 0.19322689244176236 5.8864017588355528
P 2.3543007825764573 0 -0.35280441531493045 0.78328197894244389
P 2.4614930065330278 0 0.1924167480265345 5.8881578884540451
P 2.4616125649745126 0 0.19212974745637706 5.8887797037041496
P 2.1448711143233079 0 -0.47855235892713244 1.2768388241153608
P 2.4616257581107699 0 0.19209804644674841 5.8888483772174203
P 2.1387148409294112 0 -0.48037297270550944 1.2896785909123152
P 2.4913604804256684 0 0.092546627576893595 6.097018550851006
P 2.4913646092310335 0 0.092524703702491731 6.0970631693809061
P 2.4618622208366743 0 0.19152882019115383 5.8900811516475846
P 2.0310808693236844 0 -0.49903304455925968 1.5085944853694726
P 2.4620593431559943 0 0.19105277648401495 5.8911116366661522
P 2.4650109460906782 0 0.18375206125606383 5.9068613902657612
P 2.493741292765383 0 0.078864033743959977 6.1247958108871599
P 2.475115547389195 0 0.15577296501339874 5.9663658086757483
P 2.4948157327082296 0 0.071814975210033952 6.1390568780451291
P 2.4793695362107551 0 0.14214375734827689 5.9949221092639364
P 2.4966586340125172 0 0.057707896000639212 6.1675117283572014
P 2.4991650064345476 0 0.02888418860203627 6.2253847509969278
P 2.4979676629809071 0 0.045035615076666168 6.192991841533912
P 2.4994921033937856 0 0.022530837695298039 6.2381083678054559
P 2.49986979327283 0 0.011410073329222377 6.2603631794237051
P 2.4998767952967977 0 0.011099077610467909 6.2609853285008388
P 2.4998796192166037 0 0.010971157270915011 6.2612412315128081
P 2.4998959331724997 0 0.010200784165714761 6.2627823233126465
P 2.4998882318512914 0 0.010571454800063348 6.2620408220360062
P 2.4999044747557821 0 0.0097732348352755523 6.2636375926263748
c_torus_parallel done 326 0
P 2 1.8878246811925751e-19 0.5 9.4391234059628753e-20
P 1.9999950377137827 0.0044552351503309067 0.5 0.0022276194175132802
P 1.9999403455019236 0.015447149693269492 0.5 0.0077236516385477492
P 1.9999929292737388 0.0053181627512883653 0.5 0.0026590845092546995
P 1.9933689142870143 0.1627279065010353 0.5 0.081453994567503143
P 1.9840543479829118 0.25204829745527546 0.5 0.12636014337321377
P 1.9999999184010364 0.0005713106400465764 0.5 0.00028565532390815128
P 1.9999999683971086 0.00035554404042415671 0.5 0.00017777202114842999
P 1.999999834380829 0.00081392669028964052 0.5 0.00040696335637830928
P 1.9999997312266613 0.0010368670515656301 0.5 0.00051843354900633464
P 1.950829701057792 0.44075330681773212 0.5 0.22220060055144378
P 1.9611463136329255 0.39230745152748187 0.5 0.19743389506349757
P 1.9573062788420448 0.41103787028144706 0.5 0.20699393217367903
P 1.9999999313098937 0.00052417594386202694 0.5 0.00026208797493148861
P 1.999999932820028 0.00051838198653814593 0.5 0.00025919099617114695
P 1.9812976311189807 0.27287304176542504 0.5 0.13686339906075015
P 1.9999999999978739 2.9161861248242751e-06 0.5 1.4580930624126542e-06
P 1.9999999531008028 0.00043312444664969462 0.5 0.00021656222501761305
P 1.9999999955174279 0.00013390402716140226 0.5 6.6952013630720662e-05
P 1.9619622824402836 0.38820613375076019 0.5 0.19534304481953646
P -0.49509339901639848 1.9377519258796749 0.5 1.8209436496445419
P 1.9999841728832892 0.007956646048769167 0.5 0.0039783335186482725
P 1.9999829972708938 0.0082468556026911444 0.5 0.00412343948630629
P 1.9999999999942135 4.8110074362044658e-06 0.5 2.4055037181045529e-06
P 1.4108714648034646 1.417547780430461 0.5 0.7877585996159675
P 1.9294641214070187 0.52646766681634016 0.5 0.26637273105235848
P 1.9472007863590486 0.45651845264206214 0.5 0.2302893314727974
P 1.9447628059199926 0.4667950607174387 0.5 0.23557025661442479
P 1.9999999998652824 2.3213570740968659e-05 0.5 1.1606785370744936e-05
P 1.9999989890131817 0.0020109565511590164 0.5 0.0010054784450004228
P 1.9787142733102303 0.29101516214514916 0.5 0.14602599447377662
P 0.77417641129703885 1.8440853787694425 0.5 1.1733248176657045
P 0.109173396135264 1.997018069416572 0.5 1.5161824835801831
P -0.3299595104931104 1.9725939068736746 0.5 1.7365338120466873
P 0.17352050993564566 1.9924584393737486 0.5 1.4839268557903043
P 0.36484410932525063 1.96644063624882 0.5 1.387347046187386
P 1.997506482901654 0.099839124424566578 0.5 0.049940318444175673
P 0.5980825800235916 1.9084803450579009 0.5 1.2671085153227382
P 1.4715059487767763 1.3544999973106531 0.5 0.74401850464745301
P 1.4089358326372237 1.4194716691469589 0.5 0.78912315273257216
P 1.9964555391608731 0.1190179824810822 0.5 0.05954417072843924
P -0.14994625297313249 1.9943711092019252 0.5 1.6458398684833691
P 0.27203292495184661 1.9814131542265845 0.5 1.4343569388954447
P 0.056395781744293383 1.9992047208331243 0.5 1.5425946977956455
P -0.037116376534875095 1.9996555639891889 0.5 1.5893555804871178
P 1.9398359265095215 0.48686402436711862 0.5 0.24590274472158719
P 0.36539370693200018 1.9663385870532297 0.5 1.3870675504049046
P -1.9998651161013326 -0.023227513879088956 0.5 3.1532066716211835
P 0.83173282187501696 1.8188514268669174 0.5 1.1419010299459347
P 0.25401858318291282 1.9838030545892769 0.5 1.4434430602492523
P 1.9999493000612043 0.01424068764837931 0.5 0.0071204039916324341
P 1.9999488351188819 0.014305834705734802 0.5 0.0071529783498525835
P -0.47744075313083845 1.9421766982563295 0.5 1.8118442430351009
P 0.47381200804050883 1.9430651510015358 0.5 1.3316163735675373
P 0.31082995865078117 1.9756985440104859 0.5 1.4147488036716485
P 0.10354470103872375 1.9973178252062944 0.5 1.5190008201043499
P 0.38846207446702957 1.9619116230607259 0.5 1.3753228288965558
P 0.23175419184411111 1.986527119010129 0.5 1.4546583279941316
P 0.36289635090973904 1.9668010164977023 0.5 1.3883374548264977
P 0.45921489747355965 1.9465666384530349 0.5 1.3391219899500375
P -1.9686849824021644 0.35253289217346773 0.5 2.9644004423511077
P 0.32089597544776916 1.9740885929819423 0.5 1.4096518226670594
P 0.31105135140480766 1.9756637003268656 0.5 1.414636744720783
P -0.11489089475558291 1.9966972936081877 0.5 1.6282734159821017
P -0.39186327826857204 1.9612351136833666 0.5 1.7680037404387556
P 0.84638349246474109 1.8120802917319054 0.5 1.1338311502471923
P 0.058947499235659701 1.9991311093407211 0.5 1.5413183081909116
P 0.4929244049381491 1.9383048085934191 0.5 1.3217681794374778
P 0.45348305296225855 1.9479099364898853 0.5 1.3420655641440573
P -0.30754289617142333 1.9762128850441425 0.5 1.7251803198616975
P 0.24732625577873432 1.984648513768237 0.5 1.4468158221161116
P 0.16453828551415425 1.993220297057017 0.5 1.4884340977478938
P 1.9777866322634359 0.29725416269592636 0.5 0.14917978896459927
P 0.47521492489920991 1.942722516252138 0.5 1.3308942976756568
P -0.30573202281347828 1.9764938477582921 0.5 1.7242640498959934
P -0.20406639497942106 1.9895619885894742 0.5 1.6730073996196191
P -0.21112593134839752 1.9888252414710228 0.5 1.6765563397057304
P 0.11232143077463151 1.996843483147525 0.5 1.514606047368767
P 0.0017825124032858006 1.9999992056622253 0.5 1.5699050704752606
P 0.058119007169942755 1.9991553669001267 0.5 1.5417327317489946
P -1.9830796478414918 0.25960568236628595 0.5 3.0114225175231044
P 1.999999999993 5.2914570022003883e-06 0.5 2.6457285011032807e-06
P 0.029245052503463608 1.9997861702952318 0.5 1.5561732793991323
P -0.024375162067069106 1.9998514573523214 0.5 1.5829842095666546
P -1.9812782259051711 0.27301390359111327 0.5 3.0046581584386658
P -0.23505672409816589 1.9861390526486908 0.5 1.6885969528341853
P -0.2361134775361472 1.9860137023006128 0.5 1.6891290337878864
P -1.8841222304773027 0.67088256842850991 0.5 2.7995190383398056
P -1.9795268117032676 0.28543581020589642 0.5 2.9983857639276397
P -0.46127447891513756 1.9460796117069745 0.5 1.8035288544523966
P -0.11103396006029827 1.996915486372252 0.5 1.626341864923637
P -0.15023422277441123 1.9943494373623116 0.5 1.6459842605496553
P 1.9999999999927252 5.3943907561172458e-06 0.5 2.6971953780618933e-06
P 1.9999999959419377 0.00012740584565062996 0.5 6.3702922868400048e-05
P -0.42756971617789596 1.9537615355532909 0.5 1.7862440870399836
P 0.35371127512826156 1.9684736050674236 0.5 1.3930055199480189
P 0.26510427718090779 1.9823520681807227 0.5 1.437852928352628
P -1.9950751624670606 0.14026794397520601 0.5 3.0714010584383207
P 0.31392660650495996 1.9752088714179774 0.5 1.4131812411375417
P 0.38775196510816423 1.9620520924671589 0.5 1.3756847636149139
P 0.27966791984350808 1.9803499323630673 0.5 1.4305026016861182
P -0.43628193200346699 1.9518345410939222 0.5 1.7907054810008036
P -0.43828360071612238 1.9513860421104048 0.5 1.7917311307146815
P -0.080987912018240446 1.9983595667714371 0.5 1.6113013577094628
P -0.15227998865994541 1.9941942746517269 0.5 1.6470100814275732
P 0.021447102983745379 1.999885002137274 0.5 1.5600725697673796
P -1.9989359908483035 0.065229628937398365 0.5 3.1089720541465096
P 0.15033866144880337 1.9943415672531579 0.5 1.4955560256473028
P -0.42354523823004314 1.9546379284083935 0.5 1.7841846882694115
P -0.1180681223024541 1.9965119379798291 0.5 1.6298647309832131
P -0.094771908470025465 1.9977533094366153 0.5 1.6182000326026598
P -0.045580354146425153 1.9994805403693947 0.5 1.5935884771692814
P -0.40006642369008938 1.9595782343748926 0.5 1.7721881443999092
P -0.40659566322340884 1.9582338896689324 0.5 1.7755212462852679
P 0.011055451663918019 1.9999694440137097 0.5 1.5652685728119131
P 1.9999899329017288 0.0063457301974171095 0.5 0.0031728704223100649
P -0.45232390591207017 1.9481794281175564 0.5 1.7989320584248782
P -1.9543103975789711 0.42505396117990002 0.5 2.9274323592325087
P -1.9441484091503123 0.46934738009102561 0.5 2.9047097833074424
P -0.49601529708733028 1.9375161483340899 0.5 1.8214194350797097
P -0.22140192395066197 1.9877075207562469 0.5 1.6817246460383362
P 0.087110338779830668 1.9981020466626982 0.5 1.5272273745598166
P -1.976607405865872 0.30499698863462266 0.5 2.9884968077178522
P -0.09708885815319919 -1.9976420484217157 0.5 4.6638254647378856
P -1.6547714367186941 1.1232682191800627 0.5 2.5452331469045588
P -1.9394325826745862 0.4884682766159788 0.5 2.8948628188363563
P -1.8555007737917115 0.74640262490050202 0.5 2.7591353992991361
P 1.9684925533033213 0.35360580819518611 0.5 0.17773722907719025
P 1.9955674123536236 0.13308156428395082 0.5 0.066589983737633196
P -0.30043942250099093 1.9773052757243306 0.5 1.7215868288304004
P -1.9994477229667678 0.04699790551724127 0.5 3.1180915376035783
P -0.073109945181316693 1.9986632872786714 0.5 1.6073594454795423
P -1.640621089803052 1.1438367189828476 0.5 2.5327501224730384
P -1.9986282379143714 0.074061910664626238 0.5 3.1045532296573004
P -0.30136980267398711 -1.9771636862020914 0.5 4.5611279321571248
P -0.11325136085416784 -1.9967909578282548 0.5 4.655732994807197
P -1.9842181024305874 0.25075590120026908 0.5 3.0158838748723391
P -0.13529929912882549 1.9954182768670956 0.5 1.6384976824036921
P -1.94963918433146 0.44598996728554308 0.5 2.9167069105719805
P -1.2675701025365829 1.5470184340063298 0.5 2.2572331369964922
P -1.959792204291501 -0.39901693698170165 0.5 3.3424489327966227
P -1.9969833242807784 0.10980711518153548 0.5 3.0866614749620509
P -1.9486880181853037 0.4501277682847768 0.5 2.9145840515966563
P 0.0087661183092213324 1.9999807887001786 0.5 1.5664132536061881
P -1.9185929645144275 0.5648017674509711 0.5 2.8552967084271117
P -1.9480611434680701 0.45283306119349875 0.5 2.9131955647519208
P -1.9917718601067746 -0.18123150191619347 0.5 3.2323328759181318
P -1.9562479746629393 0.41604550427465065 0.5 2.9320395994845563
P -1.9643309468120285 0.37603714098019564 0.5 2.9524483071837637
P -1.9493831926839282 0.44710755762055104 0.5 2.9161336436366638
P -1.9419011609968446 0.47856021660717568 0.5 2.899968300168922
P -1.944542083101175 -0.46771368063008673 0.5 3.3776352927619131
P 0.49594957040761023 1.9375329735549036 0.5 1.3202071415276486
P -1.9962819187014398 0.12189545137410959 0.5 3.0806071316955261
P -1.9999431208005338 0.015083552718820123 0.5 3.1340508057345362
P -1.9584609403388342 -0.4055006105632013 0.5 3.3457584012890487
P -1.9870675710615744 0.22707370617368997 0.5 3.0278104479037533
P -1.9932397993208864 0.16430186366329722 0.5 3.0593490369682828
P -1.9371057241206477 0.49761572883000849 0.5 2.890143435452539
P -1.9460190091930782 0.46153008120727063 0.5 2.9087287817313046
P -1.9660747912973255 0.36681046198980954 0.5 2.9571433247755259
P -0.51655702048707497 1.9321410001823147 0.5 1.832036153649236
P -1.9744385856989244 0.31873542524048198 0.5 2.9815425068736645
P -1.9941529590725484 0.15282007663327191 0.5 3.0651080659837695
P -1.9941490345209996 0.15287127957522073 0.5 3.0650823894216495
P -1.9941494437837832 -0.15286594080051844 0.5 3.2181002405387011
P -1.9941533591285991 -0.15281485620228366 0.5 3.2180746233271922
P -1.9744385692540547 -0.31873552710986225 0.5 3.3016428519000214
P -0.51656939043944972 -1.9321376930387273 0.5 4.4511427513252526
P -1.9668311016426336 0.36273325958784647 0.5 2.9592167031132375
P 0.4120187798296529 -1.9571000293974972 0.5 4.9198840917668782
P -1.9972920988753375 -0.10403976052523682 0.5 3.1936360240234274
P -1.9990031351999042 -0.063138462611579002 0.5 3.1731671309841016
P -1.9725349806340533 -0.33031159558061962 0.5 3.3075086298854073
P -1.9962826577291275 -0.12188334771383207 0.5 3.2025721123834914
P -1.993110914666149 -0.16585801710700196 0.5 3.2246170110323247
P -1.9445391725153933 0.46772578136462567 0.5 2.9055437914905893
P -1.9418943293613991 -0.47858793715893266 0.5 3.3832312819908097
P -1.9493837260287248 -0.44710523223774207 0.5 3.3670504706617592
P -1.9643296784385382 -0.37604376660908673 0.5 3.3307403729666762
P -1.9563096773915403 -0.41575527193796064 0.5 3.3509973483035691
P -1.9917701492078157 0.181250304067815 0.5 3.0508429913451303
P -1.9479962596069786 -0.45311209712081263 0.5 3.3701329825794235
P -0.91273842911132042 -1.7795810068730784 0.5 4.2384785668792997
P 1.9999999999999238 -5.5210489562498214e-07 0.5 6.2831850311271387
P -0.015315343560922734 -1.9999413592032169 0.5 4.7047312337613549
P -1.9991430353171207 0.058541646227703595 0.5 3.1123176490823301
P -1.9999972798946601 0.0032985472499701559 0.5 3.1399433792171081
P -1.9965640063774956 -0.11718433529206762 0.5 3.2002183980299503
P -1.9981562894550902 -0.085857107516303793 0.5 3.1845344035185974
P -0.48851200114293908 -1.9394215696282542 0.5 4.4656366005572483
P -0.13527053885204729 -1.9954202267489114 0.5 4.6447020379257884
P -1.9847420342368494 -0.24657464900790724 0.5 3.2651944569275262
P -0.11319211128271833 1.996794317385584 0.5 1.6274226400016438
P -0.30136977454218017 1.9771636904900909 0.5 1.7220573607940965
P -1.9986282417695873 -0.074061806628030025 0.5 3.1786320254682852
P -1.6404782849706627 -1.1440415187132471 0.5 3.7505600207488259
P -0.44385096977451571 -1.9501272565220511 0.5 4.4886002247526431
P -1.9994470013884571 -0.047028593841483425 0.5 3.165109117979183
P -1.9512597126130931 -0.43884568350739139 0.5 3.3628155096786494
P -1.9511656745321209 -0.43926360027620498 0.5 3.3630296927703198
P 1.9992849713770127 -0.053475258073412052 0.5 6.256444491325464
P -1.8966553227622505 -0.63458536591826908 0.5 3.4644659393287496
P -1.8968336134647905 -0.63405223982737047 0.5 3.4641848650478693
P -1.8582678711940264 -0.73948665903315736 0.5 3.5203254120737988
P 0.087171893566218045 -1.9980993621369483 0.5 4.7559887392684272
P -0.22129026983389663 -1.9877199542382324 0.5 4.6015168332723926
P -0.49600292933258355 -1.9375193145085021 0.5 4.4617722553987473
P -1.944589325397299 -0.46751722487078262 0.5 3.3775342646718323
P -1.9543136810597823 -0.42503886413193215 0.5 3.3557452229534923
P -0.45221939763883967 -1.9482036896585442 0.5 4.4843068924904737
P 0.01108057976480236 -1.9999693049524725 0.5 4.7179292986105086
P -0.0087440609110778656 -1.9999808852583525 0.5 4.7080169360007256
P -0.047576574182835653 -1.9994340373188171 0.5 4.6885984491587935
P 0.16806983252417557 -1.9929256211397592 0.5 4.7965231195215416
P -1.9460769838140317 -0.46128556564158946 0.5 3.3743308782053574
P 0.4444339578990783 -1.9499944761629866 0.5 4.936476694951959
P -0.48486751536640693 -1.9403359226026835 0.5 4.4675153183440539
P -0.50760456305791268 -1.9345122402204606 0.5 4.4557797427638492
P -0.4217407957584467 -1.9550280563697884 0.5 4.4999236861749994
P -1.9702949622913171 -0.34342067725962211 0.5 3.3141581854409283
P -0.078258946773647114 -1.9984682977845507 0.5 4.6732495148199451
P -1.9939129055921909 -0.15592089312502908 0.5 3.2196322886660065
P -0.40445514439227875 -1.9586771138129482 0.5 4.508757023494768
P -0.43813189559141202 -1.9514201090655687 0.5 4.4915319180276461
P -0.43627517611159106 -1.9518360511858572 0.5 4.4924832874810194
P 0.27968050330632049 -1.9803481552672306 0.5 4.8526890596575747
P 0.38773369721705242 -1.9620557025840004 0.5 4.9074912329687024
P 0.31373644596806072 -1.9752390848885433 0.5 4.8699077931439554
P -1.995075156067071 -0.14026803500424631 0.5 3.2117842943681385
P 0.26512508132411838 -1.9823492858860368 0.5 4.8453428735105941
P -0.4046416582844195 -1.9586385905472288 0.5 4.5086617981383883
P -0.42781343037784858 -1.9537081841432558 0.5 4.4968164774200838
P -0.37775343846230791 -1.9640016139835281 0.5 4.5223708294591365
P -0.37721338933682497 -1.9641054093161663 0.5 4.5226457960620712
P 0.40645648591741568 -1.9582627824313226 0.5 4.9170428275277125
P 1.9729262533951779 -0.32796645966328097 0.5 6.1184581073042983
P -0.14614737228734007 -1.9946530890291438 0.5 4.6392501047742156
P 0.41656546838078146 -1.9561373189407487 0.5 4.9222078386293706
P -0.12073037033054183 -1.9963527187548422 0.5 4.651987073629944
P -0.46252540192316655 -1.9457826837999699 0.5 4.4790136124260851
P -0.43963419654809693 -1.9510822056554944 0.5 4.4907620013120004
P -1.9812810368430023 -0.27299350367054193 0.5 3.2785168524050334
P -0.024434424596059632 -1.9998507341535916 0.5 4.7001714641421639
P 0.029243598187181002 -1.9997861915627546 0.5 4.7270113005445644
P 1.9999999999930009 -5.2911166635146344e-06 0.5 6.2831826616212547
P -1.9830866786424617 -0.25955196973016847 0.5 3.2717357042386288
P 0.058117706227447323 -1.9991554047204185 0.5 4.7414519246845295
P 0.001782496363329434 -1.999999205676521 0.5 4.7132802286843445
P 0.11229762682121593 -1.9968448219654733 0.5 4.7685673390240195
P -0.28888287916377808 -1.9790267007107423 0.5 4.5674405110895737
P -0.092634520902423287 -1.9978535595826783 0.5 4.6660551432771236
P 1.9999999671239714 -0.00036263495828893337 0.5 6.2830039896994485
P -0.02978691705830756 -1.9997781725911905 0.5 4.6974949712015537
P 1.9999999998176234 -2.7009380982103428e-05 0.5 6.283171802489095
P 0.32914796721457529 -1.9727294836541864 0.5 4.8777150705812424
P 0.053451768495565051 -1.9992855995191623 0.5 4.7391180472513028
P 0.36751872653963447 -1.9659425183973933 0.5 4.897198564246878
P -0.49380177816955373 -1.9380814750357083 0.5 4.462908157183211
P 0.18774388954414994 -1.9911685593989359 0.5 4.806399340419607
P 0.058839268056212334 -1.999134297773566 0.5 4.7418128599216542
P 0.58388141205605659 -1.9128728386004714 0.5 5.0086442924725612
P -0.39187368398002909 -1.9612330345483986 0.5 4.5151762610449966
P -0.11697415758478581 -1.9965763312373834 0.5 4.653868505326181
P 0.31103200041099638 -1.9756667468782112 0.5 4.8685387677863154
P 0.32089236539554156 -1.9740891798069444 0.5 4.8735316557943511
P -1.9686849835542333 -0.35253288573985353 0.5 3.3187848615605033
P 0.45925422451853537 -1.9465573603831661 0.5 4.9440835205649609
P -0.21601332857654443 -1.9883003399580461 0.5 4.6041712151761889
P -0.21252157624097276 -1.9886765900045318 0.5 4.6059271979238066
P 1.9333755151285874 -0.51191710022353198 0.5 6.0243461520164718
P 1.9999999903142069 -0.00019683285370746277 0.5 6.2830868907525739
P 0.014525501985358217 -1.9999472517524239 0.5 4.7196517952276071
P 0.42425580535364965 -1.9544838222977765 0.5 4.9261408849571664
P 0.13774039537388466 -1.9952512582334703 0.5 4.7813137376904287
P -0.15936404524072759 -1.9936406649856717 0.5 4.6326223960906008
P 0.42966017612104968 -1.9533028779622552 0.5 4.9289068329151462
P 0.18146198118723461 -1.9917508753314517 0.5 4.8032449190204733
P 0.25398787658957744 -1.9838069862124987 0.5 4.8397267682955798
P 0.83874742776671463 -1.8156273715756546 0.5 5.1451443064543483
P -1.9998657269962075 0.023174856761812565 0.5 3.1300049658887872
P 0.36547323146223959 -1.9663238077907077 0.5 4.8961581998751793
P 1.9398161524885336 -0.48694280418195124 0.5 6.0372419506643551
P -0.037116504461332279 -1.9996555616146927 0.5 4.6938296627182226
P 0.056374817513097052 -1.9992053121053788 0.5 4.7405801231001314
P 0.27005063565309495 -1.9816842973045325 0.5 4.8478279946331373
P 0.20315419187953745 -1.9896553405858444 0.5 4.8141415695386582
P -0.20267967003677165 -1.9897037345679847 0.5 4.6108748828227366
P 1.9999996048465079 -0.001257224646798471 0.5 6.2825566948147875
P 0.42516855021157191 -1.9542854714475544 0.5 4.9266079091137431
P 1.4185727454599033 -1.4098409008956834 0.5 5.5008743219377614
P 2 0 0.5 0
P 0.22019046756949265 -1.9878420857783266 0.5 4.822707846111725
P 0.11397573057798685 -1.9967497421658063 0.5 4.7694077366312664
P 0.47795096605593618 -1.9420512027354473 0.5 4.9536996067104857
P 0.76729108205315644 -1.8469608537816107 0.5 5.106129665880883
P 1.979240551698112 -0.28741405413401944 0.5 6.1389789934129766
P 2 -1.1927566059560907e-09 0.5 6.2831853065832082
P 1.9999999998653248 -2.3209921078373143e-05 0.5 6.283173702219047
P 1.9435886990488895 -0.47165980211318126 0.5 6.0451128391003177
P 1.9471970076090566 -0.45653456994879993 0.5 6.0528876985314257
P 1.930049731477349 -0.52431673063541762 0.5 6.0179271910970007
P 1.4160300650430879 -1.4123947234728924 0.5 5.4990724314741204
P 1.9999998049114067 -0.0008833766665872825 0.5 6.2827436188319314
P 1.999999793580447 -0.00090866834949887251 0.5 6.2827309729892065
P 1.9999999999969797 -3.4758256384655457e-06 0.5 6.2831835692667672
P 1.9999999999659464 -1.1671082920085631e-05 0.5 6.2831794716381264
P 1.9999999999970883 -3.4127696833416253e-06 0.5 6.2831836007947448
P 1.9999999999986218 -2.3479706308568325e-06 0.5 6.283184133194271
P 1.999999999940979 -1.5365025073049806e-05 0.5 6.2831776246670499
P 1.9999999955169929 -0.00013391052467062284 0.5 6.2831183519172011
P 1.9999999531008028 -0.00043312444673374088 0.5 6.2829687449545268
P 1.9999999999978735 -2.9165638780085315e-06 0.5 6.2831838488976475
P 1.9812956116928575 -0.27288770416899666 0.5 6.1463145077107333
P 1.9999999328202389 -0.00051838117236763692 0.5 6.2829261165905006
P 1.9999999313098937 -0.00052417594392480474 0.5 6.2829232192046236
P 1.9573069162242447 -0.4110348351426405 0.5 6.0761929256770237
P 1.9611471930948601 -0.39230305506859264 0.5 6.0857536538957424
P 1.9999999999634375 -1.2093405408169885e-05 0.5 6.2831792604768824
P 1.9999911725948565 -0.0059421833235721684 0.5 6.280214211146621
P 1.999997265237361 -0.0033074224219481678 0.5 6.2815315952148607
P 1.9999975375770527 -0.0031384208968925865 0.5 6.2816160960871299
P 1.9999915968476945 -0.0057976321554249989 0.5 6.2802864870420017
P 1.9999929292737388 -0.0053181627512896889 0.5 6.2805262226703311
P 1.999940345501924 -0.015447149693225947 0.5 6.2754616555410605
P 1.9999950377125764 -0.0044552356918612776 0.5 6.2809576874913073
c_torus_cross done 4 0
P 0 1.9375 0.4960783708246107 0.25065566233613079
P 0 -1.9375 0.49607837082461032 2.8909369912536627
P 0 -1.9375 -0.4960783708246107 3.392248315925924
P 0 1.9374999999999998 -0.49607837082461143 6.0325296448434553
c_torus_tangent done 5 0
P -2.5 1.7066715728577652e-11 0 3.1415926535841043
P -2.5 -1.7369095948937007e-12 0 3.1415926535903722
P -2.5 -7.4911709147937764e-11 0 3.1415926536147638
P -2.4999999999999996 4.0134105739796516e-08 0 3.141592640211758
P -2.4999999999999996 -5.2630408996591066e-08 0 3.1415926711332629
c_torus_tilted done 4 0
P 1.2315594121350677 1.4946292300169832 -0.49597192251273736 0.79013665534954225
P -1.2315594121350677 1.4946292300169834 -0.49597192251273747 2.351455998240251
P -1.7242629936099521 0.26077842389316597 0.4294161820801255 3.3133078332824817
P 1.7242629936099521 0.26077842389316608 0.42941618208012544 6.1114701274868981
