case turned_fuse
plane 0.0 0.0 0.0 0.0 0.0 1.0 1.0 0.0 0.0
wire P 4 0.0 0.0 0.0 10.0 0.0 0.0 10.0 10.0 0.0 0.0 10.0 0.0
prism 0.0 0.0 5.0
boolean fuse
plane 4.0 2.0 -1.0 0.0 0.0 1.0 0.6 0.8 -0.0
wire P 4 4.0 2.0 -1.0 7.6 6.800000000000001 -1.0 2.799999999999999 10.4 -1.0 -0.8000000000000007 5.6 -1.0
prism 0.0 0.0 5.0
end
case turned_cut
plane 0.0 0.0 0.0 0.0 0.0 1.0 1.0 0.0 0.0
wire P 4 0.0 0.0 0.0 10.0 0.0 0.0 10.0 10.0 0.0 0.0 10.0 0.0
prism 0.0 0.0 5.0
boolean cut
plane 4.0 2.0 -1.0 0.0 0.0 1.0 0.6 0.8 -0.0
wire P 4 4.0 2.0 -1.0 7.6 6.800000000000001 -1.0 2.799999999999999 10.4 -1.0 -0.8000000000000007 5.6 -1.0
prism 0.0 0.0 5.0
end
case turned_common
plane 0.0 0.0 0.0 0.0 0.0 1.0 1.0 0.0 0.0
wire P 4 0.0 0.0 0.0 10.0 0.0 0.0 10.0 10.0 0.0 0.0 10.0 0.0
prism 0.0 0.0 5.0
boolean common
plane 4.0 2.0 -1.0 0.0 0.0 1.0 0.6 0.8 -0.0
wire P 4 4.0 2.0 -1.0 7.6 6.800000000000001 -1.0 2.799999999999999 10.4 -1.0 -0.8000000000000007 5.6 -1.0
prism 0.0 0.0 5.0
end
case bar_tilted_fuse
plane 0.0 0.0 0.0 0.0 0.0 1.0 1.0 0.0 0.0
wire P 4 0.0 0.0 0.0 10.0 0.0 0.0 10.0 10.0 0.0 0.0 10.0 0.0
prism 0.0 0.0 5.0
boolean fuse
plane -1.0 2.0 -1.5 0.0 0.6 0.8 1.0 -0.0 0.0
wire P 4 -1.0 1.2000000000000002 -0.8999999999999999 11.0 1.2000000000000002 -0.8999999999999999 11.0 2.8 -2.1 -1.0 2.8 -2.1
prism 0.0 6.0 8.0
end
case bar_tilted_cut
plane 0.0 0.0 0.0 0.0 0.0 1.0 1.0 0.0 0.0
wire P 4 0.0 0.0 0.0 10.0 0.0 0.0 10.0 10.0 0.0 0.0 10.0 0.0
prism 0.0 0.0 5.0
boolean cut
plane -1.0 2.0 -1.5 0.0 0.6 0.8 1.0 -0.0 0.0
wire P 4 -1.0 1.2000000000000002 -0.8999999999999999 11.0 1.2000000000000002 -0.8999999999999999 11.0 2.8 -2.1 -1.0 2.8 -2.1
prism 0.0 6.0 8.0
end
case bar_tilted_common
plane 0.0 0.0 0.0 0.0 0.0 1.0 1.0 0.0 0.0
wire P 4 0.0 0.0 0.0 10.0 0.0 0.0 10.0 10.0 0.0 0.0 10.0 0.0
prism 0.0 0.0 5.0
boolean common
plane -1.0 2.0 -1.5 0.0 0.6 0.8 1.0 -0.0 0.0
wire P 4 -1.0 1.2000000000000002 -0.8999999999999999 11.0 1.2000000000000002 -0.8999999999999999 11.0 2.8 -2.1 -1.0 2.8 -2.1
prism 0.0 6.0 8.0
end
case caps_same_fuse
plane 0.0 0.0 0.0 0.0 0.0 1.0 1.0 0.0 0.0
wire P 4 0.0 0.0 0.0 10.0 0.0 0.0 10.0 10.0 0.0 0.0 10.0 0.0
prism 0.0 0.0 5.0
boolean fuse
plane 4.0 2.0 0.0 0.0 0.0 1.0 0.6 0.8 -0.0
wire P 4 4.0 2.0 0.0 7.6 6.800000000000001 0.0 2.799999999999999 10.4 0.0 -0.8000000000000007 5.6 0.0
prism 0.0 0.0 5.0
end
case caps_same_cut
plane 0.0 0.0 0.0 0.0 0.0 1.0 1.0 0.0 0.0
wire P 4 0.0 0.0 0.0 10.0 0.0 0.0 10.0 10.0 0.0 0.0 10.0 0.0
prism 0.0 0.0 5.0
boolean cut
plane 4.0 2.0 0.0 0.0 0.0 1.0 0.6 0.8 -0.0
wire P 4 4.0 2.0 0.0 7.6 6.800000000000001 0.0 2.799999999999999 10.4 0.0 -0.8000000000000007 5.6 0.0
prism 0.0 0.0 5.0
end
case caps_same_common
plane 0.0 0.0 0.0 0.0 0.0 1.0 1.0 0.0 0.0
wire P 4 0.0 0.0 0.0 10.0 0.0 0.0 10.0 10.0 0.0 0.0 10.0 0.0
prism 0.0 0.0 5.0
boolean common
plane 4.0 2.0 0.0 0.0 0.0 1.0 0.6 0.8 -0.0
wire P 4 4.0 2.0 0.0 7.6 6.800000000000001 0.0 2.799999999999999 10.4 0.0 -0.8000000000000007 5.6 0.0
prism 0.0 0.0 5.0
end
case caps_opposite_fuse
plane 0.0 0.0 0.0 0.0 0.0 1.0 1.0 0.0 0.0
wire P 4 0.0 0.0 0.0 10.0 0.0 0.0 10.0 10.0 0.0 0.0 10.0 0.0
prism 0.0 0.0 5.0
boolean fuse
plane 4.0 2.0 5.0 0.0 0.0 1.0 0.6 0.8 -0.0
wire P 4 4.0 2.0 5.0 7.6 6.800000000000001 5.0 2.799999999999999 10.4 5.0 -0.8000000000000007 5.6 5.0
prism 0.0 0.0 3.0
end
case caps_opposite_cut
plane 0.0 0.0 0.0 0.0 0.0 1.0 1.0 0.0 0.0
wire P 4 0.0 0.0 0.0 10.0 0.0 0.0 10.0 10.0 0.0 0.0 10.0 0.0
prism 0.0 0.0 5.0
boolean cut
plane 4.0 2.0 5.0 0.0 0.0 1.0 0.6 0.8 -0.0
wire P 4 4.0 2.0 5.0 7.6 6.800000000000001 5.0 2.799999999999999 10.4 5.0 -0.8000000000000007 5.6 5.0
prism 0.0 0.0 3.0
end
case caps_opposite_common
plane 0.0 0.0 0.0 0.0 0.0 1.0 1.0 0.0 0.0
wire P 4 0.0 0.0 0.0 10.0 0.0 0.0 10.0 10.0 0.0 0.0 10.0 0.0
prism 0.0 0.0 5.0
boolean common
plane 4.0 2.0 5.0 0.0 0.0 1.0 0.6 0.8 -0.0
wire P 4 4.0 2.0 5.0 7.6 6.800000000000001 5.0 2.799999999999999 10.4 5.0 -0.8000000000000007 5.6 5.0
prism 0.0 0.0 3.0
end
case walls_same_fuse
plane 0.0 0.0 0.0 0.0 0.0 1.0 1.0 0.0 0.0
wire P 4 0.0 0.0 0.0 10.0 0.0 0.0 10.0 10.0 0.0 0.0 10.0 0.0
prism 0.0 0.0 5.0
boolean fuse
plane -2.0 0.0 0.0 1.0 0.0 0.0 0.0 1.0 0.0
wire P 4 -2.0 2.0 0.0 -2.0 8.0 0.0 -2.0 8.0 3.0 -2.0 2.0 3.0
prism 7.0 0.0 0.0
end
case walls_same_cut
plane 0.0 0.0 0.0 0.0 0.0 1.0 1.0 0.0 0.0
wire P 4 0.0 0.0 0.0 10.0 0.0 0.0 10.0 10.0 0.0 0.0 10.0 0.0
prism 0.0 0.0 5.0
boolean cut
plane -2.0 0.0 0.0 1.0 0.0 0.0 0.0 1.0 0.0
wire P 4 -2.0 2.0 0.0 -2.0 8.0 0.0 -2.0 8.0 3.0 -2.0 2.0 3.0
prism 7.0 0.0 0.0
end
case walls_same_common
plane 0.0 0.0 0.0 0.0 0.0 1.0 1.0 0.0 0.0
wire P 4 0.0 0.0 0.0 10.0 0.0 0.0 10.0 10.0 0.0 0.0 10.0 0.0
prism 0.0 0.0 5.0
boolean common
plane -2.0 0.0 0.0 1.0 0.0 0.0 0.0 1.0 0.0
wire P 4 -2.0 2.0 0.0 -2.0 8.0 0.0 -2.0 8.0 3.0 -2.0 2.0 3.0
prism 7.0 0.0 0.0
end
case walls_opposite_fuse
plane 0.0 0.0 0.0 0.0 0.0 1.0 1.0 0.0 0.0
wire P 4 0.0 0.0 0.0 10.0 0.0 0.0 10.0 10.0 0.0 0.0 10.0 0.0
prism 0.0 0.0 5.0
boolean fuse
plane 2.0 0.0 0.0 1.0 0.0 0.0 0.0 1.0 0.0
wire P 4 2.0 2.0 5.0 2.0 8.0 5.0 2.0 8.0 8.0 2.0 2.0 8.0
prism 6.0 0.0 0.0
end
case walls_opposite_cut
plane 0.0 0.0 0.0 0.0 0.0 1.0 1.0 0.0 0.0
wire P 4 0.0 0.0 0.0 10.0 0.0 0.0 10.0 10.0 0.0 0.0 10.0 0.0
prism 0.0 0.0 5.0
boolean cut
plane 2.0 0.0 0.0 1.0 0.0 0.0 0.0 1.0 0.0
wire P 4 2.0 2.0 5.0 2.0 8.0 5.0 2.0 8.0 8.0 2.0 2.0 8.0
prism 6.0 0.0 0.0
end
case walls_opposite_common
plane 0.0 0.0 0.0 0.0 0.0 1.0 1.0 0.0 0.0
wire P 4 0.0 0.0 0.0 10.0 0.0 0.0 10.0 10.0 0.0 0.0 10.0 0.0
prism 0.0 0.0 5.0
boolean common
plane 2.0 0.0 0.0 1.0 0.0 0.0 0.0 1.0 0.0
wire P 4 2.0 2.0 5.0 2.0 8.0 5.0 2.0 8.0 8.0 2.0 2.0 8.0
prism 6.0 0.0 0.0
end
case edge_on_face_fuse
plane 0.0 0.0 0.0 0.0 0.0 1.0 1.0 0.0 0.0
wire P 4 0.0 0.0 0.0 10.0 0.0 0.0 10.0 10.0 0.0 0.0 10.0 0.0
prism 0.0 0.0 5.0
boolean fuse
plane 3.0 5.0 5.0 0.0 0.6 0.8 1.0 -0.0 0.0
wire P 4 3.0 2.5999999999999996 6.8 7.0 2.5999999999999996 6.8 7.0 5.0 5.0 3.0 5.0 5.0
prism 0.0 1.7999999999999998 2.4000000000000004
end
case edge_on_face_cut
plane 0.0 0.0 0.0 0.0 0.0 1.0 1.0 0.0 0.0
wire P 4 0.0 0.0 0.0 10.0 0.0 0.0 10.0 10.0 0.0 0.0 10.0 0.0
prism 0.0 0.0 5.0
boolean cut
plane 3.0 5.0 5.0 0.0 0.6 0.8 1.0 -0.0 0.0
wire P 4 3.0 2.5999999999999996 6.8 7.0 2.5999999999999996 6.8 7.0 5.0 5.0 3.0 5.0 5.0
prism 0.0 1.7999999999999998 2.4000000000000004
end
case edge_on_face_common
plane 0.0 0.0 0.0 0.0 0.0 1.0 1.0 0.0 0.0
wire P 4 0.0 0.0 0.0 10.0 0.0 0.0 10.0 10.0 0.0 0.0 10.0 0.0
prism 0.0 0.0 5.0
boolean common
plane 3.0 5.0 5.0 0.0 0.6 0.8 1.0 -0.0 0.0
wire P 4 3.0 2.5999999999999996 6.8 7.0 2.5999999999999996 6.8 7.0 5.0 5.0 3.0 5.0 5.0
prism 0.0 1.7999999999999998 2.4000000000000004
end
case vertex_on_face_fuse
plane 0.0 0.0 0.0 0.0 0.0 1.0 1.0 0.0 0.0
wire P 4 0.0 0.0 0.0 10.0 0.0 0.0 10.0 10.0 0.0 0.0 10.0 0.0
prism 0.0 0.0 5.0
boolean fuse
plane 5.0 5.0 5.0 0.0 0.6 0.8 1.0 -0.0 0.0
wire P 3 5.0 5.0 5.0 3.0 1.7999999999999998 7.4 7.0 1.7999999999999998 7.4
prism 0.0 1.7999999999999998 2.4000000000000004
end
case vertex_on_face_cut
plane 0.0 0.0 0.0 0.0 0.0 1.0 1.0 0.0 0.0
wire P 4 0.0 0.0 0.0 10.0 0.0 0.0 10.0 10.0 0.0 0.0 10.0 0.0
prism 0.0 0.0 5.0
boolean cut
plane 5.0 5.0 5.0 0.0 0.6 0.8 1.0 -0.0 0.0
wire P 3 5.0 5.0 5.0 3.0 1.7999999999999998 7.4 7.0 1.7999999999999998 7.4
prism 0.0 1.7999999999999998 2.4000000000000004
end
case vertex_on_face_common
plane 0.0 0.0 0.0 0.0 0.0 1.0 1.0 0.0 0.0
wire P 4 0.0 0.0 0.0 10.0 0.0 0.0 10.0 10.0 0.0 0.0 10.0 0.0
prism 0.0 0.0 5.0
boolean common
plane 5.0 5.0 5.0 0.0 0.6 0.8 1.0 -0.0 0.0
wire P 3 5.0 5.0 5.0 3.0 1.7999999999999998 7.4 7.0 1.7999999999999998 7.4
prism 0.0 1.7999999999999998 2.4000000000000004
end
case corner_tilted_fuse
plane 0.0 0.0 0.0 0.0 0.0 1.0 1.0 0.0 0.0
wire P 4 0.0 0.0 0.0 10.0 0.0 0.0 10.0 10.0 0.0 0.0 10.0 0.0
prism 0.0 0.0 5.0
boolean fuse
plane 8.8 5.0 3.4 0.6 0.0 0.8 0.0 1.0 -0.0
wire P 4 10.4 3.0 2.1999999999999997 10.4 7.0 2.1999999999999997 7.2 7.0 4.6 7.2 3.0 4.6
prism 2.4 0.0 3.2
end
case corner_tilted_cut
plane 0.0 0.0 0.0 0.0 0.0 1.0 1.0 0.0 0.0
wire P 4 0.0 0.0 0.0 10.0 0.0 0.0 10.0 10.0 0.0 0.0 10.0 0.0
prism 0.0 0.0 5.0
boolean cut
plane 8.8 5.0 3.4 0.6 0.0 0.8 0.0 1.0 -0.0
wire P 4 10.4 3.0 2.1999999999999997 10.4 7.0 2.1999999999999997 7.2 7.0 4.6 7.2 3.0 4.6
prism 2.4 0.0 3.2
end
case corner_tilted_common
plane 0.0 0.0 0.0 0.0 0.0 1.0 1.0 0.0 0.0
wire P 4 0.0 0.0 0.0 10.0 0.0 0.0 10.0 10.0 0.0 0.0 10.0 0.0
prism 0.0 0.0 5.0
boolean common
plane 8.8 5.0 3.4 0.6 0.0 0.8 0.0 1.0 -0.0
wire P 4 10.4 3.0 2.1999999999999997 10.4 7.0 2.1999999999999997 7.2 7.0 4.6 7.2 3.0 4.6
prism 2.4 0.0 3.2
end
case inside_fuse
plane 0.0 0.0 0.0 0.0 0.0 1.0 1.0 0.0 0.0
wire P 4 0.0 0.0 0.0 10.0 0.0 0.0 10.0 10.0 0.0 0.0 10.0 0.0
prism 0.0 0.0 5.0
boolean fuse
plane 4.0 4.0 1.5 0.0 0.6 0.8 1.0 -0.0 0.0
wire P 4 4.0 4.0 1.5 6.0 4.0 1.5 6.0 5.6 0.30000000000000004 4.0 5.6 0.30000000000000004
prism 0.0 1.2 1.6
end
case inside_cut
plane 0.0 0.0 0.0 0.0 0.0 1.0 1.0 0.0 0.0
wire P 4 0.0 0.0 0.0 10.0 0.0 0.0 10.0 10.0 0.0 0.0 10.0 0.0
prism 0.0 0.0 5.0
boolean cut
plane 4.0 4.0 1.5 0.0 0.6 0.8 1.0 -0.0 0.0
wire P 4 4.0 4.0 1.5 6.0 4.0 1.5 6.0 5.6 0.30000000000000004 4.0 5.6 0.30000000000000004
prism 0.0 1.2 1.6
end
case inside_common
plane 0.0 0.0 0.0 0.0 0.0 1.0 1.0 0.0 0.0
wire P 4 0.0 0.0 0.0 10.0 0.0 0.0 10.0 10.0 0.0 0.0 10.0 0.0
prism 0.0 0.0 5.0
boolean common
plane 4.0 4.0 1.5 0.0 0.6 0.8 1.0 -0.0 0.0
wire P 4 4.0 4.0 1.5 6.0 4.0 1.5 6.0 5.6 0.30000000000000004 4.0 5.6 0.30000000000000004
prism 0.0 1.2 1.6
end
case apart_fuse
plane 0.0 0.0 0.0 0.0 0.0 1.0 1.0 0.0 0.0
wire P 4 0.0 0.0 0.0 10.0 0.0 0.0 10.0 10.0 0.0 0.0 10.0 0.0
prism 0.0 0.0 5.0
boolean fuse
plane 14.0 4.0 1.5 0.0 0.6 0.8 1.0 -0.0 0.0
wire P 4 14.0 4.0 1.5 16.0 4.0 1.5 16.0 5.6 0.30000000000000004 14.0 5.6 0.30000000000000004
prism 0.0 1.2 1.6
end
case apart_cut
plane 0.0 0.0 0.0 0.0 0.0 1.0 1.0 0.0 0.0
wire P 4 0.0 0.0 0.0 10.0 0.0 0.0 10.0 10.0 0.0 0.0 10.0 0.0
prism 0.0 0.0 5.0
boolean cut
plane 14.0 4.0 1.5 0.0 0.6 0.8 1.0 -0.0 0.0
wire P 4 14.0 4.0 1.5 16.0 4.0 1.5 16.0 5.6 0.30000000000000004 14.0 5.6 0.30000000000000004
prism 0.0 1.2 1.6
end
case apart_common
plane 0.0 0.0 0.0 0.0 0.0 1.0 1.0 0.0 0.0
wire P 4 0.0 0.0 0.0 10.0 0.0 0.0 10.0 10.0 0.0 0.0 10.0 0.0
prism 0.0 0.0 5.0
boolean common
plane 14.0 4.0 1.5 0.0 0.6 0.8 1.0 -0.0 0.0
wire P 4 14.0 4.0 1.5 16.0 4.0 1.5 16.0 5.6 0.30000000000000004 14.0 5.6 0.30000000000000004
prism 0.0 1.2 1.6
end
case ell_tilted_fuse
plane 1.0 1.0 0.0 0.0 0.0 1.0 0.6 0.8 -0.0
wire P 6 1.0 1.0 0.0 5.8 7.4 0.0 3.3999999999999995 9.2 0.0 0.39999999999999947 5.2 0.0 -3.6000000000000005 8.2 0.0 -5.4 5.8 0.0
prism 0.0 0.0 4.0
boolean fuse
plane 2.0 2.8 -0.6000000000000001 0.0 0.6 0.8 1.0 -0.0 0.0
wire P 4 2.0 1.2 0.6000000000000001 8.0 1.2 0.6000000000000001 8.0 4.3999999999999995 -1.8 2.0 4.3999999999999995 -1.8
prism 0.0 3.0 4.0
end
case ell_tilted_cut
plane 1.0 1.0 0.0 0.0 0.0 1.0 0.6 0.8 -0.0
wire P 6 1.0 1.0 0.0 5.8 7.4 0.0 3.3999999999999995 9.2 0.0 0.39999999999999947 5.2 0.0 -3.6000000000000005 8.2 0.0 -5.4 5.8 0.0
prism 0.0 0.0 4.0
boolean cut
plane 2.0 2.8 -0.6000000000000001 0.0 0.6 0.8 1.0 -0.0 0.0
wire P 4 2.0 1.2 0.6000000000000001 8.0 1.2 0.6000000000000001 8.0 4.3999999999999995 -1.8 2.0 4.3999999999999995 -1.8
prism 0.0 3.0 4.0
end
case ell_tilted_common
plane 1.0 1.0 0.0 0.0 0.0 1.0 0.6 0.8 -0.0
wire P 6 1.0 1.0 0.0 5.8 7.4 0.0 3.3999999999999995 9.2 0.0 0.39999999999999947 5.2 0.0 -3.6000000000000005 8.2 0.0 -5.4 5.8 0.0
prism 0.0 0.0 4.0
boolean common
plane 2.0 2.8 -0.6000000000000001 0.0 0.6 0.8 1.0 -0.0 0.0
wire P 4 2.0 1.2 0.6000000000000001 8.0 1.2 0.6000000000000001 8.0 4.3999999999999995 -1.8 2.0 4.3999999999999995 -1.8
prism 0.0 3.0 4.0
end
case through_hole_fuse
plane 0.0 0.0 0.0 0.0 0.0 1.0 1.0 0.0 0.0
wire P 4 0.0 0.0 0.0 10.0 0.0 0.0 10.0 10.0 0.0 0.0 10.0 0.0
wire P 4 2.0 2.0 0.0 8.0 2.0 0.0 8.0 8.0 0.0 2.0 8.0 0.0
prism 0.0 0.0 5.0
boolean fuse
plane 0.0 1.3 -1.6 0.0 0.6 0.8 1.0 -0.0 0.0
wire P 4 4.0 1.0999999999999999 -1.4500000000000002 6.0 1.0999999999999999 -1.4500000000000002 6.0 1.5000000000000002 -1.75 4.0 1.5000000000000002 -1.75
prism 0.0 6.3 8.4
end
case through_hole_cut
plane 0.0 0.0 0.0 0.0 0.0 1.0 1.0 0.0 0.0
wire P 4 0.0 0.0 0.0 10.0 0.0 0.0 10.0 10.0 0.0 0.0 10.0 0.0
wire P 4 2.0 2.0 0.0 8.0 2.0 0.0 8.0 8.0 0.0 2.0 8.0 0.0
prism 0.0 0.0 5.0
boolean cut
plane 0.0 1.3 -1.6 0.0 0.6 0.8 1.0 -0.0 0.0
wire P 4 4.0 1.0999999999999999 -1.4500000000000002 6.0 1.0999999999999999 -1.4500000000000002 6.0 1.5000000000000002 -1.75 4.0 1.5000000000000002 -1.75
prism 0.0 6.3 8.4
end
case through_hole_common
plane 0.0 0.0 0.0 0.0 0.0 1.0 1.0 0.0 0.0
wire P 4 0.0 0.0 0.0 10.0 0.0 0.0 10.0 10.0 0.0 0.0 10.0 0.0
wire P 4 2.0 2.0 0.0 8.0 2.0 0.0 8.0 8.0 0.0 2.0 8.0 0.0
prism 0.0 0.0 5.0
boolean common
plane 0.0 1.3 -1.6 0.0 0.6 0.8 1.0 -0.0 0.0
wire P 4 4.0 1.0999999999999999 -1.4500000000000002 6.0 1.0999999999999999 -1.4500000000000002 6.0 1.5000000000000002 -1.75 4.0 1.5000000000000002 -1.75
prism 0.0 6.3 8.4
end
case across_hole_fuse
plane 0.0 0.0 0.0 0.0 0.0 1.0 1.0 0.0 0.0
wire P 4 0.0 0.0 0.0 10.0 0.0 0.0 10.0 10.0 0.0 0.0 10.0 0.0
wire P 4 3.0 3.0 0.0 7.0 3.0 0.0 7.0 7.0 0.0 3.0 7.0 0.0
prism 0.0 0.0 5.0
boolean fuse
plane -1.0 0.5 1.0 0.0 0.0 1.0 0.6 0.8 -0.0
wire P 4 -1.4000000000000001 -1.7000000000000002 1.0 8.200000000000001 11.100000000000001 1.0 6.6000000000000005 12.3 1.0 -3.0 -0.5000000000000001 1.0
prism 0.0 0.0 2.0
end
case across_hole_cut
plane 0.0 0.0 0.0 0.0 0.0 1.0 1.0 0.0 0.0
wire P 4 0.0 0.0 0.0 10.0 0.0 0.0 10.0 10.0 0.0 0.0 10.0 0.0
wire P 4 3.0 3.0 0.0 7.0 3.0 0.0 7.0 7.0 0.0 3.0 7.0 0.0
prism 0.0 0.0 5.0
boolean cut
plane -1.0 0.5 1.0 0.0 0.0 1.0 0.6 0.8 -0.0
wire P 4 -1.4000000000000001 -1.7000000000000002 1.0 8.200000000000001 11.100000000000001 1.0 6.6000000000000005 12.3 1.0 -3.0 -0.5000000000000001 1.0
prism 0.0 0.0 2.0
end
case across_hole_common
plane 0.0 0.0 0.0 0.0 0.0 1.0 1.0 0.0 0.0
wire P 4 0.0 0.0 0.0 10.0 0.0 0.0 10.0 10.0 0.0 0.0 10.0 0.0
wire P 4 3.0 3.0 0.0 7.0 3.0 0.0 7.0 7.0 0.0 3.0 7.0 0.0
prism 0.0 0.0 5.0
boolean common
plane -1.0 0.5 1.0 0.0 0.0 1.0 0.6 0.8 -0.0
wire P 4 -1.4000000000000001 -1.7000000000000002 1.0 8.200000000000001 11.100000000000001 1.0 6.6000000000000005 12.3 1.0 -3.0 -0.5000000000000001 1.0
prism 0.0 0.0 2.0
end
case both_turned_fuse
plane 0.0 0.0 0.0 0.0 0.0 1.0 0.6 0.8 -0.0
wire P 4 0.0 0.0 0.0 3.5999999999999996 4.800000000000001 0.0 -1.200000000000001 8.4 0.0 -4.800000000000001 3.5999999999999996 0.0
prism 0.0 0.0 5.0
boolean fuse
plane 0.8 3.25 0.8999999999999999 0.6 0.0 0.8 0.0 1.0 -0.0
wire P 4 3.2 0.25 -0.8999999999999999 3.2 6.25 -0.8999999999999999 -1.6000000000000003 6.25 2.6999999999999997 -1.6000000000000003 0.25 2.6999999999999997
prism 2.4 0.0 3.2
end
case both_turned_cut
plane 0.0 0.0 0.0 0.0 0.0 1.0 0.6 0.8 -0.0
wire P 4 0.0 0.0 0.0 3.5999999999999996 4.800000000000001 0.0 -1.200000000000001 8.4 0.0 -4.800000000000001 3.5999999999999996 0.0
prism 0.0 0.0 5.0
boolean cut
plane 0.8 3.25 0.8999999999999999 0.6 0.0 0.8 0.0 1.0 -0.0
wire P 4 3.2 0.25 -0.8999999999999999 3.2 6.25 -0.8999999999999999 -1.6000000000000003 6.25 2.6999999999999997 -1.6000000000000003 0.25 2.6999999999999997
prism 2.4 0.0 3.2
end
case both_turned_common
plane 0.0 0.0 0.0 0.0 0.0 1.0 0.6 0.8 -0.0
wire P 4 0.0 0.0 0.0 3.5999999999999996 4.800000000000001 0.0 -1.200000000000001 8.4 0.0 -4.800000000000001 3.5999999999999996 0.0
prism 0.0 0.0 5.0
boolean common
plane 0.8 3.25 0.8999999999999999 0.6 0.0 0.8 0.0 1.0 -0.0
wire P 4 3.2 0.25 -0.8999999999999999 3.2 6.25 -0.8999999999999999 -1.6000000000000003 6.25 2.6999999999999997 -1.6000000000000003 0.25 2.6999999999999997
prism 2.4 0.0 3.2
end
