turned_fuse done 1 1 0
S 539.33333333333348 429.66666666666669 4.8645378382090341 5.0901799203406108 2.2966625463535215 14 36 24 14 36 24 1
turned_cut done 1 1 0
S 359.33333333333331 472 5.5981653267367548 4.5342403628117873 2.6957328385899819 12 30 20 12 30 20 1
turned_common done 1 1 0
S 140.66666666666669 162.33333333333331 3.4719852553975779 6.1897840968931019 2 8 18 12 8 18 12 1
bar_tilted_fuse done 1 1 0
S 615 528 4.9999999999999991 4.9999999999999991 2.4999999999999996 16 36 24 16 36 24 1
bar_tilted_cut done 2 1 0
S 187.5 225 5 2.03125 2.9166666666666665 6 12 8 6 12 8 1
S 187.5 225 5 7.96875 2.0833333333333335 6 12 8 6 12 8 1
bar_tilted_common done 1 1 0
S 124.99999999999997 199.99999999999994 5 5 2.4999999999999996 6 12 8 6 12 8 1
caps_same_fuse done 1 1 0
S 504.16666666666652 406.6666666666668 4.9616712580348974 5.0134802571166244 2.5 20 42 24 12 30 20 1
caps_same_cut done 2 1 0
S 20.833333333333314 58.333333333333321 0.8333333333333327 8.8888888888888875 2.5 5 9 6 5 9 6 1
S 303.33333333333326 361.33333333333331 6.171916971916974 4.0432234432234448 2.5 9 21 14 9 21 14 1
caps_same_common done 1 1 0
S 175.83333333333334 185.33333333333334 3.4719852553975774 6.1897840968931028 2.5 8 18 12 8 18 12 1
caps_opposite_fuse done 1 1 0
S 607.99999999999989 473.66666666666669 4.7157894736842101 5.2131578947368418 3.2105263157894743 14 32 20 14 32 20 1
caps_opposite_cut done 1 1 0
S 499.99999999999994 400 5.0000000000000009 5.0000000000000009 2.5000000000000004 8 20 14 6 12 8 1
caps_opposite_common done 0 1 0
walls_same_fuse done 1 1 0
S 536 435.99999999999994 4.5970149253731334 4.9999999999999991 2.4328358208955225 12 28 18 10 24 16 1
walls_same_cut done 1 1 0
S 409.99999999999994 429.99999999999994 5.5487804878048781 5.0000000000000009 2.7195121951219514 10 24 16 10 24 16 1
walls_same_common done 1 1 0
S 90 126 2.5 5 1.4999999999999998 6 12 8 6 12 8 1
walls_opposite_fuse done 1 1 0
S 608 471.99999999999994 4.9999999999999982 5 3.2105263157894726 11 24 16 11 24 16 1
walls_opposite_cut done 1 1 0
S 499.99999999999989 399.99999999999994 4.9999999999999991 4.9999999999999991 2.5000000000000004 7 16 12 6 12 8 1
walls_opposite_common done 0 1 0
edge_on_face_fuse done 2 1 0
S 36.000000000000007 66.000000000000014 5.0000000000000009 4.7000000000000002 7.1000000000000005 6 12 8 6 12 8 1
S 499.99999999999994 399.99999999999994 5 5.0000000000000009 2.4999999999999996 6 13 10 6 13 10 1
edge_on_face_cut done 1 1 0
S 499.99999999999989 399.99999999999994 4.9999999999999991 4.9999999999999991 2.5 6 13 10 6 13 10 1
edge_on_face_common done 0 1 0
vertex_on_face_fuse done 2 1 0
S 24.000000000000007 54.832815729997485 5 3.7666666666666671 7.8000000000000007 5 9 6 5 9 6 1
S 499.99999999999994 399.99999999999994 4.9999999999999991 5.0000000000000009 2.5 6 12 9 6 12 9 1
vertex_on_face_cut done 1 1 0
S 499.99999999999989 399.99999999999994 4.9999999999999991 4.9999999999999991 2.5 6 12 9 6 12 9 1
vertex_on_face_common done 0 1 0
corner_tilted_fuse done 1 1 0
S 548 452 5.4682481751824801 5.0000000000000009 2.7441605839416057 12 30 20 12 30 20 1
corner_tilted_cut done 1 1 0
S 483.99999999999989 404 4.8690082644628125 5 2.4458677685950416 10 24 16 10 24 16 1
corner_tilted_common done 1 1 0
S 15.999999999999995 43.999999999999993 8.9625000000000021 5 4.1375000000000011 6 12 8 6 12 8 1
inside_fuse done 1 1 0
S 499.99999999999989 399.99999999999994 4.9999999999999991 5 2.5 6 12 8 6 12 8 1
inside_cut done 1 1 0
S 491.99999999999994 423.99999999999994 5 4.9934959349593502 2.513008130081301 12 24 16 12 24 16 1
inside_common done 1 1 0
S 8 24 5 5.3999999999999995 1.7000000000000002 6 12 8 6 12 8 1
apart_fuse done 2 1 0
S 8 24 15 5.3999999999999995 1.7000000000000002 6 12 8 6 12 8 1
S 499.99999999999989 399.99999999999994 4.9999999999999991 4.9999999999999991 2.5 6 12 8 6 12 8 1
apart_cut done 1 1 0
S 499.99999999999989 399.99999999999994 4.9999999999999991 4.9999999999999991 2.5 6 12 8 6 12 8 1
apart_common done 0 1 0
ell_tilted_fuse done 1 1 0
S 251.02758487654319 295.36342592592592 2.3278335811252675 4.8026015815650744 1.7233601525383109 20 49 32 20 49 32 1
ell_tilted_cut done 1 1 0
S 131.02758487654322 214.65740740740739 -0.11943712578045988 5.2629030504858072 2.0195055660492014 14 37 24 14 37 24 1
ell_tilted_common done 1 1 0
S 24.972415123456788 58.636574074074069 3.0773778889901657 5.2063255881618362 1.8976563861187714 8 18 12 8 18 12 1
through_hole_fuse done 2 1 0
S 10.500000000000004 54.5 5.0000000000000009 4.4500000000000011 2.6000000000000005 6 12 8 6 12 8 1
S 319.99999999999989 448 4.9999999999999991 4.9999999999999991 2.5 10 24 16 10 24 16 1
through_hole_cut done 1 1 0
S 319.99999999999989 448 4.9999999999999991 4.9999999999999991 2.5 10 24 16 10 24 16 1
through_hole_common done 0 1 0
across_hole_fuse done 1 1 0
S 449.1875 493.85416666666674 4.8129991651593143 4.9787162005472867 2.4675107833588439 23 57 38 23 57 38 1
across_hole_cut done 1 1 0
S 385.1875 494.97916666666674 5.1806952782735678 4.925333982367893 2.5451890313159171 15 45 30 15 45 30 1
across_hole_common done 1 1 0
S 34.812500000000021 90.1458333333334 3.0006732495511668 5.8261520047875521 2 9 21 14 9 21 14 1
both_turned_fuse done 1 1 0
S 255.48806815441745 256.38606047453703 0.4611567657382592 3.772015073993094 2.4165419404115354 18 42 28 18 42 28 1
both_turned_cut done 2 1 0
S 1.066666666666666 8.7999999999999901 2.8000000000000003 4.5666666666666682 4.700000000000002 4 6 4 4 6 4 1
S 110.42140148775077 188.0348524305555 -1.5682341750667717 4.4450960283018652 2.285646579703434 10 27 18 10 27 18 1
both_turned_common done 1 1 0
S 68.511931845582581 103.61393952546297 0.90757839007282348 3.7992674952274825 2.8112237217924529 10 24 16 10 24 16 1
