e_plane_cross done 2 0
P 1.0000000000000002 0.8660254037844386 0 1.0471975511965976
P 1.0000000000000002 -0.8660254037844386 0 5.2359877559829888
e_plane_tangent done 1 0
P 2 0 0 0
e_plane_contained done 0 0
e_plane_parallel done 0 0
e_plane_tilted done 2 0
P 0.25 1.2888106377466155 -0.59160797830996159 1.4033482475752073
P 0.24999999999999903 -0.28881063774661564 0.5916079783099617 4.8798370596043785
e_sphere_two done 2 0
P -0.11963298118022457 0.99820939058570424 0 1.6306485456335142
P -0.11963298118022507 -0.99820939058570424 0 4.652536761546072
e_sphere_tangent done 1 0
P 2 0 0 0
e_cylinder_four done 4 0
P 1.5 0 -0.66143782776614768 0.72273424781341566
P -1.5 0 -0.66143782776614768 2.4188584057763776
P -1.5000000000000002 0 0.66143782776614746 3.8643269014032087
P 1.4999999999999991 0 0.66143782776614812 5.5604510593661702
e_cylinder_tangent done 1 0
P 2 0 0 0
e_cone_two done 2 0
P 1 0.39099074319913557 1.9654305288851042 1.3070900409749475
P 1 -0.39099074319913574 1.9654305288851042 1.8345026126148458
e_cone_miss done 0 0
e_torus_cross done 4 0
P 0 1.5346238688516742 0.1828252076640863 0.82022722806709236
P 0 -1.5346238688516742 0.18282520766408633 2.3213654255227008
P 0 -1.5346238688516745 -0.1828252076640863 3.9618198816568855
P 0 1.534623868851674 -0.18282520766408636 5.4629580791124939
e_torus_tangent done 14 0
P 2.5 0 0 0
P 2.5 4.4991982519166476e-10 0 4.4991982519166476e-10
P 1.2198750911856662 0.87287156094396956 0 1.0610566479633898
P -1.2198750911856668 0.87287156094396945 0 2.0805360056264037
P -2.5 1.075017086800553e-09 0 3.1415926525147762
P -2.5 -1.4381706596314364e-11 0 3.1415926536041749
P -2.4999999999999996 1.4402023252098468e-08 0 3.14159263918777
P -2.4999999999999991 2.850133119548112e-08 0 3.141592625088462
P -2.4999999999999991 -2.8501313186983366e-08 0 3.1415926820911064
P -1.2198750911856675 -0.87287156094396934 0 4.2026493015531825
P 1.2198750911856666 -0.87287156094396945 0 5.2221286592161968
P 2.5 -5.0299993201216383e-12 0 6.2831853071745565
P 2.5 -2.4225746691732852e-14 0 6.2831853071795623
P 2.5 -2.0212861992297212e-15 0 6.2831853071795845
e_torus_tilted done 14 0
P 2.5 0 0 0
P 2.4999999999999947 9.7252894791016081e-08 -7.2939671093262047e-08 6.9466353422154396e-08
P 2.5 6.4258036961079357e-20 -4.8193527720809521e-20 4.58985978293424e-20
P 2.4999999999999929 1.1243463112888507e-07 -8.4325973346663803e-08 8.0310450806346567e-08
P 2.5 3.4294539468192791e-10 -2.5720904601144592e-10 2.4496099620137705e-10
P 2.499999999999996 8.2805432718523979e-08 -6.2104074538892977e-08 5.9146737656088585e-08
P -1.7499323926862971 0.64145360116346917 -0.48109020087260185 2.6656448193738926
P -1.7499323926862969 -0.64145360116346939 0.48109020087260196 3.617540487805694
P 2.5 -2.3091205456467616e-11 1.731840409235071e-11 6.2831853071630928
P 2.499999999999996 -8.2805339284128604e-08 6.2104004463096443e-08 6.2831852480329156
P 2.5 -2.6961420405775814e-12 2.0221065304331858e-12 6.2831853071776607
P 2.5 0 0 0
P 2.5 -1.5863508913414344e-15 1.1897631685060758e-15 6.2831853071795853
P 2.4999999999999911 -1.2504213290227296e-07 9.378159967670472e-08 6.2831852178637773
h_plane_cross done 2 0
P 2 1.7320508075688774 0 1.3169578969248168
P 2 -1.7320508075688774 0 -1.3169578969248168
h_plane_tangent done 1 0
P 1 0 0 0
h_plane_other done 0 0
h_plane_one done 1 0
P 1.1180339887498949 0.24999999999999994 0 0.48121182505960336
h_plane_contained done 0 0
h_sphere_two done 2 0
P 1.5811388300841898 1.2247448713915892 0 1.0317185344477804
P 1.5811388300841898 -1.2247448713915892 0 -1.0317185344477804
h_sphere_tangent done 1 0
P 1 0 0 0
h_cylinder_two done 2 0
P 1.4142135623730949 0.99999999999999989 0 0.88137358701954294
P 1.4142135623730951 -1.0000000000000002 0 -0.88137358701954316
h_cone_two done 2 0
P 1.3575746192540807 0.91815513223140133 0 0.82230077085098197
P 1.3575746192540805 -0.91815513223140099 0 -0.82230077085098174
h_cone_miss done 0 0
h_torus_cross done 4 0
P 1.9039432764659772 -1.6201851746019651 0 -1.2596331577694369
P 1.2747548783981961 -0.79056941504209477 0 -0.72528725691129003
P 1.2747548783981963 0.79056941504209488 0 0.72528725691129015
P 1.9039432764659772 1.6201851746019651 0 1.2596331577694369
h_torus_tilted done 2 0
P 2.3622772249379604 -0.40556030357487977 0.30417022768115981 -0.6328393753887176
P 2.36227722493796 0.40556030357487949 -0.30417022768115959 0.63283937538871726
s_torus_cross done 4 0
P -2.4836741894764875 0 0.12672520836148768 0.087989855418040649
P -1.5049659440462502 0 -0.070294263250849462 0.26699375957148763
P 1.5149302124629045 7.4675854895912334e-05 -0.1212736698721819 1.0049891834634508
P 2.4503820071898952 0.4673175080876375 0.073652376123503976 1.3946802537445713
s_torus_top done 7 0
P -2.0000000000001119 0 0.5 0.16666666666664803
P -2.0000000000964304 0 0.5 0.16666666665059496
P -1.9999999999984599 0 0.5 0.16666666666692334
P -2.0000000234068969 0 0.5 0.16666666276551723
P 1.9999999960374966 0 0.5 0.83333333267291609
P 2.0000000000001963 0 0.5 0.83333333333336601
P 2.0000000000241789 0 0.5 0.83333333333736315
s_torus_contained done 74 0
P 2 0 0.5 0
P 1.9996860962233498 0.035433269268006766 0.5 0.0088590125363748311
P 1.9999999905714487 0.00019420145256927548 0.5 4.8550363256758767e-05
P 1.999999998064782 8.7982220680948571e-05 0.5 2.1995555180878692e-05
P 1.9997383605376187 0.032349488316142705 0.5 0.00808790110756007
P 1.9999995918447604 0.0012777405027449534 0.5 0.00031943515828102172
P 1.9999994420173333 0.0014939646437652191 0.5 0.00037349121304171051
P 1.9999994727938681 0.0014521791379427445 0.5 0.00036304483233555159
P 1.9999994172034652 0.0015268221240436932 0.5 0.00038170558662509662
P 1.9999993105847114 0.0016606205706183495 0.5 0.00041515521420817535
P 1.9999992785688101 0.0016987419577905946 0.5 0.00042468556604300197
P 1.9999987768081668 0.0022119597277733293 0.5 0.00055299010104657622
P 1.999999524267708 0.0013794669046932281 0.5 0.00034486676718937143
P 1.9999997390022002 0.0010217588420456222 0.5 0.00025543972717870727
P 1.9999994318133643 0.0015075630069927323 0.5 0.00037689080528426273
P 1.3866973442109543 1.4412045224596979 0.5 0.42554866171410877
P 1.9999962394564998 0.0038784223413816962 0.5 0.00096960649690727642
P 1.9999934417439966 0.0051218142295951482 0.5 0.0012804556567877867
P 1.9999996743357009 0.0011413400410781754 0.5 0.00028533503350040227
P 1.9999996373299289 0.0012044418431476362 0.5 0.00030111048808784959
P 1.9999991659939247 0.0018264784713085639 0.5 0.00045661971303304462
P 1.9999987222854725 0.0022607203447286301 0.5 0.00056518026671691687
P 1.9999985723407956 0.0023896934489006237 0.5 0.00059742357545447251
P 0.62409342445002203 1.9001335209816821 0.5 0.72411046926803946
P 0.64297717177513003 1.8938269077653467 0.5 0.71655061117814201
P 1.4460455172213649 1.3816484220394116 0.5 0.40093736868382118
P 1.9999996680439276 0.0011523125357963213 0.5 0.00028807815785640377
P 1.9999996502246726 0.0011828360783201191 0.5 0.00029570904543796183
P 0.46332809832916233 1.9455917026186871 0.5 0.78982239675597909
P 1.9999994297698485 0.0015102715918077253 0.5 0.00037756795177708893
P 0.46703818979727241 1.9447044323677793 0.5 0.7882749608053633
P 0.47079422892358685 1.9437985476926989 0.5 0.78671000803637292
P 1.9999992587636777 0.0017219014897740131 0.5 0.00043047545221451354
P 0 2 0.5 1
P 1.9999989396177749 0.0020594969717060378 0.5 0.00051487437941741948
P 1.9984049936978316 0.079859133250804709 0.5 0.019972747477225626
P 1.6377239641243126 1.1479809307357622 0.5 0.31557670182160419
P 1.9999973297305667 0.0032681907232238266 0.5 0.00081704822624068267
P 1.9999973481820581 0.0032568796008213365 0.5 0.00081422043999642693
P 1.9999974629661668 0.0031856127976876182 0.5 0.00079640370454769037
P 1.9999974972105738 0.0031640403665343397 0.5 0.00079101058656681799
P 1.9524149733750693 0.4336770362156932 0.5 0.10972457070856736
P 1.999999901360797 0.0006281375669695867 0.5 0.00015703439561483358
P 1.9999999343759742 0.00051234373043294401 0.5 0.00012808593470961467
P 1.9073215403018473 0.60176784718077769 0.5 0.15401032164204487
P 1.9998101056167581 0.027559779989861703 0.5 0.0068902721034582899
P 1.8808945321274793 0.67987922384269905 0.5 0.17518621498585121
P 0.22026959780869848 1.9878333190388964 0.5 0.89531168692342322
P 0.51301595257669685 1.9330842279636509 0.5 0.76922879298938851
P 1.9999999351275399 0.00050940144897965135 0.5 0.00012735036431029569
P 1.9999999321455566 0.00052097770415739054 0.5 0.00013024442824876345
P 0.89233061060756724 1.7899011373181273 0.5 0.61884389383208793
P 1.6860347939172038 1.0757725938601388 0.5 0.29185090592074941
P 0.8904944639518636 1.7908153477316089 0.5 0.61955328753102634
P 0.51102713945304379 1.9336109388246745 0.5 0.77004780571422138
P 1.9999999788734981 0.00029069916976115305 0.5 7.2674792824129307e-05
P 1.9999977857627844 0.0029760618204629453 0.5 0.00074401586697264179
P 0.61564049338307791 1.9028890621649599 0.5 0.7275040537791021
P 0.15828922749144164 1.9937262902565545 0.5 0.92375306555824443
P 0.4019451496488981 1.9591937363807912 0.5 0.81566964036092759
P 0.71703533981690848 1.8670458809182089 0.5 0.68716289904570127
P 1.9999999993031272 5.2796704194262175e-05 0.5 1.3199176050865081e-05
P 0.36769248144018246 1.9659100282292576 0.5 0.8303063187637717
P 0.68731599854391856 1.8781897449793448 0.5 0.69890915173243984
P 0.19667670243435301 1.9903060756375006 0.5 0.90605325464227271
P 0.45472710434899699 1.9476198963274061 0.5 0.79341605544536586
P 0.19706292528855765 1.9902678722917466 0.5 0.90587659068997717
P 0.3318837741669029 1.9722710666753525 0.5 0.84578446341305025
P 0.19694190671721518 1.9902798510206015 0.5 0.90593194336876259
P 0.23338434108337236 1.9863362629064294 0.5 0.88938398392409945
P 0.60097238536849851 1.907572329434587 0.5 0.73340737493617314
P 1.947729104215703 0.45425910732872971 0.5 0.11506845969842136
P 1.2299139085071411e-05 1.9999999999621827 0.5 0.99999385044936595
P 0.00052139205353762483 1.9999999320375805 0.5 0.99973933794558334
s_torus_partial done 80 0
P 2 0 0.5 0
P 1.9996860971339787 0.035433217876402454 0.5 0.0088589996854484491
P 1.9999999905714487 0.00019420145256927548 0.5 4.8550363256758767e-05
P 1.999999998064782 8.7982220680948571e-05 0.5 2.1995555180878692e-05
P 1.9997383603032388 0.032349502804721979 0.5 0.0080879047304157695
P 1.9999995918447604 0.0012777405027449534 0.5 0.00031943515828102172
P 1.9999994420173333 0.0014939646437652191 0.5 0.00037349121304171051
P 1.9999994727948835 0.0014521777395686379 0.5 0.0003630444827418867
P 1.9999994172034652 0.0015268221240436932 0.5 0.00038170558662509662
P 1.9999993105847114 0.0016606205706183495 0.5 0.00041515521420817535
P 1.9999992785688101 0.0016987419577905946 0.5 0.00042468556604300197
P 1.9999987768081668 0.0022119597277733293 0.5 0.00055299010104657622
P 1.999999524267708 0.0013794669046932281 0.5 0.00034486676718937143
P 1.9999997390031545 0.0010217569742140109 0.5 0.00025543926022071297
P 1.9999652375642016 0.011791884275528571 0.5 0.0029479966887685496
P 1.3866743773682679 1.4412266203308643 0.5 0.42555807253333261
P 1.9999962394457911 0.0038784278635607592 0.5 0.00096960787745593597
P 1.9999934417439966 0.0051218142295951482 0.5 0.0012804556567877867
P 1.9999996743370803 0.0011413376239226088 0.5 0.00028533442921136305
P 1.9999996373288946 0.0012044435598994759 0.5 0.00030111091727592627
P 1.999999165996426 0.0018264757322337389 0.5 0.00045661902826391011
P 1.9999987222868321 0.0022607191420627396 0.5 0.00056517996605015607
P 1.9999985723391105 0.0023896948593380204 0.5 0.0005974239280641992
P 0.62409171559798016 1.9001340822484003 0.5 0.72411115471068666
P 0.64297937779785563 1.8938261587924807 0.5 0.71654972971087905
P 1.4460457348774793 1.3816481942385517 0.5 0.40093727725516526
P 1.9999996680463055 0.0011523084081253086 0.5 0.00028807712593839375
P 1.9999996502241173 0.0011828370170892384 0.5 0.00029570928013030319
P 0.46332334918398882 1.9455928335859307 0.5 0.78982437861048016
P 1.9999994297730779 0.0015102673150025059 0.5 0.00037756688257532681
P 0.46703549230805491 1.9447050801920001 0.5 0.78827608530780213
P 0.47079090631766873 1.9437993524354791 0.5 0.78671139167029358
P 1.9999992587644253 0.0017219006213998126 0.5 0.0004304752351208427
P 0 2 0.5 1
P 1.9999989396177322 0.0020594970128358903 0.5 0.00051487438969989086
P 1.9983941433198038 0.080130193716898904 0.5 0.020040594009666103
P 1.6377237147885255 1.1479812864412351 0.5 0.31557682123420183
P 1.9999973297305667 0.0032681907232238266 0.5 0.00081704822624068267
P 1.9999973481819149 0.0032568796889329661 0.5 0.00081422046202437811
P 1.9999974629661668 0.0031856127976876182 0.5 0.00079640370454769037
P 1.9999974972106198 0.0031640403375470432 0.5 0.0007910105793199802
P 1.9524149733750693 0.4336770362156932 0.5 0.10972457070856736
P 1.9999999013595724 0.00062814146578546253 0.5 0.00015703537031887466
P 1.9999999343766721 0.00051234100631061754 0.5 0.00012808525367899952
P 1.2641141644380707e-07 1.999999999999996 0.5 0.99999993679429378
P 1.9073263949246815 0.60175246008937744 0.5 0.15400619228304241
P 1.9998101056167581 0.027559779989861703 0.5 0.0068902721034582899
P 3.9826733062261852e-09 2 0.5 0.99999999800866335
P 0.22026556805824332 1.9878337655669247 0.5 0.8953135130161054
P 0.51300957162963279 1.9330859213745211 0.5 0.76923142004626599
P 1.9999999351285898 0.00050939732651717829 0.5 0.00012734933369462729
P 1.9999999321449267 0.0005209801226599512 0.5 0.00013024503287443437
P 0.89246035439079241 1.7898364494670069 0.5 0.61879377075990405
P 1.6860343792384069 1.0757732437768472 0.5 0.2918511150726486
P 0.89062282831062012 1.7907515119893076 0.5 0.61950369119442839
P 0.51102102978526087 1.9336125535166584 0.5 0.77005032239097504
P 1.2086702063224909e-06 1.9999999999996347 0.5 0.99999939566507945
P 1.3650857000484177e-06 1.9999999999995342 0.5 0.99999931745738291
P 1.999999978868781 0.00029073162177775972 0.5 7.2682905828409534e-05
P 1.9999977857627969 0.0029760618121162609 0.5 0.0007440158648859672
P 0.61563732109685143 1.902890088489793 0.5 0.72750532848790661
P 0.15828629809588504 1.993726522829824 0.5 0.92375442710670896
P 0.40194524119615255 1.9591937175990961 0.5 0.81566960145329159
P 0.71703535488842696 1.8670458751300214 0.5 0.68716289310364542
P 1.9999999993033653 5.278768533534843e-05 0.5 1.3196921336135465e-05
P 0.36769668297599056 1.9659092423935682 0.5 0.83030451346605338
P 7.5456978888769459e-07 1.9999999999998577 0.5 0.99999962271517673
P 0.19667582818032864 1.9903061620287421 0.5 0.90605365457017029
P 1.5835924211466923 1.2215707280738011 0.5 0.34087881224029321
P 0.19706202454678359 1.990267961476927 0.5 0.90587700267018423
P 0.33188323214593096 1.9722711578838166 0.5 0.84578469912012744
P 0.1969399818307066 1.9902800414907751 0.5 0.9059328238144575
P 0.2333855548110528 1.9863361202992651 0.5 0.88938343673818188
P 0.60098067754091944 1.9075697170018342 0.5 0.73340403236110685
P 1.2701770432749553e-05 1.9999999999596663 0.5 0.99999364913495037
P 1.9476988875536334 0.45438864799017503 0.5 0.11510215468124448
P 1.279387061972876e-05 1.9999999999590792 0.5 0.9999936030851504
P 1.2942946678947469e-05 1.9999999999581202 0.5 0.99999352854760037
P 1.3019980066569935e-05 1.9999999999576201 0.5 0.99999349003115656
P -1.6000000000000001 1.1999999999999997 -0.5 1.6666666666666667
s_torus_miss done 0 0
s_cone_cross done 2 0
P -1.2358017519276356 0.27830652138649509 0.48828615988650831 0.15374541387675567
P 1.488224903307692 0.32977677390250598 0.95977010110544647 0.92623854749127499
s_cone_apex done 1 0
P -1.1102230246251565e-16 1.1102230246251565e-16 -1.1102230246251565e-16 0.49999999999999994
s_cone_contained done 0 0
s_cone_miss done 0 0
