case arc_stadium
plane 0.0 0.0 0.0 0.0 0.0 1.0 1.0 0.0 0.0
wire S 4 0.0 -1.0 0.0 L 3.0 -1.0 0.0 A 3.0 0.0 0.0 1.0 1 3.0 1.0 0.0 L 0.0 1.0 0.0 A 0.0 0.0 0.0 1.0 1
prism 0.0 0.0 2.0
end
case arc_rounded_rectangle
plane 0.0 0.0 0.0 0.0 0.0 1.0 1.0 0.0 0.0
wire S 8 1.0 0.0 0.0 L 7.0 0.0 0.0 A 7.0 1.0 0.0 1.0 1 8.0 1.0 0.0 L 8.0 5.0 0.0 A 7.0 5.0 0.0 1.0 1 7.0 6.0 0.0 L 1.0 6.0 0.0 A 1.0 5.0 0.0 1.0 1 0.0 5.0 0.0 L 0.0 1.0 0.0 A 1.0 1.0 0.0 1.0 1
prism 0.0 0.0 3.0
end
case arc_rounded_clockwise_labelled
plane 0.0 0.0 0.0 0.0 0.0 1.0 1.0 0.0 0.0
wire S 8 1.0 0.0 0.0 L 7.0 0.0 0.0 A 7.0 1.0 0.0 1.0 1 8.0 1.0 0.0 L 8.0 5.0 0.0 A 7.0 5.0 0.0 1.0 1 7.0 6.0 0.0 L 1.0 6.0 0.0 A 1.0 5.0 0.0 1.0 1 0.0 5.0 0.0 L 0.0 1.0 0.0 A 1.0 1.0 0.0 1.0 1
prism 0.0 0.0 3.0
end
case arc_d_shape
plane 0.0 0.0 0.0 0.0 0.0 1.0 1.0 0.0 0.0
wire S 2 0.0 -2.0 0.0 A 0.0 0.0 0.0 2.0 1 0.0 2.0 0.0 L
prism 0.0 0.0 1.0
end
case arc_pacman
plane 0.0 0.0 0.0 0.0 0.0 1.0 1.0 0.0 0.0
wire S 3 0.0 0.0 0.0 L 3.0 4.0 0.0 A 0.0 0.0 0.0 5.0 1 3.0 -4.0 0.0 L
prism 0.0 0.0 1.5
end
case arc_pacman_clockwise
plane 0.0 0.0 0.0 0.0 0.0 1.0 1.0 0.0 0.0
wire S 3 0.0 0.0 0.0 L 3.0 4.0 0.0 A 0.0 0.0 0.0 5.0 1 3.0 -4.0 0.0 L
prism 0.0 0.0 1.5
end
case arc_notch
plane 0.0 0.0 0.0 0.0 0.0 1.0 1.0 0.0 0.0
wire S 6 0.0 0.0 0.0 L 10.0 0.0 0.0 L 10.0 6.0 0.0 L 6.0 6.0 0.0 A 5.0 6.0 0.0 1.0 0 4.0 6.0 0.0 L 0.0 6.0 0.0 L
prism 0.0 0.0 2.0
end
case arc_lens
plane 0.0 0.0 0.0 0.0 0.0 1.0 1.0 0.0 0.0
wire S 2 0.0 -3.0 0.0 A -4.0 0.0 0.0 5.0 1 0.0 3.0 0.0 A 4.0 0.0 0.0 5.0 1
prism 0.0 0.0 2.0
end
case arc_scallop
plane 0.0 0.0 0.0 0.0 0.0 1.0 1.0 0.0 0.0
wire S 4 0.0 0.0 0.0 A 2.0 1.5 0.0 2.5 1 4.0 0.0 0.0 A 2.5 2.0 0.0 2.5 1 4.0 4.0 0.0 A 2.0 2.5 0.0 2.5 1 0.0 4.0 0.0 A 1.5 2.0 0.0 2.5 1
prism 0.0 0.0 2.0
end
case arc_slot_hole
plane 3.0 -2.0 5.0 0.3179993640019079 -0.42399915200254396 0.8479983040050879 0.9480909262799545 0.14221363894199315 -0.2844272778839863
wire P 4 -6.480909262799544 -12.36640829941909 3.3721368238402833 12.480909262799544 -9.522135520579228 -2.3164087338394426 12.480909262799544 8.36640829941909 6.627863176159717 -6.480909262799544 5.522135520579228 12.316408733839442
wire S 4 1.103818147440091 -3.178854468883902 5.121640960268015 L 4.896181852559909 -2.6099999131159297 3.983931848732069 A 4.896181852559909 -1.7155727221160137 4.431145444232027 1.0 1 4.896181852559909 -0.8211455311160979 4.878359039731985 L 1.103818147440091 -1.3900000868840707 6.016068151267931 A 1.103818147440091 -2.2844272778839865 5.568854555767973 1.0 1
prism 0.9539980920057238 -1.271997456007632 2.543994912015264
end
case arc_holes_mixed
plane 3.953998092005724 -3.271997456007632 7.543994912015264 0.3179993640019079 -0.42399915200254396 0.8479983040050879 0.9480909262799545 0.14221363894199315 -0.2844272778839863
wire P 4 -5.52691117079382 -13.638405755426723 5.916131735855547 13.434907354805269 -10.79413297658686 0.22758617817582127 13.434907354805269 7.094410843411458 9.17185808817498 -5.52691117079382 4.250138064571596 14.860403645854706
wire S 3 -1.734547465674003 -9.491842435659088 6.567277006319434 L 2.057816239445815 -8.922987879891114 5.429567894783489 A 2.057816239445815 -7.134133497891282 6.323995085783405 2.0 1 2.057816239445815 -5.345279115891451 7.218422276783321 L
wire C 8.694452723405496 1.9112066937019132 8.357926500095122 1.5
wire S 2 7.746361797125543 -8.069706046239155 3.723004227479571 A 8.694452723405496 -7.927492407297162 3.4385769495955847 1.0 1 9.642543649685452 -7.785278768355168 3.154149671711598 A 8.694452723405496 -7.927492407297162 3.4385769495955847 1.0 1
prism -0.9539980920057238 1.271997456007632 -2.543994912015264
end
case arc_transformed
plane 2.682000635998092 -1.576000847997456 4.152001695994912 0.3179993640019079 -0.42399915200254396 0.8479983040050879 0.9480909262799545 0.14221363894199315 -0.2844272778839863
wire S 8 3.6300915622780465 -1.4337872090554629 3.867574418110926 L 9.318637119957772 -0.5805053754035041 2.161010750807008 A 9.318637119957772 0.3139218155964118 2.608224346306966 1.0 1 10.266728046237729 0.45613545453840504 2.3237970684229796 L 10.266728046237729 4.033844218538069 4.1126514504228115 A 9.318637119957772 3.8916305795960757 4.397078728306798 1.0 1 9.318637119957772 4.786057770595992 4.844292323806755 L 3.6300915622780465 3.932775936944033 6.550855991110673 A 3.6300915622780465 3.038348745944117 6.1036423956107155 1.0 1 2.682000635998092 2.8961351070021237 6.388069673494702 L 2.682000635998092 -0.6815736569975404 4.59921529149487 A 3.6300915622780465 -0.5393600180555469 4.314788013610884 1.0 1
prism 0.9539980920057238 -1.271997456007632 2.543994912015264
transform 0.4535961214255773 -0.7129658880491484 0.5347244160368613 0.3681624065621356 0.7129658880491484 0.6503015177123694 0.2622738617157229 -0.8003905086210561 -0.5347244160368613 0.2622738617157229 0.8032946037132078 0.6002928814657915
transform 1.0 0.0 0.0 10.0 0.0 1.0 0.0 -20.0 0.0 0.0 1.0 30.0
end
case arc_far_small
plane 100.0 -50.0 25.0 0.0 0.0 1.0 1.0 0.0 0.0
wire S 8 100.0009765625 -50.0 25.0 L 100.0068359375 -50.0 25.0 A 100.0068359375 -49.9990234375 25.0 0.0009765625 1 100.0078125 -49.9990234375 25.0 L 100.0078125 -49.9951171875 25.0 A 100.0068359375 -49.9951171875 25.0 0.0009765625 1 100.0068359375 -49.994140625 25.0 L 100.0009765625 -49.994140625 25.0 A 100.0009765625 -49.9951171875 25.0 0.0009765625 1 100.0 -49.9951171875 25.0 L 100.0 -49.9990234375 25.0 A 100.0009765625 -49.9990234375 25.0 0.0009765625 1
prism 0.0 0.0 0.001
end
