case sheet_square_skew
plane 0.0 0.0 0.0 0.0 0.0 1.0 1.0 0.0 0.0
wire P 4 0.0 0.0 0.0 10.0 0.0 0.0 10.0 10.0 0.0 0.0 10.0 0.0
make face
split 4.0 6.0 2.0 1.0 2.0 3.0
end
case sheet_square_diagonal
plane 0.0 0.0 0.0 0.0 0.0 1.0 1.0 0.0 0.0
wire P 4 0.0 0.0 0.0 10.0 0.0 0.0 10.0 10.0 0.0 0.0 10.0 0.0
make face
split 5.0 5.0 0.0 1.0 1.0 0.0
end
case sheet_square_corner
plane 0.0 0.0 0.0 0.0 0.0 1.0 1.0 0.0 0.0
wire P 4 0.0 0.0 0.0 10.0 0.0 0.0 10.0 10.0 0.0 0.0 10.0 0.0
make face
split 10.0 10.0 0.0 1.0 1.0 1.0
end
case sheet_u_along_edge
plane 0.0 0.0 0.0 0.0 0.0 1.0 1.0 0.0 0.0
wire P 8 0.0 0.0 0.0 9.0 0.0 0.0 9.0 6.0 0.0 6.0 6.0 0.0 6.0 2.0 0.0 3.0 2.0 0.0 3.0 6.0 0.0 0.0 6.0 0.0
make face
split 0.0 2.0 0.0 0.0 1.0 0.0
end
case sheet_stadium_tangent
plane 0.0 0.0 0.0 0.0 0.0 1.0 1.0 0.0 0.0
wire S 4 0.0 -1.0 0.0 L 3.0 -1.0 0.0 A 3.0 0.0 0.0 1.0 1 3.0 1.0 0.0 L 0.0 1.0 0.0 A 0.0 0.0 0.0 1.0 1
make face
split 4.0 0.0 0.0 1.0 0.0 0.0
end
case sheet_disc_chord
plane 0.0 0.0 0.0 0.0 0.0 1.0 1.0 0.0 0.0
wire C 0.0 0.0 0.0 2.0
make face
split 1.0 0.0 0.0 1.0 0.0 1.0
end
case sheet_disc_miss
plane 0.0 0.0 0.0 0.0 0.0 1.0 1.0 0.0 0.0
wire C 0.0 0.0 0.0 2.0
make face
split 3.0 0.0 0.0 1.0 0.0 0.5
end
case sheet_hole_tangent
plane 0.0 0.0 0.0 0.0 0.0 1.0 1.0 0.0 0.0
wire P 4 0.0 0.0 0.0 10.0 0.0 0.0 10.0 10.0 0.0 0.0 10.0 0.0
wire C 5.0 5.0 0.0 2.0
make face
split 0.0 7.0 0.0 0.0 1.0 0.0
end
case sheet_slot_hole_tilted
plane 1.0 -2.0 0.5 0.0 0.6 0.8 1.0 -0.0 0.0
wire P 4 -4.0 -6.0 3.5 6.0 -6.0 3.5 6.0 2.0 -2.5 -4.0 2.0 -2.5
wire S 4 -1.0 -2.8 1.1 L 3.0 -2.8 1.1 A 3.0 -2.0 0.5 1.0 1 3.0 -1.2 -0.09999999999999998 L -1.0 -1.2 -0.09999999999999998 A -1.0 -2.0 0.5 1.0 1
make face
split 2.0 -1.6 0.20000000000000007 1.0 0.85 0.30000000000000016
end
case sheet_parallel_off
plane 0.0 0.0 0.0 0.0 0.0 1.0 1.0 0.0 0.0
wire P 4 0.0 0.0 0.0 10.0 0.0 0.0 10.0 10.0 0.0 0.0 10.0 0.0
make face
split 0.0 0.0 1.0 0.0 0.0 1.0
end
case sheet_in_plane
plane 0.0 0.0 0.0 0.0 0.0 1.0 1.0 0.0 0.0
wire P 4 0.0 0.0 0.0 10.0 0.0 0.0 10.0 10.0 0.0 0.0 10.0 0.0
make face
split 3.0 4.0 0.0 0.0 0.0 -1.0
end
case sheet_bulge_twice
plane 0.0 0.0 0.0 0.0 0.0 1.0 1.0 0.0 0.0
wire S 4 0.0 0.0 0.0 L 10.0 0.0 0.0 B 2 3 10.0 0.0 0.0 12.0 3.0 0.0 10.0 6.0 0.0 2 0.0 1.0 3 3 10.0 6.0 0.0 L 0.0 6.0 0.0 L
make face
split 10.5 0.0 0.0 1.0 0.0 0.0
end
case sheet_wave_knot
plane 0.0 0.0 0.0 0.0 0.0 1.0 1.0 0.0 0.0
wire S 4 0.0 0.0 0.0 L 10.0 0.0 0.0 L 10.0 6.0 0.0 B 2 5 10.0 6.0 0.0 8.0 8.0 0.0 5.0 5.0 0.0 2.0 8.0 0.0 0.0 6.0 0.0 4 0.0 1.0 2.0 3.0 3 1 1 3 0.0 6.0 0.0 L
make face
split 6.5 0.0 0.0 1.0 0.0 1.0
end
case sheet_lens_tilted
plane 1.0 -2.0 0.5 0.0 0.6 0.8 1.0 -0.0 0.0
wire P 4 1.0 -2.0 0.5 11.0 -2.0 0.5 11.0 6.0 -5.5 1.0 6.0 -5.5
wire S 2 4.0 2.0 -2.5 B 3 4 4.0 2.0 -2.5 5.0 -0.3999999999999999 -0.7 7.0 -0.3999999999999999 -0.7 8.0 2.0 -2.5 2 0.0 1.0 4 4 8.0 2.0 -2.5 B 3 4 8.0 2.0 -2.5 7.0 4.4 -4.3 5.0 4.4 -4.3 4.0 2.0 -2.5 2 0.0 1.0 4 4
make face
split 6.0 1.2000000000000002 -1.8999999999999995 0.25 1.1 -0.19999999999999984
end
case wire_square_skew_tilted
plane 1.0 -2.0 0.5 0.0 0.6 0.8 1.0 -0.0 0.0
wire P 4 1.0 -2.0 0.5 11.0 -2.0 0.5 11.0 6.0 -5.5 1.0 6.0 -5.5
make wire
split 5.0 2.8000000000000007 -3.099999999999999 1.0 3.4 1.2000000000000006
end
case wire_square_diagonal
plane 0.0 0.0 0.0 0.0 0.0 1.0 1.0 0.0 0.0
wire P 4 0.0 0.0 0.0 10.0 0.0 0.0 10.0 10.0 0.0 0.0 10.0 0.0
make wire
split 5.0 5.0 0.0 1.0 1.0 0.0
end
case wire_l_along_edge
plane 0.0 0.0 0.0 0.0 0.0 1.0 1.0 0.0 0.0
wire P 6 0.0 0.0 0.0 10.0 0.0 0.0 10.0 2.0 0.0 6.0 2.0 0.0 6.0 6.0 0.0 0.0 6.0 0.0
make wire
split 0.0 2.0 0.0 0.0 1.0 0.0
end
case wire_circle_chord_tilted
plane 1.0 -2.0 0.5 0.0 0.6 0.8 1.0 -0.0 0.0
wire C 1.0 -2.0 0.5 2.0
make wire
split 1.5 -2.0 0.5 1.0 1.4 0.20000000000000018
end
case wire_stadium_arc
plane 0.0 0.0 0.0 0.0 0.0 1.0 1.0 0.0 0.0
wire S 4 0.0 -1.0 0.0 L 3.0 -1.0 0.0 A 3.0 0.0 0.0 1.0 1 3.0 1.0 0.0 L 0.0 1.0 0.0 A 0.0 0.0 0.0 1.0 1
make wire
split 3.5 0.0 0.0 1.0 0.0 0.25
end
case wire_parallel_off_tilted
plane 1.0 -2.0 0.5 0.0 0.6 0.8 1.0 -0.0 0.0
wire P 4 1.0 -2.0 0.5 11.0 -2.0 0.5 11.0 6.0 -5.5 1.0 6.0 -5.5
make wire
split 1.0 -1.4 1.3 0.0 0.6 0.8
end
case wire_in_plane_tilted
plane 1.0 -2.0 0.5 0.0 0.6 0.8 1.0 -0.0 0.0
wire P 4 1.0 -2.0 0.5 11.0 -2.0 0.5 11.0 6.0 -5.5 1.0 6.0 -5.5
make wire
split 1.0 -2.0 0.5 0.0 3.0 4.0
end
case wire_blob_joins
plane 0.0 0.0 0.0 0.0 0.0 1.0 1.0 0.0 0.0
wire S 4 4.0 0.0 0.0 B 3 4 4.0 0.0 0.0 6.5 0.0 0.0 8.0 1.5 0.0 8.0 4.0 0.0 2 0.0 1.0 4 4 8.0 4.0 0.0 B 3 4 8.0 4.0 0.0 8.0 6.5 0.0 6.5 8.0 0.0 4.0 8.0 0.0 2 0.0 1.0 4 4 4.0 8.0 0.0 B 3 4 4.0 8.0 0.0 1.5 8.0 0.0 0.0 6.5 0.0 0.0 4.0 0.0 2 0.0 1.0 4 4 0.0 4.0 0.0 B 3 4 0.0 4.0 0.0 0.0 1.5 0.0 1.5 0.0 0.0 4.0 0.0 0.0 2 0.0 1.0 4 4
make wire
split 4.0 0.0 0.0 1.0 0.0 0.0
end
case wire_wave_four
plane 0.0 0.0 0.0 0.0 0.0 1.0 1.0 0.0 0.0
wire S 4 0.0 0.0 0.0 L 10.0 0.0 0.0 L 10.0 6.0 0.0 B 2 5 10.0 6.0 0.0 8.0 8.0 0.0 5.0 5.0 0.0 2.0 8.0 0.0 0.0 6.0 0.0 4 0.0 1.0 2.0 3.0 3 1 1 3 0.0 6.0 0.0 L
make wire
split 0.0 6.8 0.0 0.0 1.0 0.0
end
case wire_capsule_tilted
plane 1.0 -2.0 0.5 0.0 0.6 0.8 1.0 -0.0 0.0
wire S 4 1.0 -2.8 1.1 L 4.0 -2.8 1.1 A 4.0 -2.0 0.5 1.0 1 4.0 -1.2 -0.09999999999999998 L 1.0 -1.2 -0.09999999999999998 B 3 6 1.0 -1.2 -0.09999999999999998 0.0 -1.2 -0.09999999999999998 -0.5 -1.6 0.2 -0.5 -2.4 0.8 0.0 -2.8 1.1 1.0 -2.8 1.1 3 0.0 1.0 2.0 4 2 4
make wire
split 2.5 -2.0 0.5 1.0 1.8499999999999999 2.0500000000000003
end
case wire_bulge_tangent
plane 0.0 0.0 0.0 0.0 0.0 1.0 1.0 0.0 0.0
wire S 4 0.0 0.0 0.0 L 10.0 0.0 0.0 B 2 3 10.0 0.0 0.0 12.0 3.0 0.0 10.0 6.0 0.0 2 0.0 1.0 3 3 10.0 6.0 0.0 L 0.0 6.0 0.0 L
make wire
split 11.0 0.0 0.0 1.0 0.0 0.0
end
