sheet_square_skew done 2
S above 15.999999999999986 20.944271909999156 7.3333333333333339 8.6666666666666661 0 1 3 3 1
S below 84 36.944271909999159 4.5555555555555554 4.3015873015873014 0 1 5 5 1
sheet_square_diagonal done 2
S above 49.999999999999979 34.142135623730951 6.6666666666666679 6.6666666666666679 0 1 3 3 1
S below 50 34.142135623730951 3.3333333333333339 3.333333333333333 0 1 3 3 1
sheet_square_corner done 1
S below 99.999999999999986 40 5 5 0 1 4 4 1
sheet_u_along_edge done 3
S above 12 14 1.5 4 0 1 4 4 1
S above 12 14 7.5 4 0 1 4 4 1
S below 18 22 4.5 1 0 1 6 6 1
sheet_stadium_tangent done 1
S below 9.1415926535897949 12.283185307179586 1.5000000000000002 6.054724026213993e-17 0 1 5 5 1
sheet_disc_chord done 2
S above 2.4567393972175138 7.6528918199241476 1.4100403237971322 3.9099724881423393e-18 0 1 3 3 1
S below 10.109631217141656 11.841682024710535 -0.34265360830018265 -3.0634392112088832e-16 0 1 2 2 1
sheet_disc_miss done 1
S below 12.566370614359169 12.566370614359172 2.2204460492503131e-16 7.8929918156944723e-17 0 1 1 1 1
sheet_hole_tangent done 2
S above 29.999999999999993 26 5 8.5 0 1 5 5 1
S below 57.43362938564082 46.566370614359172 5 3.1718028074636804 0 1 7 6 1
sheet_slot_hole_tilted done 2
S above 34.429203673205102 31.085864563588956 3.9221822352141649 -1.0395750369213117 -0.2203187223090165 1 8 8 1
S below 54.429203673205109 41.085864563588956 -0.84842695752939379 -2.6075170025488545 0.95563775191164102 1 8 8 1
sheet_parallel_off done 1
S below 99.999999999999986 40 5 5 0 1 4 4 1
sheet_in_plane done 1
S above 99.999999999999986 40 5 5 0 1 4 4 1
sheet_bulge_twice done 2
S above 1.4142135623730967 8.6375541354371848 10.699999999999999 3.0000000000000004 0 1 2 2 1
S below 62.585786437626894 32.266431481549681 5.216326796627639 3 0 1 6 6 1
sheet_wave_knot done 2
S above 23.875000000000007 20.033412687355359 8.2244328097731234 3.4176265270506105 0 1 4 4 1
S below 41.820163043113148 26.476793402573477 3.1634500351414729 3.2355971593240214 0 1 4 4 1
sheet_lens_tilted done 2
S above 50.175765262967111 37.524632048343136 6.4019888035256018 3.8071396188599347 -3.8553547141449509 1 8 8 1
S below 37.224234737032859 29.366040029152305 5.4581461247885592 -0.43590268420254419 -0.67307298684809191 1 6 6 1
wire_square_skew_tilted done 2
S above 19 0 7.3157894736842106 4.8842105263157896 -4.6631578947368428 0 3 4 1
S below 21 0 4.8095238095238093 -0.60952380952380936 -0.54285714285714326 0 3 4 1
wire_square_diagonal done 2
S above 20 0 7.5 7.5 0 0 2 3 1
S below 20 0 2.5 2.5 0 0 2 3 1
wire_l_along_edge done 2
S above 14 0 3 4.8571428571428568 0 0 3 4 1
S below 18 0 5.666666666666667 0.66666666666666663 0 0 4 5 1
wire_circle_chord_tilted done 2
S above 5.5723429037991394 0 1.9991783454377878 -1.2006573236497695 -0.099507007262672656 0 2 3 1
S below 6.994027710560033 0 0.20392589316976034 -2.6368592854641912 0.97764446409814343 0 1 2 1
wire_stadium_arc done 2
S above 2.0943951023931939 0 3.8269933431326879 -2.1813017893509859e-16 0 0 1 2 1
S below 10.188790204786393 0 1.021666128833512 5.4482573608376318e-17 0 0 5 6 1
wire_parallel_off_tilted done 1
S below 40 0 6 2 -2.5 0 4 4 1
wire_in_plane_tilted done 1
S below 40 0 6 2 -2.5 0 4 4 1
wire_blob_joins done 2
S above 12.829030095763416 0 6.6030487237051529 4.0000000000000009 0 0 2 3 1
S below 12.829030095763416 0 1.3969512762948479 4.0000000000000009 0 0 2 3 1
wire_wave_four done 4
S above 2.2848889323038226 0 7.9222087168261668 7.0231394335631032 0 0 1 2 1
S above 2.2848889323038235 0 2.0777912831738314 7.0231394335631023 0 0 1 2 1
S below 4.3717216099984828 0 5 6.1584394506100821 0 0 1 2 1
S below 24.56870659192316 0 4.9999999999999991 2.1366216014079891 0 0 5 6 1
wire_capsule_tilted done 2
S above 6.141592653589794 0 3.9491174329483827 -1.9348703141739303 0.45115273563044794 0 3 4 1
S below 6.9999999999999991 0 0.81607142857142834 -2.0571428571428569 0.54285714285714282 0 3 4 1
wire_bulge_tangent done 1
S below 32.41870430514453 0 5.1932133414788701 3 0 0 5 5 1
