frustum_height done 2
S above 9.3284212416488597 25.988263498198602 -8.926132803171826e-17 -3.5515904186350484e-17 1.9954809004092771 3 3 2 1
S below 12.662727333479692 35.275061066387472 -3.5070581412261036e-17 3.3420738822246333e-17 0.57676776740847102 3 3 2 1
apex_height done 2
S above 1.5707963267948974 8.8051793531592857 -1.2368823761247004e-16 -6.2173300960496742e-17 1.8750000000000002 2 3 2 1
S below 10.995574287564276 32.698723366657426 -3.0290996966319207e-16 1.5627685463136282e-17 0.58928571428571419 3 3 2 1
apex_up_height done 2
S above 0.073631077818510776 1.1780972450961726 2.0614706268745015e-17 -9.3004219066241018e-18 0.375 2 3 2 1
S below 4.6387579025661783 18.555031610264717 -2.6326989955912004e-16 -1.4967888376149906e-17 1.517857142857143 3 3 2 1
widening_height done 2
S above 2.1046216409791003 39.564642252465987 1.8463083865185035e-16 -1.8356145305200191e-17 0.44087099125364437 3 3 2 1
S below 3.0004664211043144 28.969942603936008 1.3875630512178941e-16 2.0569665484656945e-17 0.23063650306748465 3 3 2 1
apex_touch done 1
S below 12.566370614359176 35.220717412637121 7.0678992921411461e-17 -8.3295560774845254e-17 0.75000000000000011 2 3 2 1
frustum_in_cap done 1
S above 21.991148575128552 45.511728065337259 -2.0193997977546137e-17 3.0203205580889405e-17 1.1785714285714286 3 3 2 1
frustum_miss done 1
S below 21.991148575128552 45.511728065337259 -2.0193997977546137e-17 3.0203205580889405e-17 1.1785714285714286 3 3 2 1
tilted_height done 2
S above 1.8325957145940464 9.1956018652677862 0.99999999999999989 -0.5642857142857145 2.4142857142857141 3 3 2 1
S below 14.660765716752366 36.782407461071138 0.99999999999999978 -1.5285714285714285 1.1285714285714286 3 3 2 1
frustum_meridian done 2
S above 10.995574287564276 31.755864032668629 0.68209261325097992 -9.2771139139135896e-17 1.1785714285714284 5 9 6 1
S below 10.995574287564274 31.755864032668633 -0.68209261325098036 4.4912842940222336e-17 1.1785714285714284 4 6 4 1
apex_meridian done 2
S above 6.2831853071795853 23.610358706318557 0.45015815807855314 0.45015815807855286 0.75000000000000067 4 8 4 1
S below 6.2831853071795845 23.610358706318557 -0.45015815807855314 -0.45015815807855308 0.75000000000000022 3 5 3 1
apex_oblique done 2
S above 4.4428829193670971 19.465222832919711 0.37500000304881692 -4.0905862606846923e-11 1.3125000026020506 2 3 2 1
S below 8.1234877075195868 30.657376978411556 -0.20509431002582401 3.7286932254949364e-11 0.44235853444484979 3 2 1 1
frustum_parallel done 2
S above 6.5840829810657073 25.048328580048313 0.97329740011286681 -1.3899055125425407e-14 1.0795263783278346 5 9 6 1
S below 15.407065593875924 37.385428381870724 -0.41593065261080098 6.6736389444756026e-15 1.2208975176220458 4 6 4 1
sphere_equator done 2
S above 16.755160819145541 37.699111843077482 3.0480315697358741e-16 -6.211842862222026e-17 0.75000000000000078 2 3 2 1
S below 16.755160819145587 37.699111843077546 -2.6504622345529269e-16 -5.7316088921180994e-17 -0.74999999999999922 2 3 2 1
sphere_height done 2
S above 7.7721693252872388 26.507188014663864 -1.4284596464116866e-17 -1.5863898180156314e-17 1.1940789473684215 2 3 2 1
S below 25.738152313003891 45.356743936202655 -2.0704945923831149e-16 -2.0843225639538187e-17 -0.36057692307692263 2 3 2 1
sphere_oblique done 2
S above 13.013523148669982 33.646455872461985 0.30755815405914461 0.61511629093731968 0.61511624628517703 2 3 2 1
S below 20.496799011225097 41.186281136046865 -0.19527025148435412 -0.39054048914463324 -0.39054045860496039 2 3 2 1
sphere_tilted done 2
S above 5.8930424288174894 19.543741183550797 1.4387359472212942 -2.438535152327177 0.71972821522348107 2 3 2 1
S below 8.2457061470497237 22.693226714711979 0.68645939900449304 -1.6866174807598728 0.3429072934253441 2 3 2 1
sphere_touch done 1
S below 33.510321638291131 50.26548245743669 -1.1976819241415988e-16 2.9771683409234719e-17 1.5612511283791261e-17 1 3 2 1
sphere_miss done 1
S below 33.510321638291131 50.26548245743669 -1.1976819241415988e-16 2.9771683409234719e-17 1.5612511283791261e-17 1 3 2 1
zone_height done 2
S above 13.031685246366649 34.045358550728963 1.4483001286337731e-16 6.1070734055511398e-17 0.85221665437750438 3 3 2 1
S below 14.251337306591424 37.238896544123513 2.0254799966669285e-16 -3.280252243630234e-18 -0.33142243600231147 3 3 2 1
cap_height done 2
S above 1.4398966328953271 11.780972450961746 -8.4814791505693472e-16 1.346294608225604e-17 1.6704545454545452 2 3 2 1
S below 9.2241885404777655 29.92660254430276 -2.7682792317529983e-16 3.7158921692467397e-17 0.93990119597599164 3 3 2 1
zone_meridian done 2
S above 13.641511276479035 32.773643297183582 3.4325856918051044e-17 0.78580350746609107 0.23394058567847764 4 6 4 1
S below 13.641511276479035 32.773643297183582 -9.0315268379491059e-17 -0.78580350746609129 0.23394058567847767 4 6 4 1
cap_meridian done 2
S above 5.3320425866865468 19.680334583821299 0.49388691779167532 0.49388691779167521 1.0385426913281757 4 8 4 1
S below 5.3320425866865477 19.680334583821299 -0.49388691779167537 -0.49388691779167537 1.0385426913281752 3 5 3 1
zone_oblique done 2
S above 11.731041893874266 32.306179289301454 0.70687042869518113 8.3477232904933266e-09 0.6220910151011072 4 6 4 1
S below 15.551980641038805 37.902155622261702 -0.53320067625128464 -7.4619064848160767e-09 -0.058845847398628748 3 3 2 1
