case zone_coax_fuse
torus 0.0 0.0 0.0 0.0 0.0 1.0 1.0 0.0 0.0 2.5 1.0
boolean fuse
sphere 0.0 0.0 0.0 0.0 0.0 1.0 1.0 0.0 0.0 2.75 -0.5 0.5
end
case zone_coax_cut
torus 0.0 0.0 0.0 0.0 0.0 1.0 1.0 0.0 0.0 2.5 1.0
boolean cut
sphere 0.0 0.0 0.0 0.0 0.0 1.0 1.0 0.0 0.0 2.75 -0.5 0.5
end
case zone_coax_common
torus 0.0 0.0 0.0 0.0 0.0 1.0 1.0 0.0 0.0 2.5 1.0
boolean common
sphere 0.0 0.0 0.0 0.0 0.0 1.0 1.0 0.0 0.0 2.75 -0.5 0.5
end
case cap_coax_cut
torus 0.0 0.0 0.0 0.0 0.0 1.0 1.0 0.0 0.0 2.5 1.0
boolean cut
sphere 0.0 0.0 0.0 0.0 0.0 1.0 1.0 0.0 0.0 2.75 0.25 1.5707963267948966
end
case cap_coax_common
torus 0.0 0.0 0.0 0.0 0.0 1.0 1.0 0.0 0.0 2.5 1.0
boolean common
sphere 0.0 0.0 0.0 0.0 0.0 1.0 1.0 0.0 0.0 2.75 0.25 1.5707963267948966
end
case coax_cap_cut
sphere 0.0 0.0 0.0 0.0 0.0 1.0 1.0 0.0 0.0 2.75 0.25 1.5707963267948966
boolean cut
torus 0.0 0.0 0.0 0.0 0.0 1.0 1.0 0.0 0.0 2.5 1.0
end
case cap_top_fuse
torus 0.0 0.0 0.0 0.0 0.0 1.0 1.0 0.0 0.0 2.5 1.0
boolean fuse
sphere 2.5 0.0 0.5 0.0 0.0 1.0 1.0 0.0 0.0 0.75 0.5 1.5707963267948966
end
case cap_top_cut
torus 0.0 0.0 0.0 0.0 0.0 1.0 1.0 0.0 0.0 2.5 1.0
boolean cut
sphere 2.5 0.0 0.5 0.0 0.0 1.0 1.0 0.0 0.0 0.75 0.5 1.5707963267948966
end
case cap_top_common
torus 0.0 0.0 0.0 0.0 0.0 1.0 1.0 0.0 0.0 2.5 1.0
boolean common
sphere 2.5 0.0 0.5 0.0 0.0 1.0 1.0 0.0 0.0 0.75 0.5 1.5707963267948966
end
case zone_side_cut
torus 0.0 0.0 0.0 0.0 0.0 1.0 1.0 0.0 0.0 2.5 1.0
boolean cut
sphere 3.3 0.0 0.0 1.0 0.0 0.0 0.0 1.0 0.0 1.25 -0.5 0.5
end
case zone_side_common
torus 0.0 0.0 0.0 0.0 0.0 1.0 1.0 0.0 0.0 2.5 1.0
boolean common
sphere 3.3 0.0 0.0 1.0 0.0 0.0 0.0 1.0 0.0 1.25 -0.5 0.5
end
case dome_lean_cut
torus 0.0 0.0 0.0 0.0 0.0 1.0 1.0 0.0 0.0 2.5 1.0
boolean cut
sphere 2.5 0.0 0.75 0.6 0.0 0.8 0.0 1.0 -0.0 0.75 0.0 1.5707963267948966
end
case dome_lean_common
torus 0.0 0.0 0.0 0.0 0.0 1.0 1.0 0.0 0.0 2.5 1.0
boolean common
sphere 2.5 0.0 0.75 0.6 0.0 0.8 0.0 1.0 -0.0 0.75 0.0 1.5707963267948966
end
case zone_tilt_cut
torus 0.0 0.0 0.0 0.0 0.6 0.8 1.0 -0.0 0.0 2.5 1.0
boolean cut
sphere 2.5 -0.5 1.0 0.0 0.0 1.0 1.0 0.0 0.0 1.0 -0.5 0.5
end
case zone_tilt_common
torus 0.0 0.0 0.0 0.0 0.6 0.8 1.0 -0.0 0.0 2.5 1.0
boolean common
sphere 2.5 -0.5 1.0 0.0 0.0 1.0 1.0 0.0 0.0 1.0 -0.5 0.5
end
case rim_touch_fuse
torus 0.0 0.0 0.0 0.0 0.0 1.0 1.0 0.0 0.0 2.5 1.0
boolean fuse
sphere 2.8418130785822204 0.0 0.35956915395315225 0.0 0.0 1.0 1.0 0.0 0.0 0.75 -0.5 1.5707963267948966
end
case oh_pipe_fuse
torus 0.0 0.0 0.0 0.0 0.0 1.0 1.0 0.0 0.0 2.5 1.0 -1.5707963267948966 1.5707963267948966 6.283185307179586
boolean fuse
plane 0.0 0.0 -2.0 0.0 0.0 1.0 1.0 0.0 0.0
wire C 0.0 0.0 -2.0 3.0
prism 0.0 0.0 4.0
end
case oh_pipe_cut
torus 0.0 0.0 0.0 0.0 0.0 1.0 1.0 0.0 0.0 2.5 1.0 -1.5707963267948966 1.5707963267948966 6.283185307179586
boolean cut
plane 0.0 0.0 -2.0 0.0 0.0 1.0 1.0 0.0 0.0
wire C 0.0 0.0 -2.0 3.0
prism 0.0 0.0 4.0
end
case oh_pipe_common
torus 0.0 0.0 0.0 0.0 0.0 1.0 1.0 0.0 0.0 2.5 1.0 -1.5707963267948966 1.5707963267948966 6.283185307179586
boolean common
plane 0.0 0.0 -2.0 0.0 0.0 1.0 1.0 0.0 0.0
wire C 0.0 0.0 -2.0 3.0
prism 0.0 0.0 4.0
end
case ih_pipe_cut
torus 0.0 0.0 0.0 0.0 0.0 1.0 1.0 0.0 0.0 2.5 1.0 1.5707963267948966 4.71238898038469 6.283185307179586
boolean cut
plane 0.0 0.0 -0.5 0.0 0.0 1.0 1.0 0.0 0.0
wire C 0.0 0.0 -0.5 2.0
prism 0.0 0.0 2.5
end
case ih_pipe_common
torus 0.0 0.0 0.0 0.0 0.0 1.0 1.0 0.0 0.0 2.5 1.0 1.5707963267948966 4.71238898038469 6.283185307179586
boolean common
plane 0.0 0.0 -0.5 0.0 0.0 1.0 1.0 0.0 0.0
wire C 0.0 0.0 -0.5 2.0
prism 0.0 0.0 2.5
end
case ih_cone_cut
torus 0.0 0.0 0.0 0.0 0.0 1.0 1.0 0.0 0.0 2.5 1.0 1.5707963267948966 4.71238898038469 6.283185307179586
boolean cut
cone 0.0 0.0 -2.0 0.0 0.0 1.0 1.0 0.0 0.0 4.0 0.0 4.0
end
case ih_cone_common
torus 0.0 0.0 0.0 0.0 0.0 1.0 1.0 0.0 0.0 2.5 1.0 1.5707963267948966 4.71238898038469 6.283185307179586
boolean common
cone 0.0 0.0 -2.0 0.0 0.0 1.0 1.0 0.0 0.0 4.0 0.0 4.0
end
case ih_ball_cut
torus 0.0 0.0 0.0 0.0 0.0 1.0 1.0 0.0 0.0 2.5 1.0 1.5707963267948966 4.71238898038469 6.283185307179586
boolean cut
sphere 0.0 0.0 0.0 0.0 0.0 1.0 1.0 0.0 0.0 2.0 -1.5707963267948966 1.5707963267948966
end
case ih_ball_common
torus 0.0 0.0 0.0 0.0 0.0 1.0 1.0 0.0 0.0 2.5 1.0 1.5707963267948966 4.71238898038469 6.283185307179586
boolean common
sphere 0.0 0.0 0.0 0.0 0.0 1.0 1.0 0.0 0.0 2.0 -1.5707963267948966 1.5707963267948966
end
case oh_ball_cut
torus 0.0 0.0 0.0 0.0 0.0 1.0 1.0 0.0 0.0 2.5 1.0 -1.5707963267948966 1.5707963267948966 6.283185307179586
boolean cut
sphere 2.5 0.0 1.0 0.0 0.0 1.0 1.0 0.0 0.0 0.6 -1.5707963267948966 1.5707963267948966
end
case oh_ball_common
torus 0.0 0.0 0.0 0.0 0.0 1.0 1.0 0.0 0.0 2.5 1.0 -1.5707963267948966 1.5707963267948966 6.283185307179586
boolean common
sphere 2.5 0.0 1.0 0.0 0.0 1.0 1.0 0.0 0.0 0.6 -1.5707963267948966 1.5707963267948966
end
case oh_dome_cut
torus 0.0 0.0 0.0 0.0 0.0 1.0 1.0 0.0 0.0 2.5 1.0 -1.5707963267948966 1.5707963267948966 6.283185307179586
boolean cut
sphere 0.0 0.0 0.25 0.0 0.0 1.0 1.0 0.0 0.0 3.0 -1.5707963267948966 0.0
end
case oh_dome_common
torus 0.0 0.0 0.0 0.0 0.0 1.0 1.0 0.0 0.0 2.5 1.0 -1.5707963267948966 1.5707963267948966 6.283185307179586
boolean common
sphere 0.0 0.0 0.25 0.0 0.0 1.0 1.0 0.0 0.0 3.0 -1.5707963267948966 0.0
end
case oh_torus_fuse
torus 0.0 0.0 0.0 0.0 0.0 1.0 1.0 0.0 0.0 2.5 1.0 -1.5707963267948966 1.5707963267948966 6.283185307179586
boolean fuse
torus 0.0 3.3 0.0 1.0 0.0 0.0 0.0 1.0 0.0 0.9 0.35
end
case oh_torus_cut
torus 0.0 0.0 0.0 0.0 0.0 1.0 1.0 0.0 0.0 2.5 1.0 -1.5707963267948966 1.5707963267948966 6.283185307179586
boolean cut
torus 0.0 3.3 0.0 1.0 0.0 0.0 0.0 1.0 0.0 0.9 0.35
end
case oh_torus_common
torus 0.0 0.0 0.0 0.0 0.0 1.0 1.0 0.0 0.0 2.5 1.0 -1.5707963267948966 1.5707963267948966 6.283185307179586
boolean common
torus 0.0 3.3 0.0 1.0 0.0 0.0 0.0 1.0 0.0 0.9 0.35
end
case band_ball_fuse
torus 0.0 0.0 0.0 0.0 0.0 1.0 1.0 0.0 0.0 2.5 1.0 0.5 2.25 6.283185307179586
boolean fuse
sphere 3.3 0.0 0.45 0.0 0.0 1.0 1.0 0.0 0.0 0.5 -1.5707963267948966 1.5707963267948966
end
case band_ball_cut
torus 0.0 0.0 0.0 0.0 0.0 1.0 1.0 0.0 0.0 2.5 1.0 0.5 2.25 6.283185307179586
boolean cut
sphere 3.3 0.0 0.45 0.0 0.0 1.0 1.0 0.0 0.0 0.5 -1.5707963267948966 1.5707963267948966
end
case band_ball_common
torus 0.0 0.0 0.0 0.0 0.0 1.0 1.0 0.0 0.0 2.5 1.0 0.5 2.25 6.283185307179586
boolean common
sphere 3.3 0.0 0.45 0.0 0.0 1.0 1.0 0.0 0.0 0.5 -1.5707963267948966 1.5707963267948966
end
case band_cone_cut
torus 0.0 0.0 0.0 0.0 0.0 1.0 1.0 0.0 0.0 2.5 1.0 0.5 2.25 6.283185307179586
boolean cut
cone 1.9 0.0 -0.5 0.0 0.0 1.0 1.0 0.0 0.0 0.5 0.25 2.0
end
case band_cone_common
torus 0.0 0.0 0.0 0.0 0.0 1.0 1.0 0.0 0.0 2.5 1.0 0.5 2.25 6.283185307179586
boolean common
cone 1.9 0.0 -0.5 0.0 0.0 1.0 1.0 0.0 0.0 0.5 0.25 2.0
end
case band_torus_cut
torus 0.0 0.0 0.0 0.0 0.0 1.0 1.0 0.0 0.0 2.5 1.0 0.5 2.25 6.283185307179586
boolean cut
torus 0.0 2.5 0.0 1.0 0.0 0.0 0.0 1.0 0.0 1.25 0.5
end
case band_torus_common
torus 0.0 0.0 0.0 0.0 0.0 1.0 1.0 0.0 0.0 2.5 1.0 0.5 2.25 6.283185307179586
boolean common
torus 0.0 2.5 0.0 1.0 0.0 0.0 0.0 1.0 0.0 1.25 0.5
end
case band_tilt_pipe_cut
torus 0.0 0.0 0.0 0.0 0.6 0.8 1.0 -0.0 0.0 2.5 1.0 0.5 2.25 6.283185307179586
boolean cut
plane 0.0 -1.2 -1.6 0.0 0.6 0.8 1.0 -0.0 0.0
wire C 0.0 -1.2 -1.6 3.0
prism 0.0 2.4 3.2
end
case band_tilt_pipe_common
torus 0.0 0.0 0.0 0.0 0.6 0.8 1.0 -0.0 0.0 2.5 1.0 0.5 2.25 6.283185307179586
boolean common
plane 0.0 -1.2 -1.6 0.0 0.6 0.8 1.0 -0.0 0.0
wire C 0.0 -1.2 -1.6 3.0
prism 0.0 2.4 3.2
end
case qw_pipe_fuse
torus 0.0 0.0 0.0 0.0 0.0 1.0 1.0 0.0 0.0 2.5 1.0 0.0 6.283185307179586 1.5707963267948966
boolean fuse
plane 0.0 0.0 -2.0 0.0 0.0 1.0 1.0 0.0 0.0
wire C 0.0 2.5 -2.0 0.5
prism 0.0 0.0 4.0
end
case qw_pipe_cut
torus 0.0 0.0 0.0 0.0 0.0 1.0 1.0 0.0 0.0 2.5 1.0 0.0 6.283185307179586 1.5707963267948966
boolean cut
plane 0.0 0.0 -2.0 0.0 0.0 1.0 1.0 0.0 0.0
wire C 0.0 2.5 -2.0 0.5
prism 0.0 0.0 4.0
end
case qw_pipe_common
torus 0.0 0.0 0.0 0.0 0.0 1.0 1.0 0.0 0.0 2.5 1.0 0.0 6.283185307179586 1.5707963267948966
boolean common
plane 0.0 0.0 -2.0 0.0 0.0 1.0 1.0 0.0 0.0
wire C 0.0 2.5 -2.0 0.5
prism 0.0 0.0 4.0
end
case qw_torus_cut
torus 0.0 0.0 0.0 0.0 0.0 1.0 1.0 0.0 0.0 2.5 1.0 0.0 6.283185307179586 1.5707963267948966
boolean cut
torus 0.25 2.45 0.5 0.0 0.0 1.0 1.0 0.0 0.0 0.75 0.3
end
case qw_torus_common
torus 0.0 0.0 0.0 0.0 0.0 1.0 1.0 0.0 0.0 2.5 1.0 0.0 6.283185307179586 1.5707963267948966
boolean common
torus 0.25 2.45 0.5 0.0 0.0 1.0 1.0 0.0 0.0 0.75 0.3
end
case hw_ball_cut
torus 0.0 0.0 0.0 0.0 0.0 1.0 1.0 0.0 0.0 2.5 1.0 0.0 6.283185307179586 3.141592653589793
boolean cut
sphere 2.5 0.0 0.75 0.0 0.0 1.0 1.0 0.0 0.0 0.6 -1.5707963267948966 1.5707963267948966
end
case hw_ball_common
torus 0.0 0.0 0.0 0.0 0.0 1.0 1.0 0.0 0.0 2.5 1.0 0.0 6.283185307179586 3.141592653589793
boolean common
sphere 2.5 0.0 0.75 0.0 0.0 1.0 1.0 0.0 0.0 0.6 -1.5707963267948966 1.5707963267948966
end
case tw_cone_cut
torus 0.0 0.0 0.0 0.0 0.0 1.0 1.0 0.0 0.0 2.5 1.0 0.0 6.283185307179586 4.71238898038469
boolean cut
cone 0.3 -2.4 -1.5 0.0 0.0 1.0 1.0 0.0 0.0 0.75 0.25 3.0
end
case tw_cone_common
torus 0.0 0.0 0.0 0.0 0.0 1.0 1.0 0.0 0.0 2.5 1.0 0.0 6.283185307179586 4.71238898038469
boolean common
cone 0.3 -2.4 -1.5 0.0 0.0 1.0 1.0 0.0 0.0 0.75 0.25 3.0
end
case qw_rim_touch_common
torus 0.0 0.0 0.0 0.0 0.0 1.0 1.0 0.0 0.0 2.5 1.0 0.0 6.283185307179586 1.5707963267948966
boolean common
sphere 4.0 0.375 0.0 0.0 0.0 1.0 1.0 0.0 0.0 0.625 -1.5707963267948966 1.5707963267948966
end
case qw_lean_ball_cut
torus 0.0 0.0 0.0 0.6 0.0 0.8 0.0 1.0 -0.0 2.5 1.0 0.0 6.283185307179586 1.5707963267948966
boolean cut
sphere -0.4 3.2 0.25 0.0 0.0 1.0 1.0 0.0 0.0 0.75 -1.5707963267948966 1.5707963267948966
end
case qw_lean_ball_common
torus 0.0 0.0 0.0 0.6 0.0 0.8 0.0 1.0 -0.0 2.5 1.0 0.0 6.283185307179586 1.5707963267948966
boolean common
sphere -0.4 3.2 0.25 0.0 0.0 1.0 1.0 0.0 0.0 0.75 -1.5707963267948966 1.5707963267948966
end
