zone_coax_fuse done 1 1 0
S 80.558859387073781 107.59137909306401 -2.5357985215442e-16 2.5037265940115969e-16 -1.1025210963235653e-16 6 9 5 6 9 5 1
zone_coax_cut done 1 1 0
S 22.711794661614032 94.415006926255856 -4.3017131680984773e-15 2.5037728404437309e-16 -3.910648334634979e-16 3 6 3 3 6 3 1
zone_coax_common done 1 1 0
S 26.636227343832743 73.260953069701145 2.0006851756484297e-15 3.6347774410396018e-17 2.8609663069174169e-16 2 4 2 2 4 2 1
cap_coax_cut done 1 1 0
S 46.49079199659181 104.77221756920628 -1.4029789533701548e-15 -9.8662351180385878e-17 -0.049990151565369283 4 7 4 4 7 4 1
cap_coax_common done 1 1 0
S 2.8572300088549651 29.889713217010218 1.1656986184357749e-15 6.0609948043970448e-17 0.81340379706954469 3 5 3 3 5 3 1
coax_cap_cut done 1 1 0
S 24.865225783644227 51.988702779683038 1.7413354029892618e-16 7.6287328096097496e-17 1.4986181958797671 3 5 3 3 5 3 1
cap_top_fuse done 1 1 0
S 49.532688863082114 99.344647794113598 0.0093495090404952866 2.1296002244210975e-16 0.0038983513764544488 4 14 9 4 14 9 1
cap_top_cut done 1 1 0
S 49.235844109726955 99.045526780256793 -0.0056667115900805361 -3.7174704033524196e-11 -0.0020863456619371929 4 11 7 4 11 7 1
cap_top_common done 1 1 0
S 0.11217693968732634 2.5522213274342693 2.4871882761912918 -1.2276686826364396e-08 0.91571501611957684 5 9 6 4 6 4 1
zone_side_cut done 1 1 0
S 47.041883685599231 98.727605722572235 -0.14809984957652556 -3.3472379259688041e-09 5.6768431701876399e-08 5 14 9 4 12 8 1
zone_side_common done 1 1 0
S 2.3061664069570602 11.041088079775955 3.02098339763055 5.8006738854456649e-08 3.573579584341435e-08 8 16 10 7 14 9 1
dome_lean_cut done 1 1 0
S 48.967291136561904 99.733614764489289 -0.021522322528849228 -1.2799470227906974e-09 -0.005803367277744621 4 11 7 3 9 6 1
dome_lean_common done 1 1 0
S 0.38073427276647942 3.7239878416354575 2.768043116414197 2.3879378100329444e-08 0.74639415911446427 5 9 6 3 6 5 1
zone_tilt_cut done 1 1 0
S 47.202191688442205 102.462469125949 -0.10980753574918721 0.027043912284977784 -0.042623148472995656 4 11 7 4 11 7 1
zone_tilt_common done 1 1 0
S 2.1459533855281636 9.3661725308675212 2.4152940477508764 -0.59483042162480515 0.93755677930782655 5 9 6 4 8 6 1
rim_touch_fuse done 1 1 0
S 49.55017548015423 99.113136156663757 0.013111985488615687 5.3443608521128405e-17 0.0030201371653482975 2 6 3 2 6 3 1
oh_pipe_fuse done 1 1 0
S 125.4656276281878 143.07998041692528 5.3800838662559919e-16 -1.089184661692454e-18 2.8316230875031533e-17 5 7 4 5 7 4 1
oh_pipe_cut done 1 1 0
S 12.368292098955251 76.429866078586215 9.4790412825324313e-15 -1.6992889676442824e-17 3.7080917545286634e-18 2 4 2 2 4 2 1
oh_pipe_common done 1 1 0
S 55.764417278426954 90.051211823524426 -1.9590619064063694e-15 1.4524446625115138e-18 -3.1854665144819018e-17 5 7 4 5 7 4 1
ih_pipe_cut done 2 1 0
S 0.2894200747348083 16.13504101929545 4.0901630651959804e-14 6.3943578409769948e-16 0.96110074531437417 3 5 3 3 5 3 1
S 5.6481789856639999 41.330355443200588 -2.3587560396575612e-16 3.1995715296479175e-17 -0.77972395209165724 3 3 2 3 3 2 1
ih_pipe_common done 1 1 0
S 12.847088311536623 38.728618643115865 -7.7776434467673387e-17 5.6899674710083813e-17 0.32115125943218065 4 5 3 4 5 3 1
ih_cone_cut done 1 1 0
S 3.2189305934513532 37.577527691694115 -7.9327990539242128e-16 1.771811265899492e-16 0.82255125249049377 3 5 3 3 5 3 1
ih_cone_common done 1 1 0
S 15.565756778484085 52.011760755978649 6.9541588270592703e-16 1.0739031010023624e-16 -0.17010001049118414 4 5 3 4 5 3 1
ih_ball_cut done 2 1 0
S 0.7732899020512225 22.833264324292053 4.5583914827215473e-15 8.7560581364124488e-17 0.92975036507822129 3 5 3 3 5 3 1
S 0.77328990205123094 22.833264324292024 1.3280353138637433e-15 2.0747369639783749e-16 -0.92975036507821862 3 5 3 3 5 3 1
ih_ball_common done 1 1 0
S 17.238107567833069 42.452053784941732 2.6534924692030091e-15 9.5595701250056774e-17 3.6066887930914688e-16 5 7 4 5 7 4 1
oh_ball_cut done 1 1 0
S 67.707981218035755 102.12028785601615 -0.015521057707005168 9.1426505981050249e-13 -0.0047882849033195046 4 8 5 4 8 5 1
oh_ball_common done 1 1 0
S 0.42472730765600503 3.2111642765181321 2.4742925235422208 -2.2255678733902403e-09 0.76332373172886836 4 8 5 3 6 4 1
oh_dome_cut done 1 1 0
S 34.871133715347611 128.83428465120701 -8.8891365278128797e-15 2.533722965690501e-16 0.33872505250384516 4 5 3 4 5 3 1
oh_dome_common done 1 1 0
S 33.261575662034474 74.916693953891212 6.6223034748486165e-15 2.4935298254142097e-16 -0.35511626744976327 4 5 3 4 5 3 1
oh_torus_fuse done 1 1 0
S 69.462428579388671 107.88080249720252 8.2528203631524192e-09 0.071715460853132601 7.7107336069892121e-08 5 8 5 5 8 5 1
oh_torus_cut done 1 1 0
S 67.286181313508607 104.87359476472184 8.0278317936752134e-09 -0.032697475201260325 8.3447694581348353e-08 4 6 4 4 6 4 1
oh_torus_common done 1 1 0
S 0.84653017145042719 5.7391815269970241 1.9258658605847589e-08 2.5989541472616113 -2.7642178403715658e-07 3 3 2 3 3 2 1
band_ball_fuse done 1 1 0
S 13.456589449450579 78.001773280569608 0.10715394113722691 1.8680243514577492e-16 0.67229798961589438 4 9 6 4 9 6 1
band_ball_cut done 1 1 0
S 12.932990746826011 75.82947668925604 -0.022110072216409794 1.2295116462910003e-16 0.68129783480377382 4 6 4 4 6 4 1
band_ball_common done 1 1 0
S 0.092555430890024257 1.3520029305687085 3.0895048321993852 -7.7837434839677902e-09 0.60521632244464518 4 6 4 3 4 3 1
band_cone_cut done 1 1 0
S 12.885559274710728 76.219167134366245 -0.020891935436622065 -3.3813136641936757e-12 0.68106270541228675 4 8 5 4 8 5 1
band_cone_common done 1 1 0
S 0.13999071409215805 1.6502332392984513 1.9230150039560741 -1.6354468567928041e-11 0.65264129029657625 5 8 5 4 6 4 1
band_torus_cut done 1 1 0
S 12.531233462189801 75.247789367906648 6.5446757667210654e-08 -0.078182670594819148 0.67985140275436318 5 12 8 4 9 6 1
band_torus_common done 1 1 0
S 0.4943165186553693 5.719104867104182 -3.4079095321158502e-08 1.9819805773033379 0.70372099540724409 5 9 6 5 9 6 1
band_tilt_pipe_cut done 1 1 0
S 1.7038823256075188 25.876829458745824 -1.0620824589478443e-14 0.37123032534411499 0.49497376712548552 3 5 3 3 5 3 1
band_tilt_pipe_common done 1 1 0
S 11.321667619450915 64.909831283237295 1.2159662311319125e-15 0.41405647050756089 0.55207529401008115 4 5 3 4 5 3 1
qw_pipe_fuse done 1 1 0
S 14.718534781234361 39.433135609643642 1.3763579408953037 1.7919315871695198 1.2413712111246417e-08 7 15 10 7 15 10 1
qw_pipe_cut done 1 1 0
S 11.576942080690468 31.166879446445019 1.749855193475379 1.5997856351695696 1.2837633509649452e-08 6 12 8 5 11 8 1
qw_pipe_common done 1 1 0
S 0.76006334937279973 5.6612281228825267 0.21363977546136803 2.499431732921253 -1.3956569215483204e-08 5 9 6 4 8 6 1
qw_torus_cut done 1 1 0
S 11.638961251851279 33.661794101641398 1.7136086329874372 1.6074179417156365 -0.028945480672961228 5 14 9 5 14 9 1
qw_torus_common done 1 1 0
S 0.69804424658330655 5.5554488853378396 0.68151295918606236 2.4521046117636205 0.48262716467415295 6 11 7 6 11 7 1
hw_ball_cut done 1 1 1
S 24.336269934613057 55.723004793724662 -0.034673734534583597 1.6749019311228148 -0.0088013841274312346 4 8 5 4 8 5 1
hw_ball_common done 1 1 1
S 0.33774111996434231 2.7622655604121893 2.4984505313578467 0.23639110521685622 0.63419249600005712 3 5 3 3 5 3 1
tw_cone_cut done 1 1 0
S 36.768876863604618 80.249627438676427 -0.55465210891607297 0.57123348310798061 0.0024534704078583935 5 9 6 5 9 6 1
tw_cone_common done 1 1 0
S 0.24214087013058275 3.5539476525079596 -0.10909979842603114 -2.4087694121855927 -0.37256107077590833 4 6 4 4 6 4 1
qw_rim_touch_common done 1 1 0
S 0.015829561243460723 0.60172607981410398 3.4394932406512382 0.32245244784348226 6.5067631883146761e-17 3 3 2 2 2 2 1
qw_lean_ball_cut done 1 1 0
S 11.294693421822904 31.301027588314028 -1.4068000774877938 1.5309609780567792 1.0584750250459296 5 13 9 5 13 9 1
qw_lean_ball_common done 1 0 0
S 1.0421596368781598 5.4003125017751081 -0.42877432484827022 3.0015824756840765 0.28493753406959427 5 13 9 4 11 8 0
