u_scoop_rod_fuse done 1 1 0
S 468.04061986814042 533.03154446650831 -0.22953846507550507 -3.772536397677432 5.1248559254287187 16 39 26 16 39 26 1
u_scoop_rod_cut done 1 1 0
S 448.40566563305464 507.11519978123158 -0.080248559732567934 -3.796633759370494 5.0220685759799917 13 36 24 13 36 24 1
u_scoop_rod_common done 1 1 0
S 5.6761916112388988 25.206488293552795 -3.6754462108776522 -3.2456214771954079 5.8925504051546795 4 6 4 4 6 4 1
pieces_fuse done 1 1 0
S 759.27117062841216 655.67108515280597 4.4909472821206124 4.7829603880307126 0.14152787054938049 18 42 28 18 42 28 1
pieces_cut done 1 1 0
S 408.75309371113366 342.09285058405703 1.2210999608174522 8.1423997703355155 -0.97882121250930398 11 24 16 11 24 16 1
pieces_common done 1 1 0
S 2.4740426199776779 14.373883928571427 4.0124647623465606 4.2441160128053506 0.44364428703968045 5 9 6 5 9 6 1
bites_box_fuse done 1 1 0
S 173.57748808288386 199.48368511278946 4.0298399935184879 4.1842262334190465 2.9734527866445597 20 48 32 20 48 32 1
bites_box_cut done 1 1 0
S 142.81576931659646 203.943880861672 4.0497295121757091 3.79311870929702 2.9677346652102017 20 48 32 20 48 32 1
bites_box_common done 1 1 0
S 18.324547125960223 55.544880701571955 4.2490925448729779 5.612367855408448 3.1354236404558051 13 33 22 13 33 22 1
rod_cap_pocket_fuse done 1 1 0
S 238.45944101745675 366.74114103903645 5.3140502013305415 -2.188049490469536 3.0448878404129402 12 21 14 12 21 14 1
rod_cap_pocket_cut done 2 1 0
S 10.013826586114416 26.703537568817715 5.4052287581880716 -4.9352124179083683 0.25522875842159831 3 3 2 3 3 2 1
S 20.616701786387253 47.909287953936477 5.4634920634910618 -0.68115079354650221 5.9515873018612551 3 3 2 3 3 2 1
rod_cap_pocket_common done 1 1 0
S 7.0685834705758541 21.20575041173451 5.4444444444447244 -3.3180555551554103 2.4277777783119125 3 3 2 3 3 2 1
u_boss_slab_fuse done 1 1 0
S 526.8428402431515 579.17070892975948 5.2866469615887821 4.0475314915461826 2.5915356124053397 23 57 38 23 57 38 1
u_boss_slab_cut done 2 1 0
S 62.842840242087959 149.83657051238214 4.6661178818974127 6.1433384827909352 3.8680493101893081 9 21 14 9 21 14 1
S 152.00000000000003 234.33333333333331 5.1052631578947354 2.0470272904483422 1.6358735380116958 10 24 16 10 24 16 1
u_boss_slab_common done 1 1 0
S 110.36291016940604 213.10362495603923 4.8547313096577405 5.4693194819223985 2.1103072062891797 13 33 22 12 31 21 1
cap_boss_rod_fuse done 1 1 0
S 420.83599199748818 367.39387046522 1.0986354062066825 8.0835891708486312 -0.98623795106647383 10 18 12 10 18 12 1
cap_boss_rod_cut done 1 1 0
S 399.63024158575706 372.69530798274207 1.2409498603877271 8.163197887941342 -0.95013207114423026 10 18 12 10 18 12 1
cap_boss_rod_common done 1 1 0
S 11.596894745218323 34.680237609813219 1.1325706867313443 6.5940476191924757 -1.6639880954004489 3 3 2 3 3 2 1
chain_dee_fuse done 1 1 0
S 652.4571902039753 750.7407491519042 8.3978387343565135 2.4480019610574741 2.5956439441734771 18 42 28 18 42 28 1
chain_dee_cut done 1 1 0
S 333.95719021250522 336.57695385302708 8.3004059972792295 0.80093793151098247 1.3516599368062392 13 30 20 13 30 20 1
chain_dee_common done 2 1 0
S 1.8815104166666656 21.626302083333332 8.25 4.3888888888888902 2.8229166666666674 5 9 6 5 9 6 1
S 6.8719680616600067 36.551137008605608 8.6991812913612794 1.891111024763668 4.9202347373485473 6 12 8 6 12 8 1
dee_boss_ball_fuse done 1 1 0
S 363.30660932602007 336.76310996096333 8.2845438604622466 0.94970015841819677 1.5532175149822707 12 30 20 12 30 20 1
dee_boss_ball_cut done 1 1 0
S 340.85731189291488 333.9098721101563 8.3197496011149408 0.83113011382559721 1.3756039798392745 12 30 20 12 30 20 1
dee_boss_ball_common done 1 1 0
S 9.6607658804837193 29.775220551760498 7.7499999971661255 2.0739620213975263 4.0027426508472326 4 9 6 4 9 6 1
tooth_rod_fuse done 1 1 0
S 161.65653678560085 200.9261872722397 4.1668462795974701 3.9999999999999987 2.9821786386237799 16 33 22 16 33 22 1
tooth_rod_cut done 1 1 0
S 147.51936984444674 216.24145145848993 4.0870029800674175 3.9999999999999991 2.9804707709643692 13 30 20 13 30 20 1
tooth_rod_common done 1 1 0
S 10.602875205865553 31.808625617596658 5.0000000000000009 4 3 3 3 2 3 3 2 1
u_notch_rod_fuse done 1 1 0
S 94.159295503332672 180.28318530717956 4.9767267857850293 2.9708059246068395 1.5 14 30 20 14 30 20 1
u_notch_rod_cut done 1 1 0
S 90.232304686345458 181.85398163397448 5.0518754839679483 3.0456969416016757 1.4999999999999998 11 27 18 11 27 18 1
u_notch_rod_common done 1 1 0
S 2.3561944901923444 10.995574287564274 3.25 1.2500000000000002 1.4999999999999998 3 3 2 3 3 2 1
