case bulge_tilt_fuse
plane 0.0 0.0 0.0 0.0 0.0 1.0 1.0 0.0 0.0
wire S 4 0.0 0.0 0.0 L 10.0 0.0 0.0 B 2 3 10.0 0.0 0.0 12.0 3.0 0.0 10.0 6.0 0.0 2 0.0 1.0 3 3 10.0 6.0 0.0 L 0.0 6.0 0.0 L
prism 0.0 0.0 3.0
boolean fuse
plane 11.1 0.1 -2.5 0.0 0.6 0.8 1.0 -0.0 0.0
wire C 11.1 0.1 -2.5 0.4
prism 0.0 6.0 8.0
end
case bulge_tilt_cut
plane 0.0 0.0 0.0 0.0 0.0 1.0 1.0 0.0 0.0
wire S 4 0.0 0.0 0.0 L 10.0 0.0 0.0 B 2 3 10.0 0.0 0.0 12.0 3.0 0.0 10.0 6.0 0.0 2 0.0 1.0 3 3 10.0 6.0 0.0 L 0.0 6.0 0.0 L
prism 0.0 0.0 3.0
boolean cut
plane 11.1 0.1 -2.5 0.0 0.6 0.8 1.0 -0.0 0.0
wire C 11.1 0.1 -2.5 0.4
prism 0.0 6.0 8.0
end
case bulge_tilt_common
plane 0.0 0.0 0.0 0.0 0.0 1.0 1.0 0.0 0.0
wire S 4 0.0 0.0 0.0 L 10.0 0.0 0.0 B 2 3 10.0 0.0 0.0 12.0 3.0 0.0 10.0 6.0 0.0 2 0.0 1.0 3 3 10.0 6.0 0.0 L 0.0 6.0 0.0 L
prism 0.0 0.0 3.0
boolean common
plane 11.1 0.1 -2.5 0.0 0.6 0.8 1.0 -0.0 0.0
wire C 11.1 0.1 -2.5 0.4
prism 0.0 6.0 8.0
end
case dome_side_fuse
plane 0.0 0.0 0.0 0.0 0.0 1.0 1.0 0.0 0.0
wire S 2 0.0 0.0 0.0 L 4.0 0.0 0.0 B 2 3 4.0 0.0 0.0 2.0 4.0 0.0 0.0 0.0 0.0 2 0.0 1.0 3 3
prism 0.0 0.0 2.0
boolean fuse
plane -1.0 0.0 0.0 1.0 0.0 0.0 0.0 1.0 0.0
wire C -1.0 1.0 -1.0 2.0
prism 6.0 0.0 0.0
end
case dome_side_cut
plane 0.0 0.0 0.0 0.0 0.0 1.0 1.0 0.0 0.0
wire S 2 0.0 0.0 0.0 L 4.0 0.0 0.0 B 2 3 4.0 0.0 0.0 2.0 4.0 0.0 0.0 0.0 0.0 2 0.0 1.0 3 3
prism 0.0 0.0 2.0
boolean cut
plane -1.0 0.0 0.0 1.0 0.0 0.0 0.0 1.0 0.0
wire C -1.0 1.0 -1.0 2.0
prism 6.0 0.0 0.0
end
case dome_side_common
plane 0.0 0.0 0.0 0.0 0.0 1.0 1.0 0.0 0.0
wire S 2 0.0 0.0 0.0 L 4.0 0.0 0.0 B 2 3 4.0 0.0 0.0 2.0 4.0 0.0 0.0 0.0 0.0 2 0.0 1.0 3 3
prism 0.0 0.0 2.0
boolean common
plane -1.0 0.0 0.0 1.0 0.0 0.0 0.0 1.0 0.0
wire C -1.0 1.0 -1.0 2.0
prism 6.0 0.0 0.0
end
case blob_tilt_end_fuse
plane 0.0 0.0 0.0 0.0 0.0 1.0 1.0 0.0 0.0
wire S 4 4.0 0.0 0.0 B 3 4 4.0 0.0 0.0 6.5 0.0 0.0 8.0 1.5 0.0 8.0 4.0 0.0 2 0.0 1.0 4 4 8.0 4.0 0.0 B 3 4 8.0 4.0 0.0 8.0 6.5 0.0 6.5 8.0 0.0 4.0 8.0 0.0 2 0.0 1.0 4 4 4.0 8.0 0.0 B 3 4 4.0 8.0 0.0 1.5 8.0 0.0 0.0 6.5 0.0 0.0 4.0 0.0 2 0.0 1.0 4 4 0.0 4.0 0.0 B 3 4 0.0 4.0 0.0 0.0 1.5 0.0 1.5 0.0 0.0 4.0 0.0 0.0 2 0.0 1.0 4 4
prism 0.0 0.0 3.0
boolean fuse
plane 7.8 1.6 -1.7 0.0 0.6 0.8 1.0 -0.0 0.0
wire C 7.8 1.6 -1.7 0.4
prism 0.0 2.6999999999999997 3.6
end
case blob_tilt_end_cut
plane 0.0 0.0 0.0 0.0 0.0 1.0 1.0 0.0 0.0
wire S 4 4.0 0.0 0.0 B 3 4 4.0 0.0 0.0 6.5 0.0 0.0 8.0 1.5 0.0 8.0 4.0 0.0 2 0.0 1.0 4 4 8.0 4.0 0.0 B 3 4 8.0 4.0 0.0 8.0 6.5 0.0 6.5 8.0 0.0 4.0 8.0 0.0 2 0.0 1.0 4 4 4.0 8.0 0.0 B 3 4 4.0 8.0 0.0 1.5 8.0 0.0 0.0 6.5 0.0 0.0 4.0 0.0 2 0.0 1.0 4 4 0.0 4.0 0.0 B 3 4 0.0 4.0 0.0 0.0 1.5 0.0 1.5 0.0 0.0 4.0 0.0 0.0 2 0.0 1.0 4 4
prism 0.0 0.0 3.0
boolean cut
plane 7.8 1.6 -1.7 0.0 0.6 0.8 1.0 -0.0 0.0
wire C 7.8 1.6 -1.7 0.4
prism 0.0 2.6999999999999997 3.6
end
case blob_tilt_end_common
plane 0.0 0.0 0.0 0.0 0.0 1.0 1.0 0.0 0.0
wire S 4 4.0 0.0 0.0 B 3 4 4.0 0.0 0.0 6.5 0.0 0.0 8.0 1.5 0.0 8.0 4.0 0.0 2 0.0 1.0 4 4 8.0 4.0 0.0 B 3 4 8.0 4.0 0.0 8.0 6.5 0.0 6.5 8.0 0.0 4.0 8.0 0.0 2 0.0 1.0 4 4 4.0 8.0 0.0 B 3 4 4.0 8.0 0.0 1.5 8.0 0.0 0.0 6.5 0.0 0.0 4.0 0.0 2 0.0 1.0 4 4 0.0 4.0 0.0 B 3 4 0.0 4.0 0.0 0.0 1.5 0.0 1.5 0.0 0.0 4.0 0.0 0.0 2 0.0 1.0 4 4
prism 0.0 0.0 3.0
boolean common
plane 7.8 1.6 -1.7 0.0 0.6 0.8 1.0 -0.0 0.0
wire C 7.8 1.6 -1.7 0.4
prism 0.0 2.6999999999999997 3.6
end
case wave_lean_fuse
plane 0.0 0.0 0.0 0.0 0.0 1.0 1.0 0.0 0.0
wire S 4 0.0 0.0 0.0 L 10.0 0.0 0.0 L 10.0 6.0 0.0 B 2 5 10.0 6.0 0.0 8.0 8.0 0.0 5.0 5.0 0.0 2.0 8.0 0.0 0.0 6.0 0.0 4 0.0 1.0 2.0 3.0 3 1 1 3 0.0 6.0 0.0 L
prism 0.0 0.0 3.0
boolean fuse
plane 6.725 7.0 0.0 0.6 0.0 0.8 0.0 1.0 -0.0
wire C 6.725 7.0 0.0 0.75
prism 3.5999999999999996 0.0 4.800000000000001
end
case wave_lean_cut
plane 0.0 0.0 0.0 0.0 0.0 1.0 1.0 0.0 0.0
wire S 4 0.0 0.0 0.0 L 10.0 0.0 0.0 L 10.0 6.0 0.0 B 2 5 10.0 6.0 0.0 8.0 8.0 0.0 5.0 5.0 0.0 2.0 8.0 0.0 0.0 6.0 0.0 4 0.0 1.0 2.0 3.0 3 1 1 3 0.0 6.0 0.0 L
prism 0.0 0.0 3.0
boolean cut
plane 6.725 7.0 0.0 0.6 0.0 0.8 0.0 1.0 -0.0
wire C 6.725 7.0 0.0 0.75
prism 3.5999999999999996 0.0 4.800000000000001
end
case wave_lean_common
plane 0.0 0.0 0.0 0.0 0.0 1.0 1.0 0.0 0.0
wire S 4 0.0 0.0 0.0 L 10.0 0.0 0.0 L 10.0 6.0 0.0 B 2 5 10.0 6.0 0.0 8.0 8.0 0.0 5.0 5.0 0.0 2.0 8.0 0.0 0.0 6.0 0.0 4 0.0 1.0 2.0 3.0 3 1 1 3 0.0 6.0 0.0 L
prism 0.0 0.0 3.0
boolean common
plane 6.725 7.0 0.0 0.6 0.0 0.8 0.0 1.0 -0.0
wire C 6.725 7.0 0.0 0.75
prism 3.5999999999999996 0.0 4.800000000000001
end
case capsule_tilt_fuse
plane 0.0 0.0 0.0 0.0 0.0 1.0 1.0 0.0 0.0
wire S 4 0.0 -1.0 0.0 L 3.0 -1.0 0.0 A 3.0 0.0 0.0 1.0 1 3.0 1.0 0.0 L 0.0 1.0 0.0 B 3 6 0.0 1.0 0.0 -1.0 1.0 0.0 -1.5 0.5 0.0 -1.5 -0.5 0.0 -1.0 -1.0 0.0 0.0 -1.0 0.0 3 0.0 1.0 2.0 4 2 4
prism 0.0 0.0 2.0
boolean fuse
plane -0.75 -2.9 -3.0 0.0 0.6 0.8 1.0 -0.0 0.0
wire C -0.75 -2.9 -3.0 0.95
prism 0.0 6.0 8.0
end
case capsule_tilt_cut
plane 0.0 0.0 0.0 0.0 0.0 1.0 1.0 0.0 0.0
wire S 4 0.0 -1.0 0.0 L 3.0 -1.0 0.0 A 3.0 0.0 0.0 1.0 1 3.0 1.0 0.0 L 0.0 1.0 0.0 B 3 6 0.0 1.0 0.0 -1.0 1.0 0.0 -1.5 0.5 0.0 -1.5 -0.5 0.0 -1.0 -1.0 0.0 0.0 -1.0 0.0 3 0.0 1.0 2.0 4 2 4
prism 0.0 0.0 2.0
boolean cut
plane -0.75 -2.9 -3.0 0.0 0.6 0.8 1.0 -0.0 0.0
wire C -0.75 -2.9 -3.0 0.95
prism 0.0 6.0 8.0
end
case capsule_tilt_common
plane 0.0 0.0 0.0 0.0 0.0 1.0 1.0 0.0 0.0
wire S 4 0.0 -1.0 0.0 L 3.0 -1.0 0.0 A 3.0 0.0 0.0 1.0 1 3.0 1.0 0.0 L 0.0 1.0 0.0 B 3 6 0.0 1.0 0.0 -1.0 1.0 0.0 -1.5 0.5 0.0 -1.5 -0.5 0.0 -1.0 -1.0 0.0 0.0 -1.0 0.0 3 0.0 1.0 2.0 4 2 4
prism 0.0 0.0 2.0
boolean common
plane -0.75 -2.9 -3.0 0.0 0.6 0.8 1.0 -0.0 0.0
wire C -0.75 -2.9 -3.0 0.95
prism 0.0 6.0 8.0
end
case steep_blob_fuse
plane 5.25 3.375 -1.5 0.0 0.38461538461538464 0.9230769230769231 1.0 -0.0 0.0
wire C 5.25 3.375 -1.5 3.25
prism 0.0 2.307692307692308 5.538461538461538
boolean fuse
plane 0.0 0.0 0.0 0.0 0.0 1.0 1.0 0.0 0.0
wire S 4 4.0 0.0 0.0 B 3 4 4.0 0.0 0.0 6.5 0.0 0.0 8.0 1.5 0.0 8.0 4.0 0.0 2 0.0 1.0 4 4 8.0 4.0 0.0 B 3 4 8.0 4.0 0.0 8.0 6.5 0.0 6.5 8.0 0.0 4.0 8.0 0.0 2 0.0 1.0 4 4 4.0 8.0 0.0 B 3 4 4.0 8.0 0.0 1.5 8.0 0.0 0.0 6.5 0.0 0.0 4.0 0.0 2 0.0 1.0 4 4 0.0 4.0 0.0 B 3 4 0.0 4.0 0.0 0.0 1.5 0.0 1.5 0.0 0.0 4.0 0.0 0.0 2 0.0 1.0 4 4
prism 0.0 0.0 3.0
end
case steep_blob_cut
plane 5.25 3.375 -1.5 0.0 0.38461538461538464 0.9230769230769231 1.0 -0.0 0.0
wire C 5.25 3.375 -1.5 3.25
prism 0.0 2.307692307692308 5.538461538461538
boolean cut
plane 0.0 0.0 0.0 0.0 0.0 1.0 1.0 0.0 0.0
wire S 4 4.0 0.0 0.0 B 3 4 4.0 0.0 0.0 6.5 0.0 0.0 8.0 1.5 0.0 8.0 4.0 0.0 2 0.0 1.0 4 4 8.0 4.0 0.0 B 3 4 8.0 4.0 0.0 8.0 6.5 0.0 6.5 8.0 0.0 4.0 8.0 0.0 2 0.0 1.0 4 4 4.0 8.0 0.0 B 3 4 4.0 8.0 0.0 1.5 8.0 0.0 0.0 6.5 0.0 0.0 4.0 0.0 2 0.0 1.0 4 4 0.0 4.0 0.0 B 3 4 0.0 4.0 0.0 0.0 1.5 0.0 1.5 0.0 0.0 4.0 0.0 0.0 2 0.0 1.0 4 4
prism 0.0 0.0 3.0
end
case steep_blob_common
plane 5.25 3.375 -1.5 0.0 0.38461538461538464 0.9230769230769231 1.0 -0.0 0.0
wire C 5.25 3.375 -1.5 3.25
prism 0.0 2.307692307692308 5.538461538461538
boolean common
plane 0.0 0.0 0.0 0.0 0.0 1.0 1.0 0.0 0.0
wire S 4 4.0 0.0 0.0 B 3 4 4.0 0.0 0.0 6.5 0.0 0.0 8.0 1.5 0.0 8.0 4.0 0.0 2 0.0 1.0 4 4 8.0 4.0 0.0 B 3 4 8.0 4.0 0.0 8.0 6.5 0.0 6.5 8.0 0.0 4.0 8.0 0.0 2 0.0 1.0 4 4 4.0 8.0 0.0 B 3 4 4.0 8.0 0.0 1.5 8.0 0.0 0.0 6.5 0.0 0.0 4.0 0.0 2 0.0 1.0 4 4 0.0 4.0 0.0 B 3 4 0.0 4.0 0.0 0.0 1.5 0.0 1.5 0.0 0.0 4.0 0.0 0.0 2 0.0 1.0 4 4
prism 0.0 0.0 3.0
end
case bulge_stadium_tilt_fuse
plane 0.0 0.0 0.0 0.0 0.0 1.0 1.0 0.0 0.0
wire S 4 0.0 0.0 0.0 L 10.0 0.0 0.0 B 2 3 10.0 0.0 0.0 12.0 3.0 0.0 10.0 6.0 0.0 2 0.0 1.0 3 3 10.0 6.0 0.0 L 0.0 6.0 0.0 L
prism 0.0 0.0 3.0
boolean fuse
plane 9.85 0.75 -1.0 0.0 0.6 0.8 1.0 -0.0 0.0
wire S 4 8.85 0.42999999999999994 -0.76 L 10.85 0.42999999999999994 -0.76 A 10.85 0.75 -1.0 0.4 1 10.85 1.07 -1.24 L 8.85 1.07 -1.24 A 8.85 0.75 -1.0 0.4 1
prism 0.0 4.2 5.6000000000000005
end
case bulge_stadium_tilt_cut
plane 0.0 0.0 0.0 0.0 0.0 1.0 1.0 0.0 0.0
wire S 4 0.0 0.0 0.0 L 10.0 0.0 0.0 B 2 3 10.0 0.0 0.0 12.0 3.0 0.0 10.0 6.0 0.0 2 0.0 1.0 3 3 10.0 6.0 0.0 L 0.0 6.0 0.0 L
prism 0.0 0.0 3.0
boolean cut
plane 9.85 0.75 -1.0 0.0 0.6 0.8 1.0 -0.0 0.0
wire S 4 8.85 0.42999999999999994 -0.76 L 10.85 0.42999999999999994 -0.76 A 10.85 0.75 -1.0 0.4 1 10.85 1.07 -1.24 L 8.85 1.07 -1.24 A 8.85 0.75 -1.0 0.4 1
prism 0.0 4.2 5.6000000000000005
end
case bulge_stadium_tilt_common
plane 0.0 0.0 0.0 0.0 0.0 1.0 1.0 0.0 0.0
wire S 4 0.0 0.0 0.0 L 10.0 0.0 0.0 B 2 3 10.0 0.0 0.0 12.0 3.0 0.0 10.0 6.0 0.0 2 0.0 1.0 3 3 10.0 6.0 0.0 L 0.0 6.0 0.0 L
prism 0.0 0.0 3.0
boolean common
plane 9.85 0.75 -1.0 0.0 0.6 0.8 1.0 -0.0 0.0
wire S 4 8.85 0.42999999999999994 -0.76 L 10.85 0.42999999999999994 -0.76 A 10.85 0.75 -1.0 0.4 1 10.85 1.07 -1.24 L 8.85 1.07 -1.24 A 8.85 0.75 -1.0 0.4 1
prism 0.0 4.2 5.6000000000000005
end
case ring_dome_fuse
plane 2.0 1.7 1.1 0.0 0.6 0.8 1.0 -0.0 0.0
wire P 4 -2.0 -1.5000000000000002 3.5 6.0 -1.5000000000000002 3.5 6.0 4.9 -1.2999999999999998 -2.0 4.9 -1.2999999999999998
wire C 2.0 1.7 1.1 1.6
prism 0.0 0.6 0.8
boolean fuse
plane 0.0 0.0 0.0 0.0 0.0 1.0 1.0 0.0 0.0
wire S 2 0.0 0.0 0.0 L 4.0 0.0 0.0 B 2 3 4.0 0.0 0.0 2.0 4.0 0.0 0.0 0.0 0.0 2 0.0 1.0 3 3
prism 0.0 0.0 3.0
end
case ring_dome_cut
plane 2.0 1.7 1.1 0.0 0.6 0.8 1.0 -0.0 0.0
wire P 4 -2.0 -1.5000000000000002 3.5 6.0 -1.5000000000000002 3.5 6.0 4.9 -1.2999999999999998 -2.0 4.9 -1.2999999999999998
wire C 2.0 1.7 1.1 1.6
prism 0.0 0.6 0.8
boolean cut
plane 0.0 0.0 0.0 0.0 0.0 1.0 1.0 0.0 0.0
wire S 2 0.0 0.0 0.0 L 4.0 0.0 0.0 B 2 3 4.0 0.0 0.0 2.0 4.0 0.0 0.0 0.0 0.0 2 0.0 1.0 3 3
prism 0.0 0.0 3.0
end
case ring_dome_common
plane 2.0 1.7 1.1 0.0 0.6 0.8 1.0 -0.0 0.0
wire P 4 -2.0 -1.5000000000000002 3.5 6.0 -1.5000000000000002 3.5 6.0 4.9 -1.2999999999999998 -2.0 4.9 -1.2999999999999998
wire C 2.0 1.7 1.1 1.6
prism 0.0 0.6 0.8
boolean common
plane 0.0 0.0 0.0 0.0 0.0 1.0 1.0 0.0 0.0
wire S 2 0.0 0.0 0.0 L 4.0 0.0 0.0 B 2 3 4.0 0.0 0.0 2.0 4.0 0.0 0.0 0.0 0.0 2 0.0 1.0 3 3
prism 0.0 0.0 3.0
end
case bulge_side_loop_fuse
plane 0.0 0.0 0.0 0.0 0.0 1.0 1.0 0.0 0.0
wire S 4 0.0 0.0 0.0 L 10.0 0.0 0.0 B 2 3 10.0 0.0 0.0 12.0 3.0 0.0 10.0 6.0 0.0 2 0.0 1.0 3 3 10.0 6.0 0.0 L 0.0 6.0 0.0 L
prism 0.0 0.0 3.0
boolean fuse
plane -1.0 0.0 0.0 1.0 0.0 0.0 0.0 1.0 0.0
wire C -1.0 3.0 1.5 1.0
prism 14.0 0.0 0.0
end
case bulge_side_loop_cut
plane 0.0 0.0 0.0 0.0 0.0 1.0 1.0 0.0 0.0
wire S 4 0.0 0.0 0.0 L 10.0 0.0 0.0 B 2 3 10.0 0.0 0.0 12.0 3.0 0.0 10.0 6.0 0.0 2 0.0 1.0 3 3 10.0 6.0 0.0 L 0.0 6.0 0.0 L
prism 0.0 0.0 3.0
boolean cut
plane -1.0 0.0 0.0 1.0 0.0 0.0 0.0 1.0 0.0
wire C -1.0 3.0 1.5 1.0
prism 14.0 0.0 0.0
end
case bulge_side_loop_common
plane 0.0 0.0 0.0 0.0 0.0 1.0 1.0 0.0 0.0
wire S 4 0.0 0.0 0.0 L 10.0 0.0 0.0 B 2 3 10.0 0.0 0.0 12.0 3.0 0.0 10.0 6.0 0.0 2 0.0 1.0 3 3 10.0 6.0 0.0 L 0.0 6.0 0.0 L
prism 0.0 0.0 3.0
boolean common
plane -1.0 0.0 0.0 1.0 0.0 0.0 0.0 1.0 0.0
wire C -1.0 3.0 1.5 1.0
prism 14.0 0.0 0.0
end
case lens_tilt_loop_fuse
plane 0.0 0.0 0.0 0.0 0.0 1.0 1.0 0.0 0.0
wire S 2 3.0 5.0 0.0 B 3 4 3.0 5.0 0.0 4.0 2.0 0.0 6.0 2.0 0.0 7.0 5.0 0.0 2 0.0 1.0 4 4 7.0 5.0 0.0 B 3 4 7.0 5.0 0.0 6.0 8.0 0.0 4.0 8.0 0.0 3.0 5.0 0.0 2 0.0 1.0 4 4
prism 0.0 0.0 4.0
boolean fuse
plane 5.0 1.0 -0.5 0.0 0.6 0.8 1.0 -0.0 0.0
wire C 5.0 1.0 -0.5 0.5
prism 0.0 3.5999999999999996 4.800000000000001
end
case lens_tilt_loop_cut
plane 0.0 0.0 0.0 0.0 0.0 1.0 1.0 0.0 0.0
wire S 2 3.0 5.0 0.0 B 3 4 3.0 5.0 0.0 4.0 2.0 0.0 6.0 2.0 0.0 7.0 5.0 0.0 2 0.0 1.0 4 4 7.0 5.0 0.0 B 3 4 7.0 5.0 0.0 6.0 8.0 0.0 4.0 8.0 0.0 3.0 5.0 0.0 2 0.0 1.0 4 4
prism 0.0 0.0 4.0
boolean cut
plane 5.0 1.0 -0.5 0.0 0.6 0.8 1.0 -0.0 0.0
wire C 5.0 1.0 -0.5 0.5
prism 0.0 3.5999999999999996 4.800000000000001
end
case lens_tilt_loop_common
plane 0.0 0.0 0.0 0.0 0.0 1.0 1.0 0.0 0.0
wire S 2 3.0 5.0 0.0 B 3 4 3.0 5.0 0.0 4.0 2.0 0.0 6.0 2.0 0.0 7.0 5.0 0.0 2 0.0 1.0 4 4 7.0 5.0 0.0 B 3 4 7.0 5.0 0.0 6.0 8.0 0.0 4.0 8.0 0.0 3.0 5.0 0.0 2 0.0 1.0 4 4
prism 0.0 0.0 4.0
boolean common
plane 5.0 1.0 -0.5 0.0 0.6 0.8 1.0 -0.0 0.0
wire C 5.0 1.0 -0.5 0.5
prism 0.0 3.5999999999999996 4.800000000000001
end
case dome_touch_fuse
plane 0.0 0.0 0.0 0.0 0.0 1.0 1.0 0.0 0.0
wire S 2 0.0 0.0 0.0 L 4.0 0.0 0.0 B 2 3 4.0 0.0 0.0 2.0 4.0 0.0 0.0 0.0 0.0 2 0.0 1.0 3 3
prism 0.0 0.0 3.0
boolean fuse
plane -1.0 0.0 0.0 1.0 0.0 0.0 0.0 1.0 0.0
wire C -1.0 3.0 1.5 1.0
prism 6.0 0.0 0.0
end
case dome_touch_common
plane 0.0 0.0 0.0 0.0 0.0 1.0 1.0 0.0 0.0
wire S 2 0.0 0.0 0.0 L 4.0 0.0 0.0 B 2 3 4.0 0.0 0.0 2.0 4.0 0.0 0.0 0.0 0.0 2 0.0 1.0 3 3
prism 0.0 0.0 3.0
boolean common
plane -1.0 0.0 0.0 1.0 0.0 0.0 0.0 1.0 0.0
wire C -1.0 3.0 1.5 1.0
prism 6.0 0.0 0.0
end
case knot_turn_cut
plane 0.0 0.0 0.0 0.0 0.0 1.0 1.0 0.0 0.0
wire S 4 0.0 0.0 0.0 L 10.0 0.0 0.0 L 10.0 2.0 0.0 B 2 5 10.0 2.0 0.0 7.0 3.0 0.0 5.0 4.0 0.0 3.0 5.0 0.0 0.0 6.0 0.0 3 0.0 1.0 2.0 3 2 3 0.0 6.0 0.0 L
prism 0.0 0.0 3.0
boolean cut
plane -1.0 0.0 0.0 1.0 0.0 0.0 0.0 1.0 0.0
wire C -1.0 5.5 2.0 1.5
prism 12.0 0.0 0.0
end
case knot_turn_common
plane 0.0 0.0 0.0 0.0 0.0 1.0 1.0 0.0 0.0
wire S 4 0.0 0.0 0.0 L 10.0 0.0 0.0 L 10.0 2.0 0.0 B 2 5 10.0 2.0 0.0 7.0 3.0 0.0 5.0 4.0 0.0 3.0 5.0 0.0 0.0 6.0 0.0 3 0.0 1.0 2.0 3 2 3 0.0 6.0 0.0 L
prism 0.0 0.0 3.0
boolean common
plane -1.0 0.0 0.0 1.0 0.0 0.0 0.0 1.0 0.0
wire C -1.0 5.5 2.0 1.5
prism 12.0 0.0 0.0
end
