bulge_tilt_fuse done 1 1 0
S 196.52767707522972 245.09870723735244 5.4708846916233771 3.0024298405111156 1.5001504315616117 10 21 14 10 21 14 1
bulge_tilt_cut done 1 1 0
S 191.50112865175223 225.78414375687979 5.3231308871087073 2.9998688034479164 1.5001543752444917 8 18 12 8 18 12 1
bulge_tilt_common done 1 1 0
S 0.49887029904401525 6.2954564373388617 10.853355643141381 3.0503619830345374 1.4407337848433599 4 6 4 4 6 4 1
dome_side_fuse done 1 1 0
S 81.16736590364556 111.92557318807921 2.0000000107692202 0.98472172848162765 -0.82540456882327728 6 9 6 6 9 6 1
dome_side_cut done 1 1 0
S 5.769126275516566 22.53395779015716 1.9999998613489891 0.78504210799578467 1.4564268850746214 4 6 4 4 6 4 1
dome_side_common done 1 1 0
S 4.8975373493219516 19.103641043931287 2.0000001162349657 0.81761951947687594 0.46234561607546432 4 6 4 4 6 4 1
blob_tilt_end_fuse done 1 1 0
S 158.11453512478241 187.53336378609035 4.0332701675194631 3.9871867874806171 1.4828666844797789 10 24 16 10 24 16 1
blob_tilt_end_cut done 1 1 0
S 155.85258835588232 183.46847015922677 3.9786022124531613 4.0022398662899565 1.5029367441227732 9 21 14 9 21 14 1
blob_tilt_end_common done 1 1 0
S 0.89741124405305883 6.2558605627386799 7.7161331716507418 3.6110054013087485 0.98997839368422103 5 9 6 5 9 6 1
wave_lean_fuse done 1 1 0
S 204.85802178402196 249.54694868991029 5.1394921405530445 3.4460431547032093 1.5461051712926619 10 24 16 10 24 16 1
wave_lean_cut done 1 1 0
S 194.25587648568217 232.80004279315048 4.9547338104827388 3.2520569802982919 1.4994878085176275 9 21 14 9 21 14 1
wave_lean_common done 1 1 0
S 3.0501591953893841 14.233866448449788 7.8936670681100942 6.6937636144406154 1.5375541192245121 5 9 6 5 9 6 1
capsule_tilt_fuse done 1 1 0
S 43.729578228830519 96.480614483904063 0.16453662776634553 0.061655293178660781 1.0030142171176388 10 24 16 10 24 16 1
capsule_tilt_cut done 1 1 0
S 15.376699843741054 42.51383244846344 1.8508377862594882 -0.0090480748858376304 1.0085720599734007 9 21 14 8 20 14 1
capsule_tilt_common done 1 1 0
S 4.5648942419550647 15.105015200720976 -0.61061244143139393 0.030478347712448284 0.97112545401401762 7 15 10 6 14 10 1
steep_blob_fuse done 1 1 0
S 259.0495989744652 244.32466480756426 4.5784336893100299 4.2381336810615862 1.3343183644746928 9 18 12 9 18 12 1
steep_blob_cut done 1 1 0
S 102.29959197053607 235.94929311241754 5.46474691709368 4.6030175755777387 1.0804502844675716 8 15 10 8 15 10 1
steep_blob_common done 1 1 0
S 96.798837227094339 126.03777256012634 5.0230496423915794 4.4504597800785017 1.4687390753867269 6 12 8 6 12 8 1
bulge_stadium_tilt_fuse done 1 1 0
S 199.54577509852106 247.33964112557683 5.5124128247466109 3.0017892412627325 1.5214300208605782 16 42 28 16 42 28 1
bulge_stadium_tilt_cut done 1 1 0
S 184.82719130877138 237.89009397859635 5.1669921110921191 3.0138768711545181 1.499246296233044 12 30 20 12 30 20 1
bulge_stadium_tilt_common done 1 1 0
S 7.1728088361980635 27.714700473286634 9.7311058510530746 2.6424241373224784 1.5194212646557723 8 18 12 8 18 12 1
ring_dome_fuse done 1 1 0
S 69.002625132806628 178.98362187983986 2.00000000022751 1.7857811444441649 1.4549005367051979 12 30 20 11 27 18 1
ring_dome_cut done 1 1 0
S 53.002625084096067 155.42484497942695 2.0000000005262155 2.0833607135986298 1.4412862786176661 12 30 20 11 27 18 1
ring_dome_common done 1 1 0
S 2.9548976718128439 15.398501302770622 1.9999999980148455 0.50474123225553746 2.5531604560570691 7 15 10 7 15 10 1
bulge_side_loop_fuse done 1 1 0
S 201.51202809882298 244.43544896999754 5.4566707023541206 3.0000000517590704 1.5000000645640938 10 19 13 10 19 13 1
bulge_side_loop_cut done 1 1 0
S 157.52973080368642 287.71961966805304 5.3049731736363706 3.0000000696075713 1.5000000830954401 7 16 11 7 16 11 1
bulge_side_loop_common done 1 1 0
S 34.470260161354233 75.06843976830362 5.4861472313918176 3.0000000059977068 1.4999998805498522 3 4 3 3 4 3 1
lens_tilt_loop_fuse done 1 1 0
S 53.021835975678421 86.210010585669153 4.9999999420644627 4.8594035021409088 1.9558557075588217 9 15 10 8 15 10 1
lens_tilt_loop_cut done 1 1 0
S 48.309447339780142 82.219976361924267 4.9999999317078494 5.060289884749178 1.961304194041726 5 11 8 5 11 8 1
lens_tilt_loop_common done 1 1 0
S 2.0905560950525102 10.538155562319455 5.0000001268224654 3.6067941725904538 2.8941961377125063 3 5 4 3 5 4 1
dome_touch_fuse done 2 1 0
S 16 40.413980961508734 2 0.79999999999999982 1.5 4 6 4 4 6 4 1
S 18.849555921538759 43.982297150257097 1.9999999999999996 2.9999999999999991 1.4999999999999998 3 3 2 3 3 2 1
dome_touch_common done 0 1 0
knot_turn_cut done 1 1 0
S 109.31367641761774 160.84089092612348 4.3736476249417269 1.9280861482268223 1.463889953338408 7 15 10 7 15 10 1
knot_turn_common done 1 1 0
S 10.687730304472204 34.420514330442636 1.6006354591952565 4.7941882742813711 1.8692115440554999 4 6 4 4 6 4 1
