ellipse_sheet done 1 1
B sheet 2 2 1 1 1 0 1 - 23.56194490192345 -0.018591635788130167 2.7639437268410978 3 9.9999999999999995e-08
cylinder_oblique done 1 1
B solid 2 3 3 3 1 1 1 785.40089194711982 490.87548925320783 -2.1713032960199192e-06 0.4687467026125367 5.1757821769443781 9.9999999999999995e-08
bspline_plate done 1 1
B sheet 2 2 1 1 1 0 1 - 65.999999999999986 5 3.3116883116883122 0 9.9999999999999995e-08
bspline_prism done 1 1
B solid 4 6 4 4 1 1 1 264 255.76712168813739 5 3.3116883116883113 2 9.9999999999999995e-08
bspline_patch done 1 1
B sheet 4 4 1 1 1 0 1 - 102.26259934229228 6.028092782881151 4.0060056060131641 1.3965495418784573 9.9999999999999995e-08
bspline_trimmed done 1 1
B sheet 4 4 1 1 1 0 1 - 33.926069994672304 4.5203374227493534 1.7093797572542386 0.97792596148445654 9.9999999999999995e-08
rational_cylinder done 1 1
B solid 4 6 4 4 1 1 1 629.59105798828023 408.74004892638357 0 0 4 9.9999999999999995e-08
