case whole valid 1 2 1 1 1 1
props 59.217626406536155 118.4352528130723 0 2.9365941679793571e-18 5.3920734338616712e-18 303.49033533349791 2.1304195200043441e-14 7.6733106956189891e-15 303.49033533349802 -1.0717976569570444e-15 577.37185746372688
face 1 torus 118.4352528130723 0 -1.1293394248813802e-16 6.7236192240096738e-17
edge 1 regular closed 25.132741228718345 -4 4.8985871965894128e-16 -2.4492935982947064e-16
edge 2 regular closed 6.2831853071795862 2 -4.8985871965894118e-16 1.2246467991473532e-16
vertex 1 4 -9.7971743931788257e-16 -2.4492935982947064e-16
end
case whole_thin valid 1 2 1 1 1 1
props 49.348022005446801 197.39208802178715 1.0000000000000053 2 3 2475.1117287106904 -1.0373923942097463e-12 1.1368683772161603e-13 2475.1117287106927 0 4944.0549546707152
face 1 torus 197.39208802178715 0.99999999999999822 2 3
edge 1 regular closed 65.973445725385659 -9.5 2.0000000000000013 3
edge 2 regular closed 3.1415926535897931 10.5 1.9999999999999978 3
vertex 1 11.5 1.9999999999999973 3
end
case whole_fat valid 1 2 1 1 1 1
props 120.90265391334465 138.174461615251 -4.4408920985006262e-16 7.1516074829316674e-17 1.6362790017925014e-17 473.22054383270125 7.2179031866556314e-14 6.1408284743064482e-14 473.22054383270142 -6.4272444632705831e-16 761.30889886059049
face 1 torus 138.174461615251 -4.4408920985006262e-16 -4.0405248466969198e-17 8.379631897865959e-17
edge 1 regular closed 23.56194490192345 -3.75 4.592425496802575e-16 -4.2862637970157361e-16
edge 2 regular closed 10.995574287564272 0.25 -6.1232339957367673e-17 2.1431318985078681e-16
vertex 1 3.75 -9.1848509936051499e-16 -4.2862637970157361e-16
end
case millimetre valid 1 2 1 1 1 1
props 5.9217626406536131e-08 0.00011843525281307232 -1.7347234759768071e-18 2.7294640886392107e-21 2.8269860922377081e-20 3.0349033533349785e-13 6.3215767317618193e-29 -2.3821223751141217e-29 3.034903353334974e-13 1.2715835420656822e-30 5.7737185746372705e-13
face 1 torus 0.00011843525281307232 0 -3.3642814021019307e-21 7.3224524854720277e-20
edge 1 regular closed 0.025132741228718346 -0.0040000000000000001 4.8985871965894126e-19 -2.4492935982947063e-19
edge 2 regular closed 0.0062831853071795866 0.002 -4.8985871965894135e-19 1.2246467991473531e-19
vertex 1 0.0040000000000000001 -9.7971743931788251e-19 -2.4492935982947063e-19
end
case far valid 1 2 1 1 1 1
props 59.217626406535132 118.4352528130723 10000 -20000 5000 303.49033355712891 0 0 303.49033546447754 0 577.37185668945312
face 1 torus 118.4352528130723 10000 -20000 5000
edge 1 regular closed 25.132741228718345 9996 -20000 5000
edge 2 regular closed 6.2831853071795862 10002 -20000 5000
vertex 1 10004 -20000 5000
end
case outer_half valid 2 3 3 3 1 1
props 90.34627117267074 128.33266478551161 -2.5560146105054365e-16 2.6493179247174578e-16 0 356.05340990520705 -2.595092764293551e-15 -8.8817841970012523e-16 356.05340990520455 7.8886090522101181e-31 657.92778528378562
face 1 torus 71.783997020895313 -4.4408920985006262e-16 1.8394349649819699e-16 3.1582450376031384e-17
face 2 plane 28.274333882308145 8.8817841970012523e-16 9.2482271499638557e-17 1
face 3 plane 28.274333882308145 8.8817841970012523e-16 9.2482271499638557e-17 -1
edge 1 regular closed 18.849555921538762 -3 3.6739403974420594e-16 1
edge 2 regular open 3.1415926535897931 4 -9.7971743931788257e-16 0
edge 3 regular closed 18.849555921538762 -3 3.6739403974420594e-16 -1
vertex 1 3 -7.3478807948841188e-16 1
vertex 2 3 -7.3478807948841188e-16 -1
end
case inner_half valid 2 3 3 3 1 1
props -31.128644766134595 103.19992355679327 1.7119506995043811e-16 1.7362295978573326e-16 -5.7065023316812705e-17 -52.563074571709336 1.1444723067155946e-14 -1.7763568394002501e-15 -52.56307457170675 -7.3268240293205019e-17 -80.555927820058074
face 1 torus 46.651255792176983 0 -1.5834089414007156e-17 8.4110320153861888e-17
face 2 plane 28.274333882308145 8.8817841970012523e-16 9.2482271499638557e-17 -1
face 3 plane 28.274333882308145 8.8817841970012523e-16 9.2482271499638557e-17 1
edge 1 regular closed 18.849555921538762 -3 3.6739403974420594e-16 -1
edge 2 regular open 3.1415926535897931 2 -4.8985871965894118e-16 1.2246467991473532e-16
edge 3 regular closed 18.849555921538762 -3 3.6739403974420594e-16 1
vertex 1 3 -7.3478807948841188e-16 -1
vertex 2 3 -7.3478807948841188e-16 1
end
case segment valid 2 3 3 3 1 1
props 79.604433638263245 201.29889015758084 -3.5703676455456399e-16 1.1220145288049696e-16 0.90070388675217639 542.06262399761033 3.6441104008158454e-14 2.8221652782981327e-15 542.06262399760305 1.0252715624561073e-15 1071.9202095939931
face 1 torus 72.765561159372567 0 -4.40197567130875e-17 1.1735808767505822
face 2 plane 35.801240811549263 4.4408920985006262e-16 2.7648923623625984e-16 1.3639461402385225
face 3 plane 92.732088186658999 8.8817841970012523e-16 7.7088572113249648e-16 0.44328030999200935
edge 1 regular closed 21.210649695184937 -3.3757797451792864 4.1341378595602808e-16 1.3639461402385225
edge 2 regular open 2.5500000000000003 4.6127311613262361 -1.1297932904090857e-15 1.3691459103907815
edge 3 regular closed 34.136575516548156 -5.4330047336884091 6.6535118568639284e-16 0.44328030999200929
vertex 1 3.3757797451792864 -8.2682757191205616e-16 1.3639461402385225
vertex 2 5.4330047336884091 -1.3307023713727857e-15 0.44328030999200929
end
case segment_below valid 2 3 3 3 1 1
props 178.26568281204445 236.71375267288096 -7.3738480700300628e-16 1.0073180926047235e-16 -0.24521038239795626 1337.3860874203372 9.9201059380598832e-14 -4.5926696583633554e-14 1337.3860874203133 -7.2922365984483605e-15 2562.8994832620206
face 1 torus 75.222402428083143 -8.8817841970012523e-16 -2.0364954775573446e-16 -0.32095896715531669
face 2 plane 88.79344331915199 8.8817841970012523e-16 9.8220868503193317e-17 0.71913830790630451
face 3 plane 72.697906925645853 -8.8817841970012523e-16 8.0565099424293355e-16 -1.2622064772118446
edge 1 regular closed 33.403762016778252 -5.3163738428355591 6.5106802096992816e-16 0.71913830790630451
edge 2 regular open 2.2500000000000004 5.4533686325659669 -1.3356900880884979e-15 -0.37110593888178439
edge 3 regular closed 30.224970493217263 -4.8104534588022094 5.8911064307694398e-16 -1.2622064772118446
vertex 1 5.3163738428355591 -1.3021360419398563e-15 0.71913830790630451
vertex 2 4.8104534588022094 -1.178221286153888e-15 -1.2622064772118446
end
case quarter_wedge valid 2 3 3 3 1 1
props 14.804406601634041 35.891998510447657 1.9629109648000427 1.962910964800042 4.3567366234893993e-18 18.830917166707827 11.09587410791594 1.6308392737168557e-16 18.83091716670782 6.7025976748274314e-17 30.25963103259852
face 1 torus 29.608813203268074 2.0159626124973409 2.0159626124973409 6.7236192240096738e-17
face 2 plane 3.1415926535897922 2.9999999999999996 0 6.0598812376944557e-17
face 3 plane 3.1415926535897922 3.3306690738754691e-16 2.9999999999999996 6.0598812376944557e-17
edge 1 regular open 6.2831853071795862 2.8284271247461903 2.8284271247461898 -2.4492935982947064e-16
edge 2 regular closed 6.2831853071795862 2.2204460492503131e-16 2 1.2246467991473532e-16
edge 3 regular closed 6.2831853071795862 2 0 1.2246467991473532e-16
vertex 1 4.4408920985006262e-16 4 -2.4492935982947064e-16
vertex 2 4 0 -2.4492935982947064e-16
end
case half_wedge valid 2 3 3 3 1 1
props 29.608813203268078 65.500811713715734 1.156395606895681e-17 1.9629109648000425 -5.6452045372373346e-17 37.661834333415612 8.1328868706290882e-15 -1.205640842361101e-16 151.74516766674896 -3.0844701948498661e-15 174.60259539853021
face 1 torus 59.217626406536148 2.3129646346357432e-17 2.0159626124973409 6.7236192240096738e-17
face 2 plane 3.1415926535897922 2.9999999999999996 0 6.0598812376944557e-17
face 3 plane 3.1415926535897922 -2.9999999999999996 3.6739403974420594e-16 6.0598812376944557e-17
edge 1 regular open 12.566370614359172 2.4492935982947064e-16 4 -2.4492935982947064e-16
edge 2 regular closed 6.2831853071795862 -2 2.4492935982947059e-16 1.2246467991473532e-16
edge 3 regular closed 6.2831853071795862 2 0 1.2246467991473532e-16
vertex 1 -4 4.8985871965894128e-16 -2.4492935982947064e-16
vertex 2 4 0 -2.4492935982947064e-16
end
case wide_wedge valid 2 3 3 3 1 1
props 314.15926535897938 339.29200658769776 0.0027187543503369598 2.7449913271182438 2.9999999999999991 4777.2997754092676 -1042.2755193654586 -2.2204460492503131e-14 4160.6626550654637 -4.5474735088646412e-13 8309.6438997567566
face 1 torus 314.15926535897938 -0.035638216636187714 2.7736448396997151 3
face 2 plane 12.566370614359169 5.9999999999999991 2 2.9999999999999996
face 3 plane 12.566370614359167 2.418310927316131 -2.7946213733156919 3
edge 1 regular open 35 -4.6080053088285355 6.1893050087276951 2.9999999999999996
edge 2 regular closed 12.566370614359172 1.850986556389679 -0.87677282398941481 3.0000000000000004
edge 3 regular closed 12.566370614359172 4 2 3.0000000000000004
vertex 1 2.9856352982425838 -4.7124699226419686 2.9999999999999996
vertex 2 8 2 2.9999999999999996
end
case rotated_0 valid 1 2 1 1 1 1
props 9.8696044010893598 39.478417604357439 -2.9999999999999987 1.5000000000000002 0 23.585866949942936 0.34829640822698593 6.3850014028611923 21.333974402752972 0.96499966637490742 38.97179605656369
face 1 torus 39.478417604357439 -2.9999999999999996 1.5 -1.1102230246251565e-16
edge 1 regular closed 15.707963267948966 -5.3399471686912818 1.2943341152022598 0.85577379696039679
edge 2 regular closed 3.1415926535897931 -1.5960316987852308 1.6233995308786437 -0.51346427817623808
vertex 1 -0.66005283130871817 1.70566588479774 -0.85577379696039702
end
case rotated_1 valid 2 3 3 3 1 1
props 27.984333619674224 62.980450921707217 -2.5000000000000004 1.2499999999999996 0.12500000000000047 77.066909598641445 10.162539736584961 22.262568143857635 60.264686906415847 10.480794584519503 78.440109203668726
face 1 torus 31.171825304110566 -2.5 1.25 0.12500000000000011
face 2 plane 15.904312808798327 -2.1030968542654733 1.4368544686090492 0.53433275029841765
face 3 plane 15.904312808798327 -2.8969031457345267 1.0631455313909504 -0.28433275029841731
edge 1 regular closed 14.137166941154069 -2.163240808057763 -0.5866404498336133 1.5163465077677074
edge 2 regular open 1.8849555921538754 -2.4238176585297659 3.8130935633607059 -1.1188840927944337
edge 3 regular closed 14.137166941154069 -2.9570470995268163 -0.96034938705171213 0.69768100717087234
vertex 1 -2.0429529004731832 3.4603493870517124 -0.44768100717087245
vertex 2 -2.8367591919422366 3.0866404498336131 -1.2663465077677072
end
case rotated_2 valid 2 3 3 3 1 1
props 4.8105637508093704 16.823228659973338 -3.4873547738939639 1.9734904913110334 1.8419586219442483 4.113314822964881 0.66817230412979001 -0.69726578738292844 3.0661047834370549 1.4535834895085351 2.8819686299922864
face 1 torus 13.744467859455339 -3.5159465290610115 1.9922041178603629 1.8725612003966881
face 2 plane 1.5393804002589988 -3.7235900882742392 2.7784494535147202 0.59110811907076288
face 3 plane 1.5393804002589988 -2.803773871098564 0.87573879108967867 2.6140022665173936
edge 1 regular open 4.0000000000000009 -3.9945579460943499 2.3054606936906499 2.3848327749265557
edge 2 regular closed 4.3982297150257104 -2.5787171871909655 0.91053192958456908 1.9520816318925229
edge 3 regular closed 4.3982297150257104 -3.2409848635574523 2.2804836065305985 0.49559784573094923
vertex 1 -3.0288305550061612 0.84094565259478882 3.2759229011422635
vertex 2 -4.2061953129910261 3.2764153004988414 0.68661839241057643
end
case rotated_3 valid 2 3 3 3 1 1
props 11.203484168059685 82.039372672092981 -1.2481285512292208 1.1600798777088366 0.2828427424479274 48.08054574801946 16.239479812873743 -3.6494985610811086 64.546252964473979 -5.941864117312857 39.441557105740543
face 1 torus 29.868971335713884 -1.1665337768225805 1.2929269124706304 0.25298802617661487
face 2 plane 13.974558076946845 -1.2538958853950855 1.1506898984119127 0.28495295264724269
face 3 plane 38.195843259432245 -1.3398631293219614 1.0107239076315047 0.31640751201979389
edge 1 regular closed 13.251772559427682 0.46164990638041248 0.00085690519751047134 -0.14286326371056696
edge 2 regular open 1.6800000000000004 -3.4070610098320433 2.9664468003205955 0.80301176542636199
edge 3 regular closed 21.908517118371989 1.4963660753307744 -0.89023958250815594 -0.39088042682459262
vertex 1 -2.9694416771705834 2.3005228916263154 0.71276916900505194
vertex 2 -4.1760923339746956 2.9116873977711659 1.0236954508641796
end
case rotated_4 valid 2 3 3 3 1 1
props 30.536280592892794 72.947781416355014 -0.6748883830960779 1.2946131007560489 1.5990446033520227 78.959682646375455 41.454247941780594 0.10259856840939108 201.17328963275278 -27.118580912230151 200.20231937609913
face 1 torus 67.858401317539546 -0.6677343377363345 1.3120984746113153 1.6232289589270057
face 2 plane 2.5446900494077331 -3.8848428965369775 0.61634032365660407 -0.3149517724329588
face 3 plane 2.5446900494077327 1.3027801582040008 -1.0389738233325214 -0.65271987667396392
edge 1 regular open 15.600000000000001 -0.090847877024352153 2.7220805099994845 3.5734021253928527
edge 2 regular closed 5.6548667764616276 0.61194611074280059 -0.57728167633276439 -0.30690391367177444
edge 3 regular closed 5.6548667764616276 -3.0193900275758838 0.58143822655962285 -0.070466240703071337
vertex 1 1.9936142056652004 -1.5006659703322771 -0.99853583967615256
vertex 2 -4.7502957654980698 0.65124242075358496 -0.55943730416284654
end
case rotated_5 valid 1 2 1 1 1 1
props 64.152428607080836 128.30485721416167 -0.50000000000000033 0.25 0.62500000000000044 378.95429078933535 -1.848920364569409 3.9128393200272029 442.19502317892307 -133.94960588484429 662.37559757048552
face 1 torus 128.30485721416167 -0.50000000000000011 0.24999999999999911 0.62499999999999933
edge 1 regular closed 26.703537555513236 0.13827703336626096 4.0524195929671594 2.4129339103268403
edge 2 regular closed 6.2831853071795862 -0.83791137060566723 -1.7630456668649668 -0.3215532466436215
vertex 1 -1.13827703336626 -3.5524195929671598 -1.1629339103268403
end
case rotated_6 valid 2 3 3 3 1 1
props 132.03897641542906 168.17028234471258 2.2870569804171508e-16 -6.4575726505896022e-16 0.75 686.24997660320116 -0.14180167231099716 -5.2558317414284783 686.63217669828771 15.903121983012051 1275.6470305001808
face 1 torus 91.201262331762663 0 0 0.75
face 2 plane 38.484510006474963 0.0098042954363997126 -0.02966588619143895 -0.34955618819025008
face 3 plane 38.484510006474963 -0.0098042954364014889 0.029665886191437174 1.8495561881902498
edge 1 regular closed 21.991148575128545 -2.4626632200282561 2.4460182424902426 -0.43839581879313572
edge 2 regular open 3.4557519189487733 3.249528734610692 -3.2537562834102083 0.8667606573637926
edge 3 regular closed 21.991148575128545 -2.4822718109010573 2.5053500148731187 1.7607165575873642
vertex 1 2.4822718109010573 -2.5053500148731183 -0.26071655758736434
vertex 2 2.4626632200282561 -2.4460182424902421 1.9383958187931358
end
case rotated_7 valid 2 3 3 3 1 1
props 21.205750411731113 44.39070419522379 3.3173682965623632 -1.8354005901362709 2.4599965375611994 36.556318707190798 -14.04833629202426 3.2631846322697129 25.984617707925281 4.653226768164771 45.151484216913445
face 1 torus 35.342917352885181 3.3876926222175858 -1.8749737717933386 2.4995596336625709
face 2 plane 4.5238934211693023 4.1069488233974241 0.18313497938941906 1.8049539101596734
face 3 plane 4.523893421169304 1.652412250166204 -3.3613413977359565 2.6225699449239026
edge 1 regular open 6.1875 4.373392307246327 -2.4296505828614836 3.0540950807150606
edge 2 regular closed 7.5398223686155044 1.2836403301130188 -2.3657121504604506 2.0633475625482531
edge 3 regular closed 7.5398223686155044 2.9527251999102484 0.04453178598480495 1.5073686589085775
vertex 1 2.0211841702193896 -4.3569706450114616 3.1817923272995512
vertex 2 5.2611724468845997 0.32173817279403338 2.1025391614107689
end
case rotated_8 valid 2 3 3 3 1 1
props 41.54458204848828 183.1930355705498 1.517158441545692 -0.91106351646381145 0.54572082078576611 435.65624081352877 -100.92235296894158 -111.53245626247798 388.90412559369105 88.651600724281948 406.65763138199213
face 1 torus 70.832238735588106 1.6791238936449719 -1.0398017965286024 0.40344811143809745
face 2 plane 27.497735147234767 1.5018506024570091 -0.89889607673982708 0.55916743988370821
face 3 plane 84.863061687726912 1.3265479130829183 -0.75955669029512241 0.7131557642449845
edge 1 regular closed 18.588887296329553 -0.50369344917450976 -3.0472876692054474 0.22003978336363827
edge 2 regular open 2.7300000000000004 4.6501927967853707 1.8567812876699983 0.74523871996446545
edge 3 regular closed 32.656097204614042 -2.1966990921935223 -4.5337516466003223 0.11739198669606798
vertex 1 3.507394654088527 1.2494955157257905 0.89829509640377703
vertex 2 4.8497949183593567 3.0146382660100777 1.3089195417938999
end
case rotated_9 valid 2 3 3 3 1 1
props 104.6778672176119 161.85485351294611 1.2534226106509916 -1.9286591905448593 2.7026242789082033 1465.6747430875894 -336.46786229000963 -220.33014302412766 908.39259871369256 -320.52605762120533 993.11895694642874
face 1 torus 149.53981031087412 1.2469101233430271 -1.9597893888128544 2.7442917575048913
face 2 plane 6.1575216010359952 3.1566564947144395 3.0629834558216116 2.00769271218876
face 3 plane 6.1575216010359943 0.28281356910894306 -2.4622822071698014 -2.569461643523236
edge 1 regular open 22.599999999999998 0.7980402327092232 -4.1054225441933507 5.6162016248465294
edge 2 regular closed 8.7964594300514207 0.68376909928482044 -1.8982363036315144 -1.3524625138920532
edge 3 regular closed 8.7964594300514207 2.6109343552790945 1.8069418468450806 1.716923348173639
vertex 1 -0.11814196106693457 -3.0263281107080893 -3.78646077315442
vertex 2 3.7023786341497837 4.3190250647981427 2.2984620762038812
end
