e_plane_cross done 2 0
P 0.99999999999999978 0.86602540378443871 0 1.0471975511965979
P 0.99999999999999867 -0.86602540378443904 0 5.2359877559829879
e_plane_tangent done 1 0
P 2 0 0 0
e_plane_contained done 0 0
e_plane_parallel done 0 0
e_plane_tilted done 2 0
P 0.25 1.2888106377466155 -0.59160797830996159 1.4033482475752073
P 0.24999999999999903 -0.28881063774661564 0.5916079783099617 4.8798370596043785
e_sphere_two done 2 0
P -0.11963298118022457 0.99820939058570424 0 1.6306485456335142
P -0.11963298118022507 -0.99820939058570424 0 4.652536761546072
e_sphere_tangent done 1 0
P 2 0 0 0
e_cylinder_four done 4 0
P 1.5 0 -0.66143782776614768 0.72273424781341566
P -1.5 0 -0.66143782776614768 2.4188584057763776
P -1.5000000000000002 0 0.66143782776614746 3.8643269014032087
P 1.4999999999999991 0 0.66143782776614812 5.5604510593661702
e_cylinder_tangent done 1 0
P 2 0 0 0
e_cone_two done 2 0
P 1 0.39099074319913557 1.9654305288851042 1.3070900409749475
P 1 -0.39099074319913574 1.9654305288851042 1.8345026126148458
e_cone_miss done 0 0
e_torus_cross done 4 0
P 0 1.5346238688516742 0.1828252076640863 0.82022722806709236
P 0 -1.5346238688516742 0.18282520766408633 2.3213654255227008
P 0 -1.5346238688516745 -0.1828252076640863 3.9618198816568855
P 0 1.534623868851674 -0.18282520766408636 5.4629580791124939
e_torus_tangent done 12 0
P 2.5 0 0 0
P 2.5 4.4991982519166476e-10 0 4.4991982519166476e-10
P 1.2198750911856662 0.87287156094396956 0 1.0610566479633898
P -1.2198750911856668 0.87287156094396945 0 2.0805360056264037
P -2.5 1.075017086800553e-09 0 3.1415926525147762
P -2.5 -1.4399026075498516e-11 0 3.1415926536041923
P -2.4999999999999991 -2.3739754484101839e-08 0 3.1415926773295477
P -2.4999999999999996 2.3363694212970439e-08 0 3.141592630226099
P -1.2198750911856675 -0.87287156094396934 0 4.2026493015531825
P 1.2198750911856666 -0.87287156094396945 0 5.2221286592161968
P 2.5 -5.0299993201216383e-12 0 6.2831853071745565
P 2.5 -2.4225746691732852e-14 0 6.2831853071795623
e_torus_tilted done 13 0
P 2.5 0 0 0
P 2.4999999999999947 9.7252916312610046e-08 -7.2939687234457522e-08 6.9466368794721509e-08
P 2.4999999999999929 1.1243460475393818e-07 -8.4325953565453624e-08 8.0310431967098793e-08
P 2.5 3.4294493845777633e-10 -2.5720870384333221e-10 2.4496067032698309e-10
P 2.499999999999996 8.2805433929269181e-08 -6.2104075446951882e-08 5.9146738520906584e-08
P 2.5 3.4403345016074739e-14 -2.580250876205605e-14 2.4573817868624812e-14
P -1.7499323926862971 0.64145360116346917 -0.48109020087260185 2.6656448193738926
P -1.7499323926862969 -0.64145360116346939 0.48109020087260196 3.617540487805694
P 2.5 -2.3092448906255198e-11 1.7319336679691397e-11 6.2831853071630919
P 2.5 0 0 0
P 2.499999999999996 -8.2805428812513307e-08 6.2104071609384981e-08 6.2831852480328516
P 2.5 -2.6961420405775814e-12 2.0221065304331858e-12 6.2831853071776607
P 2.4999999999999911 -1.2504213290227296e-07 9.378159967670472e-08 6.2831852178637773
h_plane_cross done 2 0
P 2 1.7320508075688774 0 1.3169578969248168
P 2 -1.7320508075688774 0 -1.3169578969248168
h_plane_tangent done 1 0
P 1 0 0 0
h_plane_other done 0 0
h_plane_one done 1 0
P 1.1180339887498949 0.24999999999999994 0 0.48121182505960336
h_plane_contained done 0 0
h_sphere_two done 2 0
P 1.5811388300841898 1.2247448713915892 0 1.0317185344477804
P 1.5811388300841898 -1.2247448713915892 0 -1.0317185344477804
h_sphere_tangent done 1 0
P 1 0 0 0
h_cylinder_two done 2 0
P 1.4142135623730951 1.0000000000000002 0 0.88137358701954316
P 1.4142135623730949 -1 0 -0.88137358701954294
h_cone_two done 2 0
P 1.3575746192540805 0.91815513223140099 0 0.82230077085098174
P 1.3575746192540805 -0.91815513223140122 0 -0.82230077085098185
h_cone_miss done 0 0
h_torus_cross done 4 0
P 1.9039432764659772 -1.6201851746019651 0 -1.2596331577694369
P 1.2747548783981961 -0.79056941504209488 0 -0.72528725691129015
P 1.2747548783981961 0.79056941504209488 0 0.72528725691129015
P 1.9039432764659772 1.6201851746019651 0 1.2596331577694369
h_torus_tilted done 2 0
P 2.3622772249379604 -0.40556030357487977 0.30417022768115981 -0.6328393753887176
P 2.3622772249379604 0.4055603035748796 -0.30417022768115964 0.63283937538871748
s_torus_cross done 4 0
P -2.4836741894764884 0 0.12672520836148782 0.087989855418040552
P -1.5049659440462502 0 -0.07029426325084942 0.26699375957148763
P 1.5149302124629045 7.4675854895912334e-05 -0.1212736698721819 1.0049891834634508
P 2.4503820071898952 0.4673175080876375 0.073652376123503976 1.3946802537445713
s_torus_top done 7 0
P -2.0000000000001119 0 0.5 0.16666666666664803
P -2.0000000000964304 0 0.5 0.16666666665059496
P -1.9999999999984599 0 0.5 0.16666666666692334
P -2.0000000234068969 0 0.5 0.16666666276551723
P 1.9999999960374959 0 0.5 0.83333333267291598
P 2.0000000000001963 0 0.5 0.83333333333336601
P 2.0000000000241753 0 0.5 0.83333333333736259
s_torus_contained done 74 0
P 2 0 0.5 0
P 1.9996860963621139 0.035433261436831454 0.5 0.0088590105781199985
P 1.9999999905714487 0.00019420145256927499 0.5 4.8550363256758645e-05
P 1.999999998064782 8.7982222315443695e-05 0.5 2.1995555589502473e-05
P 1.9997383607650256 0.03234947425860598 0.5 0.0080878975924861575
P 1.9999995918443405 0.0012777411598742204 0.5 0.00031943532256338878
P 1.9999994420173333 0.0014939646437464398 0.5 0.0003734912130370157
P 1.9999994727939001 0.0014521790944016053 0.5 0.00036304482145026244
P 1.9999994172034652 0.0015268221240439853 0.5 0.00038170558662516964
P 1.9999993105847114 0.0016606205706351654 0.5 0.00041515521421237934
P 1.9999992785688101 0.0016987419577904974 0.5 0.00042468556604297768
P 1.9999987768081668 0.002211959727773685 0.5 0.00055299010104666512
P 1.999999524267708 0.0013794669046934059 0.5 0.00034486676718941588
P 1.9999997390021751 0.0010217588909885095 0.5 0.00025543973941443148
P 1.9999994318133447 0.0015075630327342675 0.5 0.00037689081171964929
P 1.3866779126370627 1.4412232188680967 0.5 0.42555662393825849
P 1.9999901117474295 0.0062891106290478924 0.5 0.0015722815440412279
P 1.9999934417439935 0.0051218142308631946 0.5 0.0012804556571047996
P 1.9999996743370585 0.0011413376627620684 0.5 0.00028533443892123024
P 1.9999996373299307 0.0012044418400706768 0.5 0.00030111048731860951
P 1.9999991659940013 0.0018264783871178663 0.5 0.0004566196919853571
P 1.9999987222868634 0.0022607191141433341 0.5 0.00056517995907029808
P 1.9999985723390883 0.0023896948778559008 0.5 0.00059742393269367428
P 0.62409295864010406 1.9001336739755552 0.5 0.72411065611039571
P 0.64298706788432436 1.8938235478875849 0.5 0.71654665696248188
P 1.4460519812259873 1.3816416567230438 0.5 0.40093465340923357
P 1.9999996680467695 0.0011523076029039019 0.5 0.00028807692463299187
P 1.9999996502226671 0.001182839468811613 0.5 0.00029570989306105768
P 0.46332590975803051 1.9455922238092167 0.5 0.78982331006307238
P 1.9999994297739929 0.0015102661032655291 0.5 0.00037756657964095304
P 0.46704605212708988 1.9447025441420338 0.5 0.7882716832404929
P 0.47079498843382389 1.943798363736732 0.5 0.78670969175344563
P 1.9999992587642825 0.0017219007871074915 0.5 0.00043047527654778553
P 0 2 0.5 1
P 1.9999989396177669 0.0020594969795565319 0.5 0.00051487438138004453
P 1.9984053980846261 0.079849013182551998 0.5 0.019970214431183596
P 1.6377238660205815 1.1479810706917601 0.5 0.3155767488057229
P 1.9999973297305749 0.0032681907180533193 0.5 0.00081704822494805325
P 1.9999973481815085 0.0032568799383198782 0.5 0.0008142205243712303
P 1.9999974629667476 0.0031856124330410826 0.5 0.00079640361338588299
P 1.9999974972105783 0.0031640403636247678 0.5 0.00079101058583942361
P 1.9524149727663647 0.43367703895608289 0.5 0.10972457141881149
P 1.9999999013626517 0.00062813166148939189 0.5 0.00015703291924467567
P 1.9999999343741335 0.00051235091712491373 0.5 0.00012808773138269552
P 1.9073216385851468 0.60176753566877539 0.5 0.15401023804292632
P 1.9998101056167581 0.027559779989876142 0.5 0.0068902721034618999
P 1.8808928873973818 0.67988377399224653 0.5 0.1751874616792613
P 0.22027090308627495 1.9878331744021067 0.5 0.89531109543386378
P 0.51302217288327578 1.9330825771627353 0.5 0.76922623207293228
P 1.9999999351261546 0.00050940688807740091 0.5 0.00012735172408479925
P 1.9999999321442277 0.00052098280577470685 0.5 0.00013024570365315741
P 0.89233101665232339 1.7899009348900379 0.5 0.61884373696677586
P 1.6860343009722158 1.0757733664416178 0.5 0.29185115454782268
P 0.89049426217789551 1.7908154480649998 0.5 0.61955336549108986
P 0.51102764843105786 1.9336108043086189 0.5 0.7700475960576455
P 1.9999999788683125 0.00029073484502435112 0.5 7.268371164007015e-05
P 1.9999977857672129 0.0029760588443604836 0.5 0.00074401512294579081
P 0.61564074346965703 1.9028889812545893 0.5 0.72750395328771333
P 0.15828675923254862 1.9937264862191244 0.5 0.92375421277572078
P 0.40194798789064623 1.9591931540893719 0.5 0.81566843410706202
P 0.71703691556893179 1.8670452757529457 0.5 0.6871622777940789
P 1.9999999993030873 5.2798207136720182e-05 0.5 1.3199551786479779e-05
P 0.36769349149278108 1.9659098393145724 0.5 0.83030588476851686
P 0.6873125843384984 1.8781909943905957 0.5 0.69891050461959048
P 0.19667715238630731 1.9903060311744052 0.5 0.90605304881160365
P 0.45472725211963005 1.9476198618261551 0.5 0.79341599362797088
P 0.19706275734109829 1.9902678889207661 0.5 0.90587666750557605
P 0.33188371171132208 1.9722710771850598 0.5 0.84578449057292404
P 0.19694146016303524 1.9902798952079208 0.5 0.90593214762318786
P 0.23338583213122874 1.9863360877153728 0.5 0.88938331171371932
P 0.60097290718202767 1.9075721650394202 0.5 0.73340716459293742
P 1.9477295525357248 0.45425718506038493 0.5 0.11506795970068523
P 1.2299126808186458e-05 1.9999999999621829 0.5 0.99999385045550437
P 0.0005213913440159563 1.9999999320377655 0.5 0.99973933830025175
s_torus_partial done 80 0
P 2 0 0.5 0
P 1.9996860969764534 0.035433226766377321 0.5 0.008859001908465499
P 1.9999999905714487 0.00019420145256927499 0.5 4.8550363256758645e-05
P 1.999999998064782 8.7982222315443695e-05 0.5 2.1995555589502473e-05
P 1.9997383604679893 0.032349492620414907 0.5 0.0080879021838393093
P 1.9999995918442739 0.001277741263857641 0.5 0.0003194353485592519
P 1.9999994420173333 0.0014939646437464398 0.5 0.0003734912130370157
P 1.9999994727940549 0.0014521788810047411 0.5 0.0003630447681010253
P 1.9999994172034652 0.0015268221240439853 0.5 0.00038170558662516964
P 1.9999993105847114 0.0016606205706351654 0.5 0.00041515521421237934
P 1.9999992785688101 0.0016987419577904974 0.5 0.00042468556604297768
P 1.9999987768081668 0.002211959727773685 0.5 0.00055299010104666512
P 1.999999524267708 0.0013794669046934059 0.5 0.00034486676718941588
P 1.9999997390021751 0.0010217588909885095 0.5 0.00025543973941443148
P 1.9999652375709847 0.011791883125043947 0.5 0.0029479964011398948
P 1.3866598683913238 1.4412405799841181 0.5 0.42556401764335217
P 1.9999901117474295 0.0062891106290478924 0.5 0.0015722815440412279
P 1.9999934417439935 0.0051218142308631946 0.5 0.0012804556571047996
P 1.9999996743351793 0.0011413409549810105 0.5 0.00028533526197616684
P 1.9999996373299307 0.0012044418400706768 0.5 0.00030111048731860951
P 1.9999991659945795 0.0018264777541449283 0.5 0.00045661953374202363
P 1.9999987222856521 0.0022607201858497179 0.5 0.00056518022699715076
P 1.9999985723402358 0.0023896939174205831 0.5 0.0005974236925845878
P 0.6240936307479853 1.9001334532236933 0.5 0.72411038651927573
P 0.64297702792461175 1.8938269566043338 0.5 0.71655066865694805
P 1.446039669180927 1.3816545426245721 0.5 0.40093982520896837
P 1.9999996680461034 0.0011523087592063893 0.5 0.0002880772137086857
P 1.9999996502228055 0.0011828392354238991 0.5 0.00029570983471411387
P 0.4633279685468929 1.9455917335253587 0.5 0.78982245091507453
P 1.9999994297712784 0.0015102696981465103 0.5 0.0003775674783615827
P 0.46703892275403081 1.944704256341502 0.5 0.78827465525779761
P 0.47079557502832209 1.9437982216613308 0.5 0.78670944747788352
P 1.9999992587645676 0.0017219004562049095 0.5 0.000430475193822094
P 0 2 0.5 1
P 1.9999989396207571 0.0020594940755647045 0.5 0.00051487365538151035
P 1.9983939888980067 0.080134044801901463 0.5 0.020041557941614233
P 1.637723900840149 1.1479810210177375 0.5 0.315576732129837
P 1.9999973297300251 0.0032681910544598743 0.5 0.00081704830904986048
P 1.9999973481815085 0.0032568799383198782 0.5 0.0008142205243712303
P 1.9999974629661659 0.0031856127982076475 0.5 0.00079640370467769792
P 1.9999974972106243 0.0031640403347010155 0.5 0.00079101057860847188
P 1.9524149727663647 0.43367703895608289 0.5 0.10972457141881149
P 1.9999999013611107 0.00062813656713638999 0.5 0.00015703414565651592
P 1.9999999343771035 0.00051233932324213879 0.5 0.00012808483291185913
P 1.2641138269118128e-07 1.999999999999996 0.5 0.99999993679431065
P 1.9073195149257454 0.60177426663444145 0.5 0.15401204440427688
P 1.9998101056167581 0.027559779989876142 0.5 0.0068902721034618999
P 3.9826764188160886e-09 2 0.5 0.99999999800866179
P 0.22026948837050181 1.987833331165618 0.5 0.89531173651560958
P 0.51300717436140841 1.9330865575689369 0.5 0.76923240701060169
P 1.999999935130691 0.00050938907758922547 0.5 0.00012734727146253874
P 1.9999999321377366 0.00052100772495403472 0.5 0.00013025193344830643
P 0.89246046796585676 1.7898363928354355 0.5 0.61879372688337919
P 1.6860346720037109 1.0757727849324588 0.5 0.2918509674103727
P 0.89062339048672334 1.7907512323932471 0.5 0.61950347398653005
P 0.51102105582521351 1.9336125466347396 0.5 0.7700503116646642
P 1.2086702062798121e-06 1.9999999999996347 0.5 0.99999939566507945
P 1.3650857000632607e-06 1.9999999999995342 0.5 0.99999931745738291
P 1.9999999788648852 0.00029075842064712646 0.5 7.2689605545857403e-05
P 1.9999977857625382 0.002976061985906994 0.5 0.00074401590833372258
P 0.61563926091616972 1.9028894609037574 0.5 0.72750454901691597
P 0.15828621295125503 1.99372652958964 0.5 0.92375446668095285
P 0.40194527349098119 1.9591937109735373 0.5 0.81566958772797105
P 0.71703687831709406 1.8670452900594772 0.5 0.68716229248088334
P 1.9999999993035065 5.2782323137412651e-05 0.5 1.3195580786650823e-05
P 0.36769644095381987 1.9659092876605204 0.5 0.83030461745702466
P 7.545697889009407e-07 1.9999999999998577 0.5 0.99999962271517673
P 0.19667541884017889 1.9903062024784126 0.5 0.90605384182305504
P 1.5835925279663026 1.2215705895973816 0.5 0.34087876343760154
P 0.19706179212972111 1.9902679844891802 0.5 0.90587710897284979
P 0.33188296010274754 1.9722712036617678 0.5 0.84578481742276868
P 0.19694021149008545 1.9902800187657617 0.5 0.90593271876791059
P 0.23338598636225347 1.9863360695938939 0.5 0.88938324218163678
P 0.60098015911461178 1.9075698803321928 0.5 0.73340424133859605
P 1.2701770432722126e-05 1.9999999999596663 0.5 0.99999364913495037
P 1.9476977667794748 0.45439345206797038 0.5 0.11510340429091759
P 1.2793870619759134e-05 1.9999999999590792 0.5 0.9999936030851504
P 1.2942946679143763e-05 1.9999999999581199 0.5 0.99999352854760026
P 1.3019980066608937e-05 1.9999999999576201 0.5 0.99999349003115656
P -1.6000000000000001 1.1999999999999997 -0.5 1.6666666666666667
s_torus_miss done 0 0
s_cone_cross done 2 0
P -1.2358017519276359 0.27830652138649509 0.48828615988650842 0.15374541387675561
P 1.4882249033076915 0.32977677390250604 0.95977010110544569 0.92623854749127499
s_cone_apex done 1 0
P -1.1102230246251565e-16 1.1102230246251565e-16 -1.1102230246251565e-16 0.49999999999999994
s_cone_contained done 0 0
s_cone_miss done 0 0
