body spline_bulge
DBRep_DrawableShape

CASCADE Topology V1, (c) Matra-Datavision
Locations 0
Curve2ds 24
1 0 -2 0 1
1 3 -2 -1 0
7 0 0 2 3 2
 3 -0
 4 -1
 3 -2
 0 3
 1 3
1 0 -0 1 0
1 0 0 1 0
7 0 0 2 3 2
 3 0
 4 1
 3 2
 0 3
 1 3
1 3 2 -1 0
1 0 2 0 -1
1 0 0 1 0
1 3 0 0 1
1 0 1 1 0
1 0 0 0 1
1 0 0 1 0
1 1 0 0 1
1 0 1 1 0
1 0 0 0 1
1 0 0 1 0
1 3 0 0 1
1 0 1 1 0
1 0 0 0 1
1 0 0 1 0
1 2 0 0 1
1 0 1 1 0
1 0 0 0 1
Curves 12
1 0 0 0 0 0 1
1 3 0 0 0 0 1
1 3 2 0 0 0 1
1 0 2 0 0 0 1
1 0 0 0 1 0 0
1 0 0 1 1 0 0
7 0 0 2 3 2
 3 0 0
 4 1 0
 3 2 0
 0 3
 1 3
7 0 0 2 3 2
 3 0 1
 4 1 1
 3 2 1
 0 3
 1 3
1 3 2 0 -1 0 0
1 3 2 1 -1 0 0
1 0 2 0 0 -1 0
1 0 2 1 0 -1 0
Polygon3D 0
PolygonOnTriangulations 0
Surfaces 6
1 0 0 0 0 0 -1 1 0 0 0 -1 0
1 0 0 1 0 0 1 1 0 0 0 1 0
1 0 0 0 0 -1 0 1 0 0 -0 0 1
9 0 0 0 0 2 1 3 2 2 2
 3 0 0
 3 0 1
 4 1 0
 4 1 1
 3 2 0
 3 2 1
 0 3
 1 3
 0 2
 1 2
1 3 2 0 0 1 0 -1 0 0 0 -0 1
1 0 2 0 -1 -0 0 0 -1 0 0 0 1
Triangulations 0

TShapes 34
Ve
1e-7
0 0 0
0 0

0101101
*
Ve
1e-7
3 0 0
0 0

0101101
*
Ve
1e-7
3 2 0
0 0

0101101
*
Ve
1e-7
0 2 0
0 0

0101101
*
Ve
1e-7
0 0 1
0 0

0101101
*
Ve
1e-7
3 0 1
0 0

0101101
*
Ve
1e-7
3 2 1
0 0

0101101
*
Ve
1e-7
0 2 1
0 0

0101101
*
Ed
 1e-7 1 1 0
1 1 0 0 1
2 12 3 0 0 1
2 22 6 0 0 1
0

0101000
+34 0 -30 0 *
Ed
 1e-7 1 1 0
1 2 0 0 1
2 10 3 0 0 1
2 16 4 0 0 1
0

0101000
+33 0 -29 0 *
Ed
 1e-7 1 1 0
1 3 0 0 1
2 14 4 0 0 1
2 20 5 0 0 1
0

0101000
+32 0 -28 0 *
Ed
 1e-7 1 1 0
1 4 0 0 1
2 18 5 0 0 1
2 24 6 0 0 1
0

0101000
+31 0 -27 0 *
Ed
 1e-7 1 1 0
1 5 0 0 3
2 4 1 0 0 3
2 9 3 0 0 3
0

0101000
+34 0 -33 0 *
Ed
 1e-7 1 1 0
1 6 0 0 3
2 5 2 0 0 3
2 11 3 0 0 3
0

0101000
+30 0 -29 0 *
Ed
 1e-7 1 1 0
1 7 0 0 1
2 3 1 0 0 1
2 13 4 0 0 1
0

0101000
+33 0 -32 0 *
Ed
 1e-7 1 1 0
1 8 0 0 1
2 6 2 0 0 1
2 15 4 0 0 1
0

0101000
+29 0 -28 0 *
Ed
 1e-7 1 1 0
1 9 0 0 3
2 2 1 0 0 3
2 17 5 0 0 3
0

0101000
+32 0 -31 0 *
Ed
 1e-7 1 1 0
1 10 0 0 3
2 7 2 0 0 3
2 19 5 0 0 3
0

0101000
+28 0 -27 0 *
Ed
 1e-7 1 1 0
1 11 0 0 2
2 1 1 0 0 2
2 21 6 0 0 2
0

0101000
+31 0 -34 0 *
Ed
 1e-7 1 1 0
1 12 0 0 2
2 8 2 0 0 2
2 23 6 0 0 2
0

0101000
+27 0 -30 0 *
Wi

0101100
-16 0 -18 0 -20 0 -22 0 *
Fa
0 1e-7 1 0

0101000
+14 0 *
Wi

0101100
+21 0 +19 0 +17 0 +15 0 *
Fa
0 1e-7 2 0

0101000
+12 0 *
Wi

0101100
+22 0 +25 0 -21 0 -26 0 *
Fa
0 1e-7 3 0

0101000
+10 0 *
Wi

0101100
+20 0 +24 0 -19 0 -25 0 *
Fa
0 1e-7 4 0

0101000
+8 0 *
Wi

0101100
+18 0 +23 0 -17 0 -24 0 *
Fa
0 1e-7 5 0

0101000
+6 0 *
Wi

0101100
+16 0 +26 0 -15 0 -23 0 *
Fa
0 1e-7 6 0

0101000
+4 0 *
Sh

0101100
+13 0 +11 0 +9 0 +7 0 +5 0 +3 0 *
So

0100100
+2 0 *

+1 0 
0
endbody
body spline_cubic_bulge
DBRep_DrawableShape

CASCADE Topology V1, (c) Matra-Datavision
Locations 0
Curve2ds 24
1 0 -2 0 1
1 3 -2 -1 0
7 0 0 3 5 3
 3 -0
 3.5 -0.25
 4 -1
 3.5 -1.75
 3 -2
 0 4
 0.5 1
 1 4
1 0 -0 1 0
1 0 0 1 0
7 0 0 3 5 3
 3 0
 3.5 0.25
 4 1
 3.5 1.75
 3 2
 0 4
 0.5 1
 1 4
1 3 2 -1 0
1 0 2 0 -1
1 0 0 1 0
1 3 0 0 1
1 0 1 1 0
1 0 0 0 1
1 0 0 1 0
1 1 0 0 1
1 0 1 1 0
1 0 0 0 1
1 0 0 1 0
1 3 0 0 1
1 0 1 1 0
1 0 0 0 1
1 0 0 1 0
1 2 0 0 1
1 0 1 1 0
1 0 0 0 1
Curves 12
1 0 0 0 0 0 1
1 3 0 0 0 0 1
1 3 2 0 0 0 1
1 0 2 0 0 0 1
1 0 0 0 1 0 0
1 0 0 1 1 0 0
7 0 0 3 5 3
 3 0 0
 3.5 0.25 0
 4 1 0
 3.5 1.75 0
 3 2 0
 0 4
 0.5 1
 1 4
7 0 0 3 5 3
 3 0 1
 3.5 0.25 1
 4 1 1
 3.5 1.75 1
 3 2 1
 0 4
 0.5 1
 1 4
1 3 2 0 -1 0 0
1 3 2 1 -1 0 0
1 0 2 0 0 -1 0
1 0 2 1 0 -1 0
Polygon3D 0
PolygonOnTriangulations 0
Surfaces 6
1 0 0 0 0 0 -1 1 0 0 0 -1 0
1 0 0 1 0 0 1 1 0 0 0 1 0
1 0 0 0 0 -1 0 1 0 0 -0 0 1
9 0 0 0 0 3 1 5 2 3 2
 3 0 0
 3 0 1
 3.5 0.25 0
 3.5 0.25 1
 4 1 0
 4 1 1
 3.5 1.75 0
 3.5 1.75 1
 3 2 0
 3 2 1
 0 4
 0.5 1
 1 4
 0 2
 1 2
1 3 2 0 0 1 0 -1 0 0 0 -0 1
1 0 2 0 -1 -0 0 0 -1 0 0 0 1
Triangulations 0

TShapes 34
Ve
1e-7
0 0 0
0 0

0101101
*
Ve
1e-7
3 0 0
0 0

0101101
*
Ve
1e-7
3 2 0
0 0

0101101
*
Ve
1e-7
0 2 0
0 0

0101101
*
Ve
1e-7
0 0 1
0 0

0101101
*
Ve
1e-7
3 0 1
0 0

0101101
*
Ve
1e-7
3 2 1
0 0

0101101
*
Ve
1e-7
0 2 1
0 0

0101101
*
Ed
 1e-7 1 1 0
1 1 0 0 1
2 12 3 0 0 1
2 22 6 0 0 1
0

0101000
+34 0 -30 0 *
Ed
 1e-7 1 1 0
1 2 0 0 1
2 10 3 0 0 1
2 16 4 0 0 1
0

0101000
+33 0 -29 0 *
Ed
 1e-7 1 1 0
1 3 0 0 1
2 14 4 0 0 1
2 20 5 0 0 1
0

0101000
+32 0 -28 0 *
Ed
 1e-7 1 1 0
1 4 0 0 1
2 18 5 0 0 1
2 24 6 0 0 1
0

0101000
+31 0 -27 0 *
Ed
 1e-7 1 1 0
1 5 0 0 3
2 4 1 0 0 3
2 9 3 0 0 3
0

0101000
+34 0 -33 0 *
Ed
 1e-7 1 1 0
1 6 0 0 3
2 5 2 0 0 3
2 11 3 0 0 3
0

0101000
+30 0 -29 0 *
Ed
 1e-7 1 1 0
1 7 0 0 1
2 3 1 0 0 1
2 13 4 0 0 1
0

0101000
+33 0 -32 0 *
Ed
 1e-7 1 1 0
1 8 0 0 1
2 6 2 0 0 1
2 15 4 0 0 1
0

0101000
+29 0 -28 0 *
Ed
 1e-7 1 1 0
1 9 0 0 3
2 2 1 0 0 3
2 17 5 0 0 3
0

0101000
+32 0 -31 0 *
Ed
 1e-7 1 1 0
1 10 0 0 3
2 7 2 0 0 3
2 19 5 0 0 3
0

0101000
+28 0 -27 0 *
Ed
 1e-7 1 1 0
1 11 0 0 2
2 1 1 0 0 2
2 21 6 0 0 2
0

0101000
+31 0 -34 0 *
Ed
 1e-7 1 1 0
1 12 0 0 2
2 8 2 0 0 2
2 23 6 0 0 2
0

0101000
+27 0 -30 0 *
Wi

0101100
-16 0 -18 0 -20 0 -22 0 *
Fa
0 1e-7 1 0

0101000
+14 0 *
Wi

0101100
+21 0 +19 0 +17 0 +15 0 *
Fa
0 1e-7 2 0

0101000
+12 0 *
Wi

0101100
+22 0 +25 0 -21 0 -26 0 *
Fa
0 1e-7 3 0

0101000
+10 0 *
Wi

0101100
+20 0 +24 0 -19 0 -25 0 *
Fa
0 1e-7 4 0

0101000
+8 0 *
Wi

0101100
+18 0 +23 0 -17 0 -24 0 *
Fa
0 1e-7 5 0

0101000
+6 0 *
Wi

0101100
+16 0 +26 0 -15 0 -23 0 *
Fa
0 1e-7 6 0

0101000
+4 0 *
Sh

0101100
+13 0 +11 0 +9 0 +7 0 +5 0 +3 0 *
So

0100100
+2 0 *

+1 0 
0
endbody
body spline_rounded_corner
DBRep_DrawableShape

CASCADE Topology V1, (c) Matra-Datavision
Locations 0
Curve2ds 30
1 0 -2 0 1
1 2.5 -2 -1 0
7 1 0 2 3 2
 3 -1.5 1
 3 -2 0.7071067811865476
 2.5 -2 1
 0 3
 1 3
1 3 0 0 -1
1 0 -0 1 0
1 0 0 1 0
1 3 0 0 1
7 1 0 2 3 2
 3 1.5 1
 3 2 0.7071067811865476
 2.5 2 1
 0 3
 1 3
1 2.5 2 -1 0
1 0 2 0 -1
1 0 0 1 0
1 3 0 0 1
1 0 1 1 0
1 0 0 0 1
1 0 0 1 0
1 1.5 0 0 1
1 0 1 1 0
1 0 0 0 1
1 0 0 1 0
1 1 0 0 1
1 0 1 1 0
1 0 0 0 1
1 0 0 1 0
1 2.5 0 0 1
1 0 1 1 0
1 0 0 0 1
1 0 0 1 0
1 2 0 0 1
1 0 1 1 0
1 0 0 0 1
Curves 15
1 0 0 -0.5 0 0 1
1 3 0 -0.5 0 0 1
1 3 1.5 -0.5 0 0 1
1 2.5 2 -0.5 0 0 1
1 0 2 -0.5 0 0 1
1 0 0 -0.5 1 0 0
1 0 0 0.5 1 0 0
1 3 0 -0.5 0 1 0
1 3 0 0.5 0 1 0
7 1 0 2 3 2
 3 1.5 -0.5 1
 3 2 -0.5 0.7071067811865476
 2.5 2 -0.5 1
 0 3
 1 3
7 1 0 2 3 2
 3 1.5 0.5 1
 3 2 0.5 0.7071067811865476
 2.5 2 0.5 1
 0 3
 1 3
1 2.5 2 -0.5 -1 0 0
1 2.5 2 0.5 -1 0 0
1 0 2 -0.5 0 -1 0
1 0 2 0.5 0 -1 0
Polygon3D 0
PolygonOnTriangulations 0
Surfaces 7
1 0 0 -0.5 0 0 -1 1 0 0 0 -1 0
1 0 0 0.5 0 0 1 1 0 0 0 1 0
1 0 0 -0.5 0 -1 0 1 0 0 -0 0 1
1 3 0 -0.5 1 -0 0 0 1 0 -0 0 1
9 1 1 0 0 2 1 3 2 2 2
 3 1.5 -0.5 1
 3 1.5 0.5 1
 3 2 -0.5 0.7071067811865476
 3 2 0.5 0.7071067811865476
 2.5 2 -0.5 1
 2.5 2 0.5 1
 0 3
 1 3
 0 2
 1 2
1 2.5 2 -0.5 0 1 0 -1 0 0 0 -0 1
1 0 2 -0.5 -1 -0 0 0 -1 0 0 0 1
Triangulations 0

TShapes 41
Ve
1e-7
0 0 -0.5
0 0

0101101
*
Ve
1e-7
3 0 -0.5
0 0

0101101
*
Ve
1e-7
3 1.5 -0.5
0 0

0101101
*
Ve
1e-7
2.5 2 -0.5
0 0

0101101
*
Ve
1e-7
0 2 -0.5
0 0

0101101
*
Ve
1e-7
0 0 0.5
0 0

0101101
*
Ve
1e-7
3 0 0.5
0 0

0101101
*
Ve
1e-7
3 1.5 0.5
0 0

0101101
*
Ve
1e-7
2.5 2 0.5
0 0

0101101
*
Ve
1e-7
0 2 0.5
0 0

0101101
*
Ed
 1e-7 1 1 0
1 1 0 0 1
2 14 3 0 0 1
2 28 7 0 0 1
0

0101000
+41 0 -36 0 *
Ed
 1e-7 1 1 0
1 2 0 0 1
2 12 3 0 0 1
2 18 4 0 0 1
0

0101000
+40 0 -35 0 *
Ed
 1e-7 1 1 0
1 3 0 0 1
2 16 4 0 0 1
2 22 5 0 0 1
0

0101000
+39 0 -34 0 *
Ed
 1e-7 1 1 0
1 4 0 0 1
2 20 5 0 0 1
2 26 6 0 0 1
0

0101000
+38 0 -33 0 *
Ed
 1e-7 1 1 0
1 5 0 0 1
2 24 6 0 0 1
2 30 7 0 0 1
0

0101000
+37 0 -32 0 *
Ed
 1e-7 1 1 0
1 6 0 0 3
2 5 1 0 0 3
2 11 3 0 0 3
0

0101000
+41 0 -40 0 *
Ed
 1e-7 1 1 0
1 7 0 0 3
2 6 2 0 0 3
2 13 3 0 0 3
0

0101000
+36 0 -35 0 *
Ed
 1e-7 1 1 0
1 8 0 0 1.5
2 4 1 0 0 1.5
2 15 4 0 0 1.5
0

0101000
+40 0 -39 0 *
Ed
 1e-7 1 1 0
1 9 0 0 1.5
2 7 2 0 0 1.5
2 17 4 0 0 1.5
0

0101000
+35 0 -34 0 *
Ed
 1e-7 1 1 0
1 10 0 0 1
2 3 1 0 0 1
2 19 5 0 0 1
0

0101000
+39 0 -38 0 *
Ed
 1e-7 1 1 0
1 11 0 0 1
2 8 2 0 0 1
2 21 5 0 0 1
0

0101000
+34 0 -33 0 *
Ed
 1e-7 1 1 0
1 12 0 0 2.5
2 2 1 0 0 2.5
2 23 6 0 0 2.5
0

0101000
+38 0 -37 0 *
Ed
 1e-7 1 1 0
1 13 0 0 2.5
2 9 2 0 0 2.5
2 25 6 0 0 2.5
0

0101000
+33 0 -32 0 *
Ed
 1e-7 1 1 0
1 14 0 0 2
2 1 1 0 0 2
2 27 7 0 0 2
0

0101000
+37 0 -41 0 *
Ed
 1e-7 1 1 0
1 15 0 0 2
2 10 2 0 0 2
2 29 7 0 0 2
0

0101000
+32 0 -36 0 *
Wi

0101100
-18 0 -20 0 -22 0 -24 0 -26 0 *
Fa
0 1e-7 1 0

0101000
+16 0 *
Wi

0101100
+25 0 +23 0 +21 0 +19 0 +17 0 *
Fa
0 1e-7 2 0

0101000
+14 0 *
Wi

0101100
+26 0 +30 0 -25 0 -31 0 *
Fa
0 1e-7 3 0

0101000
+12 0 *
Wi

0101100
+24 0 +29 0 -23 0 -30 0 *
Fa
0 1e-7 4 0

0101000
+10 0 *
Wi

0101100
+22 0 +28 0 -21 0 -29 0 *
Fa
0 1e-7 5 0

0101000
+8 0 *
Wi

0101100
+20 0 +27 0 -19 0 -28 0 *
Fa
0 1e-7 6 0

0101000
+6 0 *
Wi

0101100
+18 0 +31 0 -17 0 -27 0 *
Fa
0 1e-7 7 0

0101000
+4 0 *
Sh

0101100
+15 0 +13 0 +11 0 +9 0 +7 0 +5 0 +3 0 *
So

0100100
+2 0 *

+1 0 
0
endbody
body spline_wave_holes
DBRep_DrawableShape

CASCADE Topology V1, (c) Matra-Datavision
Locations 0
Curve2ds 42
1 0 -4 0 1
7 0 0 3 7 5
 8 -4
 7 -5
 5.5 -3.25
 4 -4.75
 2.5 -3.25
 1 -5
 0 -4
 0 4
 0.25 1
 0.5 1
 0.75 1
 1 4
1 8 0 0 -1
1 0 -0 1 0
2 2 -2 1 0 -0 1 0.625
7 0 0 2 3 2
 6 -2
 5.5 -1.25
 5 -2
 0 3
 1 3
7 0 0 2 3 2
 5 -2
 5.5 -2.75
 6 -2
 0 3
 1 3
1 0 0 1 0
1 8 0 0 1
7 0 0 3 7 5
 8 4
 7 5
 5.5 3.25
 4 4.75
 2.5 3.25
 1 5
 0 4
 0 4
 0.25 1
 0.5 1
 0.75 1
 1 4
1 0 4 0 -1
2 2 2 1 0 0 -1 0.625
7 0 0 2 3 2
 5 2
 5.5 2.75
 6 2
 0 3
 1 3
7 0 0 2 3 2
 6 2
 5.5 1.25
 5 2
 0 3
 1 3
1 0 0 1 0
1 8 0 0 1
1 0 1.5 1 0
1 0 0 0 1
1 0 0 1 0
1 4 0 0 1
1 0 1.5 1 0
1 0 0 0 1
1 0 0 1 0
1 1 0 0 1
1 0 1.5 1 0
1 0 0 0 1
1 0 0 1 0
1 4 0 0 1
1 0 1.5 1 0
1 0 0 0 1
1 6.283185307179586 1.5 -1 0
1 6.283185307179586 0 -1 0
1 0 0 1 0
1 1 0 0 1
1 0 1.5 1 0
1 0 0 0 1
1 0 0 1 0
1 1 0 0 1
1 0 1.5 1 0
1 0 0 0 1
1 6.283185307179586 0 0 1
1 0 0 0 1
Curves 21
1 2.625 2 0 0 0 1
1 0 0 0 0 0 1
1 8 0 0 0 0 1
1 8 4 0 0 0 1
1 0 4 0 0 0 1
1 0 0 0 1 0 0
1 0 0 1.5 1 0 0
1 8 0 0 0 1 0
1 8 0 1.5 0 1 0
7 0 0 3 7 5
 8 4 0
 7 5 0
 5.5 3.25 0
 4 4.75 0
 2.5 3.25 0
 1 5 0
 0 4 0
 0 4
 0.25 1
 0.5 1
 0.75 1
 1 4
7 0 0 3 7 5
 8 4 1.5
 7 5 1.5
 5.5 3.25 1.5
 4 4.75 1.5
 2.5 3.25 1.5
 1 5 1.5
 0 4 1.5
 0 4
 0.25 1
 0.5 1
 0.75 1
 1 4
1 0 4 0 0 -1 0
1 0 4 1.5 0 -1 0
2 2 2 0 -0 -0 -1 1 0 0 -0 -1 -0 0.625
2 2 2 1.5 -0 -0 -1 1 0 0 -0 -1 -0 0.625
1 5 2 0 0 0 1
1 6 2 0 0 0 1
7 0 0 2 3 2
 5 2 0
 5.5 2.75 0
 6 2 0
 0 3
 1 3
7 0 0 2 3 2
 5 2 1.5
 5.5 2.75 1.5
 6 2 1.5
 0 3
 1 3
7 0 0 2 3 2
 6 2 0
 5.5 1.25 0
 5 2 0
 0 3
 1 3
7 0 0 2 3 2
 6 2 1.5
 5.5 1.25 1.5
 5 2 1.5
 0 3
 1 3
Polygon3D 0
PolygonOnTriangulations 0
Surfaces 9
1 0 0 0 0 0 -1 1 0 0 0 -1 0
1 0 0 1.5 0 0 1 1 0 0 0 1 0
1 0 0 0 0 -1 0 1 0 0 -0 0 1
1 8 0 0 1 -0 0 0 1 0 -0 0 1
9 0 0 0 0 3 1 7 2 5 2
 8 4 0
 8 4 1.5
 7 5 0
 7 5 1.5
 5.5 3.25 0
 5.5 3.25 1.5
 4 4.75 0
 4 4.75 1.5
 2.5 3.25 0
 2.5 3.25 1.5
 1 5 0
 1 5 1.5
 0 4 0
 0 4 1.5
 0 4
 0.25 1
 0.5 1
 0.75 1
 1 4
 0 2
 1.5 2
1 0 4 0 -1 -0 0 0 -1 0 0 0 1
2 2 2 0 0 0 1 1 0 0 0 1 0 0.625
9 0 0 0 0 2 1 3 2 2 2
 5 2 0
 5 2 1.5
 5.5 2.75 0
 5.5 2.75 1.5
 6 2 0
 6 2 1.5
 0 3
 1 3
 0 2
 1.5 2
9 0 0 0 0 2 1 3 2 2 2
 6 2 0
 6 2 1.5
 5.5 1.25 0
 5.5 1.25 1.5
 5 2 0
 5 2 1.5
 0 3
 1 3
 0 2
 1.5 2
Triangulations 0

TShapes 59
Ve
1e-7
0 0 0
0 0

0101101
*
Ve
1e-7
8 0 0
0 0

0101101
*
Ve
1e-7
8 4 0
0 0

0101101
*
Ve
1e-7
0 4 0
0 0

0101101
*
Ve
1e-7
0 0 1.5
0 0

0101101
*
Ve
1e-7
8 0 1.5
0 0

0101101
*
Ve
1e-7
8 4 1.5
0 0

0101101
*
Ve
1e-7
0 4 1.5
0 0

0101101
*
Ve
1e-7
5 2 0
0 0

0101101
*
Ve
1e-7
6 2 0
0 0

0101101
*
Ve
1e-7
5 2 1.5
0 0

0101101
*
Ve
1e-7
6 2 1.5
0 0

0101101
*
Ve
1e-7
2.625 2 0
0 0

0101101
*
Ve
1e-7
2.625 2 1.5
0 0

0101101
*
Ed
 1e-7 1 1 0
1 1 0 0 1.5
3 41 42 CN 7 0 0 1.5
0

0101000
+47 0 -46 0 *
Ed
 1e-7 1 1 0
1 2 0 0 1.5
2 18 3 0 0 1.5
2 28 6 0 0 1.5
0

0101000
+59 0 -55 0 *
Ed
 1e-7 1 1 0
1 3 0 0 1.5
2 16 3 0 0 1.5
2 22 4 0 0 1.5
0

0101000
+58 0 -54 0 *
Ed
 1e-7 1 1 0
1 4 0 0 1.5
2 20 4 0 0 1.5
2 26 5 0 0 1.5
0

0101000
+57 0 -53 0 *
Ed
 1e-7 1 1 0
1 5 0 0 1.5
2 24 5 0 0 1.5
2 30 6 0 0 1.5
0

0101000
+56 0 -52 0 *
Ed
 1e-7 1 1 0
1 6 0 0 8
2 4 1 0 0 8
2 15 3 0 0 8
0

0101000
+59 0 -58 0 *
Ed
 1e-7 1 1 0
1 7 0 0 8
2 8 2 0 0 8
2 17 3 0 0 8
0

0101000
+55 0 -54 0 *
Ed
 1e-7 1 1 0
1 8 0 0 4
2 3 1 0 0 4
2 19 4 0 0 4
0

0101000
+58 0 -57 0 *
Ed
 1e-7 1 1 0
1 9 0 0 4
2 9 2 0 0 4
2 21 4 0 0 4
0

0101000
+54 0 -53 0 *
Ed
 1e-7 1 1 0
1 10 0 0 1
2 2 1 0 0 1
2 23 5 0 0 1
0

0101000
+57 0 -56 0 *
Ed
 1e-7 1 1 0
1 11 0 0 1
2 10 2 0 0 1
2 25 5 0 0 1
0

0101000
+53 0 -52 0 *
Ed
 1e-7 1 1 0
1 12 0 0 4
2 1 1 0 0 4
2 27 6 0 0 4
0

0101000
+56 0 -59 0 *
Ed
 1e-7 1 1 0
1 13 0 0 4
2 11 2 0 0 4
2 29 6 0 0 4
0

0101000
+52 0 -55 0 *
Ed
 1e-7 1 1 0
1 14 0 -0 6.283185307179586
2 5 1 0 -0 6.283185307179586
2 32 7 0 -0 6.283185307179586
0

0101000
+47 0 -47 0 *
Ed
 1e-7 1 1 0
1 15 0 -0 6.283185307179586
2 12 2 0 -0 6.283185307179586
2 31 7 0 -0 6.283185307179586
0

0101000
+46 0 -46 0 *
Ed
 1e-7 1 1 0
1 16 0 0 1.5
2 36 8 0 0 1.5
2 38 9 0 0 1.5
0

0101000
+51 0 -49 0 *
Ed
 1e-7 1 1 0
1 17 0 0 1.5
2 34 8 0 0 1.5
2 40 9 0 0 1.5
0

0101000
+50 0 -48 0 *
Ed
 1e-7 1 1 0
1 18 0 0 1
2 7 1 0 0 1
2 33 8 0 0 1
0

0101000
+51 0 -50 0 *
Ed
 1e-7 1 1 0
1 19 0 0 1
2 13 2 0 0 1
2 35 8 0 0 1
0

0101000
+49 0 -48 0 *
Ed
 1e-7 1 1 0
1 20 0 0 1
2 6 1 0 0 1
2 37 9 0 0 1
0

0101000
+50 0 -51 0 *
Ed
 1e-7 1 1 0
1 21 0 0 1
2 14 2 0 0 1
2 39 9 0 0 1
0

0101000
+48 0 -49 0 *
Wi

0101100
-34 0 -36 0 -38 0 -40 0 *
Wi

0101100
-32 0 *
Wi

0101100
-26 0 -28 0 *
Fa
0 1e-7 1 0

0101000
+24 0 +23 0 +22 0 *
Wi

0101100
+39 0 +37 0 +35 0 +33 0 *
Wi

0101100
+31 0 *
Wi

0101100
+27 0 +25 0 *
Fa
0 1e-7 2 0

0101000
+20 0 +19 0 +18 0 *
Wi

0101100
+40 0 +43 0 -39 0 -44 0 *
Fa
0 1e-7 3 0

0101000
+16 0 *
Wi

0101100
+38 0 +42 0 -37 0 -43 0 *
Fa
0 1e-7 4 0

0101000
+14 0 *
Wi

0101100
+36 0 +41 0 -35 0 -42 0 *
Fa
0 1e-7 5 0

0101000
+12 0 *
Wi

0101100
+34 0 +44 0 -33 0 -41 0 *
Fa
0 1e-7 6 0

0101000
+10 0 *
Wi

0101100
-32 0 +45 0 +31 0 -45 0 *
Fa
0 1e-7 7 0

0101000
+8 0 *
Wi

0101100
+28 0 +29 0 -27 0 -30 0 *
Fa
0 1e-7 8 0

0101000
+6 0 *
Wi

0101100
+26 0 +30 0 -25 0 -29 0 *
Fa
0 1e-7 9 0

0101000
+4 0 *
Sh

0101100
+21 0 +17 0 +15 0 +13 0 +11 0 +9 0 -7 0 +5 0 +3 0 *
So

0100100
+2 0 *

+1 0 
0
endbody
body spline_sharp_rational
DBRep_DrawableShape

CASCADE Topology V1, (c) Matra-Datavision
Locations 0
Curve2ds 18
1 0 -4 0 1
7 1 0 2 3 2
 4 -0 1
 4 -4 4
 0 -4 1
 0 3
 1 3
1 0 -0 1 0
1 0 0 1 0
7 1 0 2 3 2
 4 0 1
 4 4 4
 0 4 1
 0 3
 1 3
1 0 4 0 -1
1 0 0 1 0
1 4 0 0 1
1 0 2 1 0
1 0 0 0 1
1 0 0 1 0
1 1 0 0 1
1 0 2 1 0
1 0 0 0 1
1 0 0 1 0
1 4 0 0 1
1 0 2 1 0
1 0 0 0 1
Curves 9
1 0 0 0 0 0 1
1 4 0 0 0 0 1
1 0 4 0 0 0 1
1 0 0 0 1 0 0
1 0 0 2 1 0 0
7 1 0 2 3 2
 4 0 0 1
 4 4 0 4
 0 4 0 1
 0 3
 1 3
7 1 0 2 3 2
 4 0 2 1
 4 4 2 4
 0 4 2 1
 0 3
 1 3
1 0 4 0 0 -1 0
1 0 4 2 0 -1 0
Polygon3D 0
PolygonOnTriangulations 0
Surfaces 5
1 0 0 0 0 0 -1 1 0 0 0 -1 0
1 0 0 2 0 0 1 1 0 0 0 1 0
1 0 0 0 0 -1 0 1 0 0 -0 0 1
9 1 1 0 0 2 1 3 2 2 2
 4 0 0 1
 4 0 2 1
 4 4 0 4
 4 4 2 4
 0 4 0 1
 0 4 2 1
 0 3
 1 3
 0 2
 2 2
1 0 4 0 -1 -0 0 0 -1 0 0 0 1
Triangulations 0

TShapes 27
Ve
1e-7
0 0 0
0 0

0101101
*
Ve
1e-7
4 0 0
0 0

0101101
*
Ve
1e-7
0 4 0
0 0

0101101
*
Ve
1e-7
0 0 2
0 0

0101101
*
Ve
1e-7
4 0 2
0 0

0101101
*
Ve
1e-7
0 4 2
0 0

0101101
*
Ed
 1e-7 1 1 0
1 1 0 0 2
2 10 3 0 0 2
2 16 5 0 0 2
0

0101000
+27 0 -24 0 *
Ed
 1e-7 1 1 0
1 2 0 0 2
2 8 3 0 0 2
2 14 4 0 0 2
0

0101000
+26 0 -23 0 *
Ed
 1e-7 1 1 0
1 3 0 0 2
2 12 4 0 0 2
2 18 5 0 0 2
0

0101000
+25 0 -22 0 *
Ed
 1e-7 1 1 0
1 4 0 0 4
2 3 1 0 0 4
2 7 3 0 0 4
0

0101000
+27 0 -26 0 *
Ed
 1e-7 1 1 0
1 5 0 0 4
2 4 2 0 0 4
2 9 3 0 0 4
0

0101000
+24 0 -23 0 *
Ed
 1e-7 1 1 0
1 6 0 0 1
2 2 1 0 0 1
2 11 4 0 0 1
0

0101000
+26 0 -25 0 *
Ed
 1e-7 1 1 0
1 7 0 0 1
2 5 2 0 0 1
2 13 4 0 0 1
0

0101000
+23 0 -22 0 *
Ed
 1e-7 1 1 0
1 8 0 0 4
2 1 1 0 0 4
2 15 5 0 0 4
0

0101000
+25 0 -27 0 *
Ed
 1e-7 1 1 0
1 9 0 0 4
2 6 2 0 0 4
2 17 5 0 0 4
0

0101000
+22 0 -24 0 *
Wi

0101100
-14 0 -16 0 -18 0 *
Fa
0 1e-7 1 0

0101000
+12 0 *
Wi

0101100
+17 0 +15 0 +13 0 *
Fa
0 1e-7 2 0

0101000
+10 0 *
Wi

0101100
+18 0 +20 0 -17 0 -21 0 *
Fa
0 1e-7 3 0

0101000
+8 0 *
Wi

0101100
+16 0 +19 0 -15 0 -20 0 *
Fa
0 1e-7 4 0

0101000
+6 0 *
Wi

0101100
+14 0 +21 0 -13 0 -19 0 *
Fa
0 1e-7 5 0

0101000
+4 0 *
Sh

0101100
+11 0 +9 0 +7 0 +5 0 +3 0 *
So

0100100
+2 0 *

+1 0 
0
endbody
body spline_bulge_far
DBRep_DrawableShape

CASCADE Topology V1, (c) Matra-Datavision
Locations 0
Curve2ds 24
1 0 -2 0 1
1 3 -2 -1 0
7 0 0 3 5 3
 3 -0
 3.5 -0.25
 4 -1
 3.5 -1.75
 3 -2
 0 4
 0.5 1
 1 4
1 0 -0 1 0
1 0 0 1 0
7 0 0 3 5 3
 3 0
 3.5 0.25
 4 1
 3.5 1.75
 3 2
 0 4
 0.5 1
 1 4
1 3 2 -1 0
1 0 2 0 -1
1 0 0 1 0
1 3 0 0 1
1 0 1 1 0
1 0 0 0 1
1 0 0 1 0
1 1 0 0 1
1 0 1 1 0
1 0 0 0 1
1 0 0 1 0
1 3 0 0 1
1 0 1 1 0
1 0 0 0 1
1 0 0 1 0
1 2 0 0 1
1 0 1 1 0
1 0 0 0 1
Curves 12
1 1000 -2000 500 0 0 1
1 1003 -2000 500 0 0 1
1 1003 -1998 500 0 0 1
1 1000 -1998 500 0 0 1
1 1000 -2000 500 1 0 0
1 1000 -2000 501 1 0 0
7 0 0 3 5 3
 1003 -2000 500
 1003.5 -1999.75 500
 1004 -1999 500
 1003.5 -1998.25 500
 1003 -1998 500
 0 4
 0.5 1
 1 4
7 0 0 3 5 3
 1003 -2000 501
 1003.5 -1999.75 501
 1004 -1999 501
 1003.5 -1998.25 501
 1003 -1998 501
 0 4
 0.5 1
 1 4
1 1003 -1998 500 -1 0 0
1 1003 -1998 501 -1 0 0
1 1000 -1998 500 0 -1 0
1 1000 -1998 501 0 -1 0
Polygon3D 0
PolygonOnTriangulations 0
Surfaces 6
1 1000 -2000 500 0 0 -1 1 0 0 0 -1 0
1 1000 -2000 501 0 0 1 1 0 0 0 1 0
1 1000 -2000 500 0 -1 0 1 0 0 -0 0 1
9 0 0 0 0 3 1 5 2 3 2
 1003 -2000 500
 1003 -2000 501
 1003.5 -1999.75 500
 1003.5 -1999.75 501
 1004 -1999 500
 1004 -1999 501
 1003.5 -1998.25 500
 1003.5 -1998.25 501
 1003 -1998 500
 1003 -1998 501
 0 4
 0.5 1
 1 4
 0 2
 1 2
1 1003 -1998 500 0 1 0 -1 0 0 0 -0 1
1 1000 -1998 500 -1 0 0 0 -1 0 0 0 1
Triangulations 0

TShapes 34
Ve
1e-7
1000 -2000 500
0 0

0101101
*
Ve
1e-7
1003 -2000 500
0 0

0101101
*
Ve
1e-7
1003 -1998 500
0 0

0101101
*
Ve
1e-7
1000 -1998 500
0 0

0101101
*
Ve
1e-7
1000 -2000 501
0 0

0101101
*
Ve
1e-7
1003 -2000 501
0 0

0101101
*
Ve
1e-7
1003 -1998 501
0 0

0101101
*
Ve
1e-7
1000 -1998 501
0 0

0101101
*
Ed
 1e-7 1 1 0
1 1 0 0 1
2 12 3 0 0 1
2 22 6 0 0 1
0

0101000
+34 0 -30 0 *
Ed
 1e-7 1 1 0
1 2 0 0 1
2 10 3 0 0 1
2 16 4 0 0 1
0

0101000
+33 0 -29 0 *
Ed
 1e-7 1 1 0
1 3 0 0 1
2 14 4 0 0 1
2 20 5 0 0 1
0

0101000
+32 0 -28 0 *
Ed
 1e-7 1 1 0
1 4 0 0 1
2 18 5 0 0 1
2 24 6 0 0 1
0

0101000
+31 0 -27 0 *
Ed
 1e-7 1 1 0
1 5 0 0 3
2 4 1 0 0 3
2 9 3 0 0 3
0

0101000
+34 0 -33 0 *
Ed
 1e-7 1 1 0
1 6 0 0 3
2 5 2 0 0 3
2 11 3 0 0 3
0

0101000
+30 0 -29 0 *
Ed
 1e-7 1 1 0
1 7 0 0 1
2 3 1 0 0 1
2 13 4 0 0 1
0

0101000
+33 0 -32 0 *
Ed
 1e-7 1 1 0
1 8 0 0 1
2 6 2 0 0 1
2 15 4 0 0 1
0

0101000
+29 0 -28 0 *
Ed
 1e-7 1 1 0
1 9 0 0 3
2 2 1 0 0 3
2 17 5 0 0 3
0

0101000
+32 0 -31 0 *
Ed
 1e-7 1 1 0
1 10 0 0 3
2 7 2 0 0 3
2 19 5 0 0 3
0

0101000
+28 0 -27 0 *
Ed
 1e-7 1 1 0
1 11 0 0 2
2 1 1 0 0 2
2 21 6 0 0 2
0

0101000
+31 0 -34 0 *
Ed
 1e-7 1 1 0
1 12 0 0 2
2 8 2 0 0 2
2 23 6 0 0 2
0

0101000
+27 0 -30 0 *
Wi

0101100
-16 0 -18 0 -20 0 -22 0 *
Fa
0 1e-7 1 0

0101000
+14 0 *
Wi

0101100
+21 0 +19 0 +17 0 +15 0 *
Fa
0 1e-7 2 0

0101000
+12 0 *
Wi

0101100
+22 0 +25 0 -21 0 -26 0 *
Fa
0 1e-7 3 0

0101000
+10 0 *
Wi

0101100
+20 0 +24 0 -19 0 -25 0 *
Fa
0 1e-7 4 0

0101000
+8 0 *
Wi

0101100
+18 0 +23 0 -17 0 -24 0 *
Fa
0 1e-7 5 0

0101000
+6 0 *
Wi

0101100
+16 0 +26 0 -15 0 -23 0 *
Fa
0 1e-7 6 0

0101000
+4 0 *
Sh

0101100
+13 0 +11 0 +9 0 +7 0 +5 0 +3 0 *
So

0100100
+2 0 *

+1 0 
0
endbody
body spline_stadium_edge
DBRep_DrawableShape

CASCADE Topology V1, (c) Matra-Datavision
Locations 0
Curve2ds 24
2 0 -0 1 0 0 -1 1
1 3 -1 -1 0
2 3 -0 1 0 0 -1 1
1 0 1 1 0
1 0 -1 1 0
2 3 0 1 0 -0 1 1
1 3 1 -1 0
2 0 0 1 0 -0 1 1
1 0 0 1 0
1 3 0 0 1
1 0 1 1 0
1 0 0 0 1
1 0 0 1 0
1 1.5707963267948966 0 0 1
1 0 1 1 0
1 -1.5707963267948966 0 0 1
1 0 0 1 0
1 3 0 0 1
1 0 1 1 0
1 0 0 0 1
1 0 0 1 0
1 4.71238898038469 0 0 1
1 0 1 1 0
1 1.5707963267948966 0 0 1
Curves 12
1 0 -1 0 0 0 1
1 3 -1 0 0 0 1
7 0 0 1 2 2
 3 1 0
 3 1 1
 0 2
 1 2
1 0 1 0 0 0 1
1 0 -1 0 1 0 0
1 0 -1 1 1 0 0
2 3 0 0 0 0 1 1 0 0 0 1 0 1
2 3 0 1 0 0 1 1 0 0 0 1 0 1
1 3 1 0 -1 0 0
1 3 1 1 -1 0 0
2 0 0 0 0 0 1 1 0 0 0 1 0 1
2 0 0 1 0 0 1 1 0 0 0 1 0 1
Polygon3D 0
PolygonOnTriangulations 0
Surfaces 6
1 0 0 0 0 0 -1 1 0 0 0 -1 0
1 0 0 1 0 0 1 1 0 0 0 1 0
1 0 -1 0 0 -1 0 1 0 0 -0 0 1
2 3 0 0 0 0 1 1 0 0 0 1 0 1
1 3 1 0 0 1 0 -1 0 0 0 -0 1
2 0 0 0 0 0 1 1 0 0 0 1 0 1
Triangulations 0

TShapes 34
Ve
1e-7
0 -1 0
0 0

0101101
*
Ve
1e-7
3 -1 0
0 0

0101101
*
Ve
1e-7
3 1 0
0 0

0101101
*
Ve
1e-7
0 1 0
0 0

0101101
*
Ve
1e-7
0 -1 1
0 0

0101101
*
Ve
1e-7
3 -1 1
0 0

0101101
*
Ve
1e-7
3 1 1
0 0

0101101
*
Ve
1e-7
0 1 1
0 0

0101101
*
Ed
 1e-7 1 1 0
1 1 0 0 1
2 12 3 0 0 1
2 22 6 0 0 1
0

0101000
+34 0 -30 0 *
Ed
 1e-7 1 1 0
1 2 0 0 1
2 10 3 0 0 1
2 16 4 0 0 1
0

0101000
+33 0 -29 0 *
Ed
 1e-7 1 1 0
1 3 0 0 1
2 14 4 0 0 1
2 20 5 0 0 1
0

0101000
+32 0 -28 0 *
Ed
 1e-7 1 1 0
1 4 0 0 1
2 18 5 0 0 1
2 24 6 0 0 1
0

0101000
+31 0 -27 0 *
Ed
 1e-7 1 1 0
1 5 0 0 3
2 4 1 0 0 3
2 9 3 0 0 3
0

0101000
+34 0 -33 0 *
Ed
 1e-7 1 1 0
1 6 0 0 3
2 5 2 0 0 3
2 11 3 0 0 3
0

0101000
+30 0 -29 0 *
Ed
 1e-7 1 1 0
1 7 0 -1.5707963267948966 1.5707963267948966
2 3 1 0 -1.5707963267948966 1.5707963267948966
2 13 4 0 -1.5707963267948966 1.5707963267948966
0

0101000
+33 0 -32 0 *
Ed
 1e-7 1 1 0
1 8 0 -1.5707963267948966 1.5707963267948966
2 6 2 0 -1.5707963267948966 1.5707963267948966
2 15 4 0 -1.5707963267948966 1.5707963267948966
0

0101000
+29 0 -28 0 *
Ed
 1e-7 1 1 0
1 9 0 0 3
2 2 1 0 0 3
2 17 5 0 0 3
0

0101000
+32 0 -31 0 *
Ed
 1e-7 1 1 0
1 10 0 0 3
2 7 2 0 0 3
2 19 5 0 0 3
0

0101000
+28 0 -27 0 *
Ed
 1e-7 1 1 0
1 11 0 1.5707963267948966 4.71238898038469
2 1 1 0 1.5707963267948966 4.71238898038469
2 21 6 0 1.5707963267948966 4.71238898038469
0

0101000
+31 0 -34 0 *
Ed
 1e-7 1 1 0
1 12 0 1.5707963267948966 4.71238898038469
2 8 2 0 1.5707963267948966 4.71238898038469
2 23 6 0 1.5707963267948966 4.71238898038469
0

0101000
+27 0 -30 0 *
Wi

0101100
-16 0 -18 0 -20 0 -22 0 *
Fa
0 1e-7 1 0

0101000
+14 0 *
Wi

0101100
+21 0 +19 0 +17 0 +15 0 *
Fa
0 1e-7 2 0

0101000
+12 0 *
Wi

0101100
+22 0 +25 0 -21 0 -26 0 *
Fa
0 1e-7 3 0

0101000
+10 0 *
Wi

0101100
+20 0 +24 0 -19 0 -25 0 *
Fa
0 1e-7 4 0

0101000
+8 0 *
Wi

0101100
+18 0 +23 0 -17 0 -24 0 *
Fa
0 1e-7 5 0

0101000
+6 0 *
Wi

0101100
+16 0 +26 0 -15 0 -23 0 *
Fa
0 1e-7 6 0

0101000
+4 0 *
Sh

0101100
+13 0 +11 0 +9 0 +7 0 +5 0 +3 0 *
So

0100100
+2 0 *

+1 0 
0
endbody
body spline_stadium_pcurve
DBRep_DrawableShape

CASCADE Topology V1, (c) Matra-Datavision
Locations 0
Curve2ds 24
2 0 -0 1 0 0 -1 1
1 3 -1 -1 0
2 3 -0 1 0 0 -1 1
1 0 1 1 0
1 0 -1 1 0
2 3 0 1 0 -0 1 1
1 3 1 -1 0
2 0 0 1 0 -0 1 1
1 0 0 1 0
1 3 0 0 1
1 0 1 1 0
1 0 0 0 1
1 0 0 1 0
7 0 0 1 2 2
 1.5707963267948966 0
 1.5707963267948966 1
 0 2
 1 2
1 0 1 1 0
1 -1.5707963267948966 0 0 1
1 0 0 1 0
1 3 0 0 1
1 0 1 1 0
1 0 0 0 1
1 0 0 1 0
1 4.71238898038469 0 0 1
1 0 1 1 0
1 1.5707963267948966 0 0 1
Curves 12
1 0 -1 0 0 0 1
1 3 -1 0 0 0 1
1 3 1 0 0 0 1
1 0 1 0 0 0 1
1 0 -1 0 1 0 0
1 0 -1 1 1 0 0
2 3 0 0 0 0 1 1 0 0 0 1 0 1
2 3 0 1 0 0 1 1 0 0 0 1 0 1
1 3 1 0 -1 0 0
1 3 1 1 -1 0 0
2 0 0 0 0 0 1 1 0 0 0 1 0 1
2 0 0 1 0 0 1 1 0 0 0 1 0 1
Polygon3D 0
PolygonOnTriangulations 0
Surfaces 6
1 0 0 0 0 0 -1 1 0 0 0 -1 0
1 0 0 1 0 0 1 1 0 0 0 1 0
1 0 -1 0 0 -1 0 1 0 0 -0 0 1
2 3 0 0 0 0 1 1 0 0 0 1 0 1
1 3 1 0 0 1 0 -1 0 0 0 -0 1
2 0 0 0 0 0 1 1 0 0 0 1 0 1
Triangulations 0

TShapes 34
Ve
1e-7
0 -1 0
0 0

0101101
*
Ve
1e-7
3 -1 0
0 0

0101101
*
Ve
1e-7
3 1 0
0 0

0101101
*
Ve
1e-7
0 1 0
0 0

0101101
*
Ve
1e-7
0 -1 1
0 0

0101101
*
Ve
1e-7
3 -1 1
0 0

0101101
*
Ve
1e-7
3 1 1
0 0

0101101
*
Ve
1e-7
0 1 1
0 0

0101101
*
Ed
 1e-7 1 1 0
1 1 0 0 1
2 12 3 0 0 1
2 22 6 0 0 1
0

0101000
+34 0 -30 0 *
Ed
 1e-7 1 1 0
1 2 0 0 1
2 10 3 0 0 1
2 16 4 0 0 1
0

0101000
+33 0 -29 0 *
Ed
 1e-7 1 1 0
1 3 0 0 1
2 14 4 0 0 1
2 20 5 0 0 1
0

0101000
+32 0 -28 0 *
Ed
 1e-7 1 1 0
1 4 0 0 1
2 18 5 0 0 1
2 24 6 0 0 1
0

0101000
+31 0 -27 0 *
Ed
 1e-7 1 1 0
1 5 0 0 3
2 4 1 0 0 3
2 9 3 0 0 3
0

0101000
+34 0 -33 0 *
Ed
 1e-7 1 1 0
1 6 0 0 3
2 5 2 0 0 3
2 11 3 0 0 3
0

0101000
+30 0 -29 0 *
Ed
 1e-7 1 1 0
1 7 0 -1.5707963267948966 1.5707963267948966
2 3 1 0 -1.5707963267948966 1.5707963267948966
2 13 4 0 -1.5707963267948966 1.5707963267948966
0

0101000
+33 0 -32 0 *
Ed
 1e-7 1 1 0
1 8 0 -1.5707963267948966 1.5707963267948966
2 6 2 0 -1.5707963267948966 1.5707963267948966
2 15 4 0 -1.5707963267948966 1.5707963267948966
0

0101000
+29 0 -28 0 *
Ed
 1e-7 1 1 0
1 9 0 0 3
2 2 1 0 0 3
2 17 5 0 0 3
0

0101000
+32 0 -31 0 *
Ed
 1e-7 1 1 0
1 10 0 0 3
2 7 2 0 0 3
2 19 5 0 0 3
0

0101000
+28 0 -27 0 *
Ed
 1e-7 1 1 0
1 11 0 1.5707963267948966 4.71238898038469
2 1 1 0 1.5707963267948966 4.71238898038469
2 21 6 0 1.5707963267948966 4.71238898038469
0

0101000
+31 0 -34 0 *
Ed
 1e-7 1 1 0
1 12 0 1.5707963267948966 4.71238898038469
2 8 2 0 1.5707963267948966 4.71238898038469
2 23 6 0 1.5707963267948966 4.71238898038469
0

0101000
+27 0 -30 0 *
Wi

0101100
-16 0 -18 0 -20 0 -22 0 *
Fa
0 1e-7 1 0

0101000
+14 0 *
Wi

0101100
+21 0 +19 0 +17 0 +15 0 *
Fa
0 1e-7 2 0

0101000
+12 0 *
Wi

0101100
+22 0 +25 0 -21 0 -26 0 *
Fa
0 1e-7 3 0

0101000
+10 0 *
Wi

0101100
+20 0 +24 0 -19 0 -25 0 *
Fa
0 1e-7 4 0

0101000
+8 0 *
Wi

0101100
+18 0 +23 0 -17 0 -24 0 *
Fa
0 1e-7 5 0

0101000
+6 0 *
Wi

0101100
+16 0 +26 0 -15 0 -23 0 *
Fa
0 1e-7 6 0

0101000
+4 0 *
Sh

0101100
+13 0 +11 0 +9 0 +7 0 +5 0 +3 0 *
So

0100100
+2 0 *

+1 0 
0
endbody
body face_spline_ring
DBRep_DrawableShape

CASCADE Topology V1, (c) Matra-Datavision
Locations 0
Curve2ds 1
7 0 1 3 6 7
 3 0
 2 2.5
 -1 2.75
 -3 0.5
 -2 -2.5
 1 -2.75
 0 1
 1 1
 2 1
 3 1
 4 1
 5 1
 6 1
Curves 1
7 0 1 3 6 7
 3 0 0
 2 2.5 0
 -1 2.75 0
 -3 0.5 0
 -2 -2.5 0
 1 -2.75 0
 0 1
 1 1
 2 1
 3 1
 4 1
 5 1
 6 1
Polygon3D 0
PolygonOnTriangulations 0
Surfaces 1
1 0 0 0 0 0 1 1 0 0 0 1 0
Triangulations 0

TShapes 4
Ve
1e-7
1.6666666666666667 2.125 0
0 0

0101101
*
Ed
 1e-7 1 1 0
1 1 0 0 6
2 1 1 0 0 6
0

0101000
+4 0 -4 0 *
Wi

0101100
+3 0 *
Fa
0 1e-7 1 0

0101000
+2 0 *

+1 0 
0
endbody
body spline_dome
DBRep_DrawableShape

CASCADE Topology V1, (c) Matra-Datavision
Locations 0
Curve2ds 24
1 0 -2 0 1
1 3 -2 -1 0
1 3 0 0 -1
1 0 -0 1 0
1 0 0 1 0
1 3 0 0 1
1 3 2 -1 0
1 0 2 0 -1
1 0 0 1 0
1 3 0 0 1
1 0 1 1 0
1 0 0 0 1
1 0 0 1 0
1 2 0 0 1
1 0 1 1 0
1 0 0 0 1
1 0 0 1 0
1 3 0 0 1
1 0 1 1 0
1 0 0 0 1
1 0 0 1 0
1 2 0 0 1
1 0 1 1 0
1 0 0 0 1
Curves 12
1 0 0 0 0 0 1
1 3 0 0 0 0 1
1 3 2 0 0 0 1
1 0 2 0 0 0 1
1 0 0 0 1 0 0
1 0 0 1 1 0 0
1 3 0 0 0 1 0
1 3 0 1 0 1 0
1 3 2 0 -1 0 0
1 3 2 1 -1 0 0
1 0 2 0 0 -1 0
1 0 2 1 0 -1 0
Polygon3D 0
PolygonOnTriangulations 0
Surfaces 6
1 0 0 0 0 0 -1 1 0 0 0 -1 0
9 0 0 0 0 3 2 5 3 3 2
 0 0 1
 0 1 1
 0 2 1
 0.5 0 1
 0.5 1 1.5
 0.5 2 1
 1.5 0 1
 1.5 1 1.75
 1.5 2 1
 2.5 0 1
 2.5 1 1.375
 2.5 2 1
 3 0 1
 3 1 1
 3 2 1
 0 4
 1.5 1
 3 4
 0 3
 2 3
1 0 0 0 0 -1 0 1 0 0 -0 0 1
1 3 0 0 1 -0 0 0 1 0 -0 0 1
1 3 2 0 0 1 0 -1 0 0 0 -0 1
1 0 2 0 -1 -0 0 0 -1 0 0 0 1
Triangulations 0

TShapes 34
Ve
1e-7
0 0 0
0 0

0101101
*
Ve
1e-7
3 0 0
0 0

0101101
*
Ve
1e-7
3 2 0
0 0

0101101
*
Ve
1e-7
0 2 0
0 0

0101101
*
Ve
1e-7
0 0 1
0 0

0101101
*
Ve
1e-7
3 0 1
0 0

0101101
*
Ve
1e-7
3 2 1
0 0

0101101
*
Ve
1e-7
0 2 1
0 0

0101101
*
Ed
 1e-7 1 1 0
1 1 0 0 1
2 12 3 0 0 1
2 22 6 0 0 1
0

0101000
+34 0 -30 0 *
Ed
 1e-7 1 1 0
1 2 0 0 1
2 10 3 0 0 1
2 16 4 0 0 1
0

0101000
+33 0 -29 0 *
Ed
 1e-7 1 1 0
1 3 0 0 1
2 14 4 0 0 1
2 20 5 0 0 1
0

0101000
+32 0 -28 0 *
Ed
 1e-7 1 1 0
1 4 0 0 1
2 18 5 0 0 1
2 24 6 0 0 1
0

0101000
+31 0 -27 0 *
Ed
 1e-7 1 1 0
1 5 0 0 3
2 4 1 0 0 3
2 9 3 0 0 3
0

0101000
+34 0 -33 0 *
Ed
 1e-7 1 1 0
1 6 0 0 3
2 5 2 0 0 3
2 11 3 0 0 3
0

0101000
+30 0 -29 0 *
Ed
 1e-7 1 1 0
1 7 0 0 2
2 3 1 0 0 2
2 13 4 0 0 2
0

0101000
+33 0 -32 0 *
Ed
 1e-7 1 1 0
1 8 0 0 2
2 6 2 0 0 2
2 15 4 0 0 2
0

0101000
+29 0 -28 0 *
Ed
 1e-7 1 1 0
1 9 0 0 3
2 2 1 0 0 3
2 17 5 0 0 3
0

0101000
+32 0 -31 0 *
Ed
 1e-7 1 1 0
1 10 0 0 3
2 7 2 0 0 3
2 19 5 0 0 3
0

0101000
+28 0 -27 0 *
Ed
 1e-7 1 1 0
1 11 0 0 2
2 1 1 0 0 2
2 21 6 0 0 2
0

0101000
+31 0 -34 0 *
Ed
 1e-7 1 1 0
1 12 0 0 2
2 8 2 0 0 2
2 23 6 0 0 2
0

0101000
+27 0 -30 0 *
Wi

0101100
-16 0 -18 0 -20 0 -22 0 *
Fa
0 1e-7 1 0

0101000
+14 0 *
Wi

0101100
+21 0 +19 0 +17 0 +15 0 *
Fa
0 1e-7 2 0

0101000
+12 0 *
Wi

0101100
+22 0 +25 0 -21 0 -26 0 *
Fa
0 1e-7 3 0

0101000
+10 0 *
Wi

0101100
+20 0 +24 0 -19 0 -25 0 *
Fa
0 1e-7 4 0

0101000
+8 0 *
Wi

0101100
+18 0 +23 0 -17 0 -24 0 *
Fa
0 1e-7 5 0

0101000
+6 0 *
Wi

0101100
+16 0 +26 0 -15 0 -23 0 *
Fa
0 1e-7 6 0

0101000
+4 0 *
Sh

0101100
+13 0 +11 0 +9 0 +7 0 +5 0 +3 0 *
So

0100100
+2 0 *

+1 0 
0
endbody
body sheet_spline_hole
DBRep_DrawableShape

CASCADE Topology V1, (c) Matra-Datavision
Locations 0
Curve2ds 8
1 0 0 1 0
1 2 0 0 1
1 0 1 1 0
1 0 0 0 1
1 0.625 0 0 1
1 0 0.75 1 0
1 1.375 0 0 1
1 0 0.25 1 0
Curves 8
7 0 0 3 5 3
 0 0 0
 1 0 0.5
 2.5 0.125 0.25
 4 0 0.5
 5 0 0
 0 4
 1 1
 2 4
7 0 0 3 4 2
 5 0 0
 5.25 1.25 0.25
 4.875 2.5 0.375
 5 3.75 0.125
 0 4
 1 4
7 0 0 3 5 3
 0 3.75 0
 1 3.75 0.25
 2.5 3.875 0.5
 4 3.75 0.25
 5 3.75 0.125
 0 4
 1 1
 2 4
7 0 0 3 4 2
 0 0 0
 0.25 1.25 0.25
 -0.125 2.5 0.25
 0 3.75 0
 0 4
 1 4
7 0 0 3 5 3
 0.087890625 0.9375 0.140625
 1.087890625 0.9375 0.8828125
 2.587890625 1.0625 0.974609375
 4.087890625 0.9375 0.759765625
 5.087890625 0.9375 0.16015625
 0 4
 1 1
 2 4
7 0 0 3 4 2
 3.35693359375 0.042724609375 0.38818359375
 3.60693359375 1.292724609375 1.07855224609375
 3.23193359375 2.542724609375 1.3167724609375
 3.35693359375 3.792724609375 0.328857421875
 0 4
 1 4
7 0 0 3 5 3
 -0.017578125 2.8125 0.140625
 0.982421875 2.8125 0.7109375
 2.482421875 2.9375 1.111328125
 3.982421875 2.8125 0.763671875
 4.982421875 2.8125 0.24609375
 0 4
 1 1
 2 4
7 0 0 3 4 2
 1.64306640625 0.042724609375 0.38818359375
 1.89306640625 1.292724609375 1.25982666015625
 1.51806640625 2.542724609375 1.1893310546875
 1.64306640625 3.792724609375 0.322265625
 0 4
 1 4
Polygon3D 0
PolygonOnTriangulations 0
Surfaces 1
9 0 0 0 0 3 3 5 4 3 2
 0 0 0
 0.25 1.25 0.25
 -0.125 2.5 0.25
 0 3.75 0
 1 0 0.5
 1.25 1.25 1.25
 0.875 2.5 1
 1 3.75 0.25
 2.5 0.125 0.25
 2.75 1.375 1.5
 2.375 2.625 1.625
 2.5 3.875 0.5
 4 0 0.5
 4.25 1.25 0.875
 3.875 2.5 1.25
 4 3.75 0.25
 5 0 0
 5.25 1.25 0.25
 4.875 2.5 0.375
 5 3.75 0.125
 0 4
 1 1
 2 4
 0 4
 1 4
Triangulations 0

TShapes 19
Ve
1e-7
0 0 0
0 0

0101101
*
Ve
1e-7
5 0 0
0 0

0101101
*
Ve
1e-7
5 3.75 0.125
0 0

0101101
*
Ve
1e-7
0 3.75 0
0 0

0101101
*
Ve
1e-7
1.73095703125 0.980224609375 0.8675394058227539
0 0

0101101
*
Ve
1e-7
3.44482421875 0.980224609375 0.8090887069702148
0 0

0101101
*
Ve
1e-7
3.33935546875 2.855224609375 0.8519868850708008
0 0

0101101
*
Ve
1e-7
1.62548828125 2.855224609375 0.8209333419799805
0 0

0101101
*
Ed
 1e-7 1 1 0
1 1 0 0 2
2 1 1 0 0 2
0

0101000
+19 0 -18 0 *
Ed
 1e-7 1 1 0
1 2 0 0 1
2 2 1 0 0 1
0

0101000
+18 0 -17 0 *
Ed
 1e-7 1 1 0
1 3 0 0 2
2 3 1 0 0 2
0

0101000
+16 0 -17 0 *
Ed
 1e-7 1 1 0
1 4 0 0 1
2 4 1 0 0 1
0

0101000
+19 0 -16 0 *
Ed
 1e-7 1 1 0
1 5 0 0.625 1.375
2 8 1 0 0.625 1.375
0

0101000
+15 0 -14 0 *
Ed
 1e-7 1 1 0
1 6 0 0.25 0.75
2 7 1 0 0.25 0.75
0

0101000
+14 0 -13 0 *
Ed
 1e-7 1 1 0
1 7 0 0.625 1.375
2 6 1 0 0.625 1.375
0

0101000
+12 0 -13 0 *
Ed
 1e-7 1 1 0
1 8 0 0.25 0.75
2 5 1 0 0.25 0.75
0

0101000
+15 0 -12 0 *
Wi

0101100
+11 0 +10 0 -9 0 -8 0 *
Wi

0101100
+4 0 +5 0 -6 0 -7 0 *
Fa
0 1e-7 1 0

0101000
+3 0 +2 0 *

+1 0 
0
endbody
body sheet_rational
DBRep_DrawableShape

CASCADE Topology V1, (c) Matra-Datavision
Locations 0
Curve2ds 4
1 0 0 1 0
1 1 0 0 1
1 0 1 1 0
1 0 0 0 1
Curves 4
7 1 0 2 3 2
 0 0 0 1
 1.5 0 1 2.5
 3 0 0 1
 0 3
 1 3
7 1 0 2 3 2
 3 0 0 1
 3 1.5 0.625 0.625
 3 3 0 1
 0 3
 1 3
7 1 0 2 3 2
 0 3 0 1
 1.5 3 1 2.5
 3 3 0 1
 0 3
 1 3
7 1 0 2 3 2
 0 0 0 1
 0 1.5 0.75 0.625
 0 3 0 1
 0 3
 1 3
Polygon3D 0
PolygonOnTriangulations 0
Surfaces 1
9 1 1 0 0 2 2 3 3 2 2
 0 0 0 1
 0 1.5 0.75 0.625
 0 3 0 1
 1.5 0 1 2.5
 1.5 1.5 2 1.5
 1.5 3 1 2.5
 3 0 0 1
 3 1.5 0.625 0.625
 3 3 0 1
 0 3
 1 3
 0 3
 1 3
Triangulations 0

TShapes 10
Ve
1e-7
0 0 0
0 0

0101101
*
Ve
1e-7
3 0 0
0 0

0101101
*
Ve
1e-7
3 3 0
0 0

0101101
*
Ve
1e-7
0 3 0
0 0

0101101
*
Ed
 1e-7 1 1 0
1 1 0 0 1
2 1 1 0 0 1
0

0101000
+10 0 -9 0 *
Ed
 1e-7 1 1 0
1 2 0 0 1
2 2 1 0 0 1
0

0101000
+9 0 -8 0 *
Ed
 1e-7 1 1 0
1 3 0 0 1
2 3 1 0 0 1
0

0101000
+7 0 -8 0 *
Ed
 1e-7 1 1 0
1 4 0 0 1
2 4 1 0 0 1
0

0101000
+10 0 -7 0 *
Wi

0101100
+6 0 +5 0 -4 0 -3 0 *
Fa
0 1e-7 1 0

0101000
+2 0 *

+1 0 
0
endbody
mesh spline_bulge coarse 0.04 0.5
mesh spline_bulge fine 0.004 0.3
mesh spline_cubic_bulge coarse 0.0375 0.5
mesh spline_cubic_bulge fine 0.00375 0.3
mesh spline_rounded_corner coarse 0.03 0.5
mesh spline_rounded_corner fine 0.003 0.3
mesh spline_wave_holes coarse 0.08 0.5
mesh spline_wave_holes fine 0.008 0.3
mesh spline_sharp_rational coarse 0.04 0.5
mesh spline_sharp_rational fine 0.004 0.3
mesh spline_bulge_far coarse 0.0375 0.5
mesh spline_bulge_far fine 0.00375 0.3
mesh spline_stadium_edge coarse 0.05 0.5
mesh spline_stadium_edge fine 0.005 0.3
mesh spline_stadium_pcurve coarse 0.05 0.5
mesh spline_stadium_pcurve fine 0.005 0.3
mesh face_spline_ring coarse 0.05333333333333333 0.5
mesh face_spline_ring fine 0.005333333333333333 0.3
mesh spline_dome coarse 0.03 0.5
mesh spline_dome fine 0.003 0.3
mesh sheet_spline_hole coarse 0.05375 0.5
mesh sheet_spline_hole fine 0.005375 0.3
mesh sheet_rational coarse 0.03 0.5
mesh sheet_rational fine 0.003 0.3
