S spline_bulge coarse done 6 0 52 22 40 0 0 0 0 0 0.018557310365459934 0.040000000000000001 0.014406842638890962 0.014406842638890336 23.600079241941231 6.6543126405221242
S spline_bulge fine done 6 0 84 38 72 0 0 0 0 0 0.0023675078610829736 0.0040000000000000001 0.0019975877525778372 0.0019975877525778372 23.622727269124571 6.6640306784190315
S spline_cubic_bulge coarse done 6 0 64 28 52 0 0 0 0 0 0.014984033979722039 0.037499999999999999 0.012468987762155296 0.012468987762155513 24.705966182126446 7.0382586846980191
S spline_cubic_bulge fine done 6 0 104 48 92 0 0 0 0 0 0.0021755521325105961 0.0037499999999999999 0.0018732609922911202 0.0018732609922911202 24.727247829582524 7.0471419796327126
S spline_rounded_corner coarse done 7 0 58 24 44 0 0 0 0 0 0.0040119936169362522 0.029999999999999999 0.003794134310626356 0.0037941343106259154 21.673556837137362 5.9448370375477939
S spline_rounded_corner fine done 7 0 78 34 64 0 0 0 0 0 0.0013696667974588321 0.0030000000000000001 0.0012833722161171934 0.0012833722161162597 21.676525946633156 5.9458258854001214
S spline_wave_holes coarse done 9 0 310 148 300 0 0 0 0 0 0.035625264944365423 0.080000000000000002 0.019891336205429013 0.019891336205429013 110.11931417662949 47.583881795901156
S spline_wave_holes fine done 9 0 522 254 512 0 0 0 0 0 0.0078333923135887832 0.0080000000000000002 0.0035879981005434995 0.0035879981005430836 110.13445726281756 47.575036854945196
S spline_sharp_rational coarse done 5 0 75 45 86 0 0 0 0 0 0.26553003104393658 0.040000000000000001 0.022499875448995208 0.016022235709999166 61.357730056236122 30.729212173985108
S spline_sharp_rational fine done 5 0 415 359 714 0 0 0 0 0 0.050727910567340329 0.0040000000000000001 0.0038710074765192087 0.0019777905879594902 61.473725101574978 30.78676906769747
S spline_bulge_far coarse done 6 0 64 28 52 0 0 0 0 0 0.014984033979699121 0.037499999999999999 0.012468987762443907 0.012468987762191203 24.705966182126257 7.038258829498659
S spline_bulge_far fine done 6 0 104 48 92 0 0 0 0 0 0.0021755521324170321 0.0037499999999999999 0.0018732609922966141 0.0018732609922966141 24.72724782958241 7.0471420889256251
S spline_stadium_edge coarse done 6 0 120 56 108 0 0 0 0 0 0.0072911259019462224 0.050000000000000003 0.0072911259019465017 0.0072911259019462493 30.490114644753326 9.111103635738246
S spline_stadium_edge fine done 6 0 200 96 188 0 0 0 0 0 0.0023312308094612451 0.0050000000000000001 0.002331230809461017 0.0023312308094610712 30.541967887977165 9.1318329292136688
S spline_stadium_pcurve coarse done 6 0 120 56 108 0 0 0 0 0 0.0072911259019462224 0.050000000000000003 0.0072911259019465017 0.0072911259019462493 30.490114644753326 9.111103635738246
S spline_stadium_pcurve fine done 6 0 200 96 188 0 0 0 0 0 0.0023312308094612451 0.0050000000000000001 0.002331230809461017 0.0023312308094610712 30.541967887977165 9.1318329292136688
S face_spline_ring coarse done 1 0 32 32 30 0 32 0 0 0 8.8817841970012523e-16 0.05333333333333333 0 0.017471744404466385 19.928866581185801 0
S face_spline_ring fine done 1 0 73 73 71 0 73 0 0 0 8.0059320849734419e-16 0.0053333333333333332 0 0.002663089087290385 20.041344662193353 0
S spline_dome coarse done 6 0 42 26 48 0 0 0 0 0 0.028292181069958788 0.029999999999999999 0.029858738919296187 0 22.285032822565938 6.8033000728242072
S spline_dome fine done 6 0 405 389 774 0 0 0 0 0 0.0037747829576344483 0.0030000000000000001 0.0038514015941213801 0 22.277938352713967 6.8071185435696755
S sheet_spline_hole coarse done 1 0 62 62 95 0 29 0 0 0 0.060081500279760905 0.053749999999999999 0.052896813432729367 0.026090107088789338 17.458234288274255 7.6109182022984552
S sheet_spline_hole fine done 1 0 511 511 941 0 81 0 0 0 0.007519208907310687 0.0053749999999999996 0.0063019427691024107 0.0026733179273500467 17.465738381330826 7.7560409722307888
S sheet_rational coarse done 1 0 98 98 170 0 24 0 0 0 0.086631541429162018 0.029999999999999999 0.023952375045815606 0.014914870653256668 10.509970771261141 4.016479230294359
S sheet_rational fine done 1 0 919 919 1770 0 66 0 0 0 0.014891502942964952 0.0030000000000000001 0.0029780353918105952 0.0014989379936411009 10.501280728109787 4.0423799983079833
