tetra_box_fuse done 1 1 0
S 200.35449960861598 274.64326781583543 7.1928373097746059 2.3197930797739699 2.0902565627675553 10 24 16 10 24 16 1
tetra_box_cut done 1 1 0
S 53.354499608616052 106.65050370321957 3.59139943906683 4.5784513674680953 0.96134924070464201 7 15 10 7 15 10 1
tetra_box_common done 1 1 0
S 2.645500391383997 14.045168357527855 5.6697415625200733 4.4748506640750465 1.7795092105875898 5 9 6 5 9 6 1
box_tetra_fuse done 1 1 0
S 200.35449960861598 274.64326781583543 7.192837309774605 2.3197930797739708 2.0902565627675544 10 24 16 10 24 16 1
box_tetra_cut done 1 1 0
S 144.35449960861598 182.03793247014372 8.5518684892010395 1.4454816537242892 2.5132040128333162 8 18 12 8 18 12 1
box_tetra_common done 1 1 0
S 2.6455003913839965 14.045168357527855 5.6697415625200733 4.4748506640750465 1.7795092105875896 5 9 6 5 9 6 1
octa_slab_fuse done 1 1 0
S 607.0099206349206 1231.4016234074311 5 3.2451713283627441 4.0257654453752947 20 42 26 20 42 26 1
octa_slab_cut done 2 1 0
S 8.6835317460317452 36.030305390389707 4.9999999999999991 3.8397705820589398 2.2372354988493739 7 13 8 7 13 8 1
S 58.326388888888879 90.680841826564631 4.9999999999999991 5.4265046535342316 4.5305814923302332 9 17 10 9 17 10 1
octa_slab_common done 1 1 0
S 18.323412698412707 55.44962827697767 4.9999999999999991 4.1922035733622076 3.1464537087168383 8 18 12 8 18 12 1
pyramid_box_fuse done 1 1 0
S 241.0625 280.11204390294859 4.9999999999999991 6.2077818468585271 3.659471235560166 13 32 21 13 32 21 1
pyramid_box_cut done 1 1 0
S 97.062500000000014 173.32037723628187 5 4.2906726228804466 1.6706893467840036 11 26 17 11 26 17 1
pyramid_box_common done 1 1 0
S 30.9375 67.265596911899081 5 5.5704755892255893 4.2743827160493844 8 18 12 8 18 12 1
truncated_box_fuse done 1 1 0
S 154.31413485984677 225.54259316272453 2.8976729051472057 4.4727609858203898 4.0000000000000009 12 30 20 12 30 20 1
truncated_box_cut done 1 1 0
S 106.31413485984679 172.13711346932857 3.9802034604565817 4.0089706088811132 4.0000000000000009 10 24 16 10 24 16 1
truncated_box_common done 1 1 0
S 5.6858651401532283 20.990637448411242 1.9042824906900537 4.2394799636678906 4 6 12 8 6 12 8 1
wedge_slab_fuse done 1 1 0
S 929.42336652690449 1364.6187324077159 4.9634008705835928 1.028746300819857 2.9523026943384147 12 27 18 12 27 18 1
wedge_slab_cut done 1 1 0
S 119.42336652690426 155.58780997585004 4.7151638991311868 4.9541464741475369 3.6461801558772953 7 15 10 7 15 10 1
wedge_slab_common done 1 1 0
S 3.2433001397624062 19.829611450369899 3.2182389937106923 3.083333333333333 1.40625 4 6 4 4 6 4 1
notched_rod_fuse done 1 1 0
S 518.73041060606056 544.95596969696953 5.6707115538070223 4.9648128587832225 1.9913995678449712 22 60 40 22 60 40 1
notched_rod_cut done 1 1 0
S 342.73041060606062 410.04142424242423 4.4745680140346735 4.9467434471917571 1.9869830468347438 14 48 32 14 48 32 1
notched_rod_common done 1 1 0
S 51.75025606060607 99.08403030303036 7.9986729942691852 4.9953740688428594 1.9996356997703895 11 27 18 11 27 18 1
ell_slab_fuse done 1 1 0
S 933.5608891324556 1338.4961339178931 4.8479976898173041 0.96649277421688207 2.8139189991906584 21 51 34 21 51 34 1
ell_slab_cut done 2 1 0
S 20.25 60.75 3 1.0000000000000002 0.75 5 9 6 5 9 6 1
S 103.31088913245537 158.74613391789291 4.018463467928016 5.0094414827315896 2.9355784794602373 12 30 20 12 30 20 1
ell_slab_common done 1 1 0
S 42.750000000000014 95.250000000000014 3.0000000000000004 2.3859649122807016 1.4342105263157894 7 15 10 7 15 10 1
tetra_octa_fuse done 1 1 0
S 129.36817357306219 182.02545162597144 4.502321449573385 4.8525655142550761 2.8382010681195911 12 25 15 12 25 15 1
tetra_octa_cut done 1 1 0
S 44.034840239728879 98.352025653082492 3.5378903444483889 4.5668581959496679 0.58679797500660869 8 17 11 8 17 11 1
tetra_octa_common done 1 1 0
S 11.965159760271177 35.514236231800048 4.2478486207986856 4.5982110496661326 2.5206888601464073 7 14 9 7 14 9 1
steps_fuse done 1 1 0
S 271.33333333333343 322.68879628194298 108.00000000000001 -36 7.2678132678132696 10 20 12 10 20 12 1
steps_cut done 1 1 0
S 210.66666666666683 310.38699100999077 107.99999999999999 -36 6.9303797468354436 6 12 8 6 12 8 1
steps_common done 0 1 0
pedestal_box_fuse done 1 1 0
S 19792.557324443911 4487.6949846634852 -1.3911554348362463 1.4243452226594167 -11.076137303120325 10 20 12 10 20 12 1
pedestal_box_cut done 1 1 0
S 15720.250766242894 3806.6232190500332 -1.391155434836246 1.4243452226594193 -15.5 6 12 8 6 12 8 1
pedestal_box_common done 0 1 0
draft_ridge_fuse done 1 1 0
S 805.24999999999977 531.75331171824996 4.9157611507813312 6.2736727724309214 3.4305598675359623 17 38 23 12 29 19 1
draft_ridge_cut done 1 1 0
S 334.99999999999994 319.56954553417643 1.9900497512437809 6.3656716417910433 3.5950248756218901 11 26 17 10 24 16 1
draft_ridge_common done 0 1 0
chain_vanes_fuse done 1 1 0
S 508.16666666666669 401.88854381999835 4.9999999999999991 5 2.5435388652017052 11 24 16 11 24 16 1
chain_vanes_cut done 1 1 0
S 451 434.59644256269411 4.9999999999999991 4.9999999999999991 2.3647450110864736 11 24 16 11 24 16 1
chain_vanes_common done 1 1 0
S 49 84.596442562694065 5 5 3.7448979591836733 6 12 8 6 12 8 1
chain_notched_fuse done 1 1 0
S 1067.1473333333333 1472.2899999999997 4.8819638853366705 1.7322569052043144 2.656487094981991 22 57 38 22 57 38 1
chain_notched_cut done 2 1 0
S 33.75 96.75 5 1.0000000000000002 0.75000000000000022 5 9 6 5 9 6 1
S 223.39733333333334 332.37333333333333 4.4361529606441117 6.4921246614568799 2.242867504138117 13 36 24 13 36 24 1
chain_notched_common done 1 1 0
S 71.333333333333343 150.75 4.7976051401869153 1.9603452751817239 1.768010124610591 10 24 16 10 24 16 1
pyramid_flush_fuse done 1 1 0
S 416.00000000000011 435.37764081484767 5 3.2153846153846155 3.3384615384615386 10 20 13 10 20 13 1
pyramid_flush_cut done 1 1 0
S 128 179.37764081484767 5 4.6000000000000005 2.3000000000000007 5 8 5 5 8 5 1
pyramid_flush_common done 0 1 0
hollow_slab_fuse done 1 1 0
S 1666.3124999999998 1754.0625 5 2.9227898428416044 4.1155761224260168 22 48 32 22 48 32 1
hollow_slab_cut done 2 1 0
S 33.75 96.75 5 1.0000000000000002 0.75000000000000022 5 9 6 5 9 6 1
S 822.5625 645.81249999999989 5 5.4367069371628274 5.4999145201732391 13 27 18 13 27 18 1
hollow_slab_common done 1 1 0
S 79.687500000000028 165.9375 4.9999999999999982 2.1862745098039214 1.6397058823529409 6 12 8 6 12 8 1
