ck_cross done 4 0
L closed 0 1
p -0.7039471192587472 0.7102523870338705 -2.2204460492503131e-16
p -0.76556281334470633 0.64336115606422428 -0.25265269273684282
p -0.87449503495254333 0.48503446436726683 -0.44389438415576077
p -0.96460170616661856 0.26371112498705845 -0.57173500422751233
p -0.99999995911779116 -0.00028589323712298667 -0.6186724457740268
p -0.96445929162422761 -0.26423149682948371 -0.57154323146969355
p -0.87427157921085763 -0.48543712622348406 -0.44355648293405492
p -0.76535159498772432 -0.643612409813904 -0.25219110102268094
p -0.70394715669412311 -0.71025234992104014 0.00019042968256741263
p -0.76549343065660447 -0.64344370826931874 0.25250113662505497
p -0.87442040127713661 -0.48516900106516964 0.44378154087282073
p -0.96455394452592969 -0.26388576514879453 0.57167069211542276
p -0.99999999571042908 9.2515752973977648e-05 0.61867249360517562
p -0.96450773212999741 0.2640546227858131 0.57160846342454885
p -0.87434819342959436 0.48529911847735752 0.44367235112453862
p -0.76542476236250512 0.64352539248527607 0.25235107353094671
p -0.7039471192587472 0.7102523870338705 -2.2204460492503131e-16
L open 0 1
p 1 -2.2204460492503131e-16 -1.2373449984384928
p 0.97015566078414395 -0.24248298297854934 -1.2039367511200161
p 0.88932068383830698 -0.45728405737765798 -1.1128161738811744
p 0.77454040780829247 -0.63252442618516169 -0.98143144787143521
p 0.64046332643425397 -0.76798875535615041 -0.82362364272593869
p 0.49797785018483998 -0.86718974720130737 -0.64716078462958027
p 0.35755185817828072 -0.93389328740899469 -0.45448791545427741
p 0.23674236647644159 -0.97157246583238233 -0.24193376468625399
p 0.17995846927907183 -0.98367422418677375 -0.0020809527402501221
p 0.23513089223949535 -0.97196371832698569 0.2382720354558126
p 0.35567905676265704 -0.93460815946749509 0.45168624916435962
p 0.49631653778195273 -0.86814163069127204 0.64502199332133703
p 0.63916620563926874 -0.76906863293129724 0.82206600943160324
p 0.77366062801468505 -0.63360020994752941 0.98041326180383215
p 0.88885402984916395 -0.45819046444488593 1.1122871575626792
p 0.97002109448565188 -0.24302073922397302 1.2037858516380011
p 1 -2.2204460492503131e-16 1.2373449984384928
L open 0 1
p 1 -2.4492935982947064e-16 1.2373449984384928
p 0.99235382040815334 0.12342570559659291 1.2287966098226593
p 0.97007562424894866 0.24280297893834799 1.2038470003250836
p 0.93489405152212757 0.35492689516695541 1.1643091507438696
p 0.889043124339567 0.45782344964471 1.1125015265791638
p 0.8347546282153846 0.55062211439797681 1.0506919692208927
p 0.774017059385124 0.63316473787238292 0.98082578969933731
p 0.70851328502929367 0.70569747377073777 0.90443766999273723
p 0.63966747490909248 0.76865175578156653 0.82266804797863846
p 0.56873846383385873 0.82251841558190708 0.73630659131940523
p 0.49693779667117499 0.86778615354181732 0.64582212581634035
p 0.42559184507170345 0.90491523480179703 0.55136840579565283
p 0.35638275792218804 0.93434005219185323 0.45274000660886804
p 0.29174752632709028 0.9564953694968551 0.34923292870888861
p 0.23574193100364668 0.97181569655943012 0.23966567151575474
p 0.19526942678930878 0.98074963650404523 0.12284030001387469
p 0.17995396398778141 0.98367503315123517 -2.4093089614996533e-16
L open 0 1
p 1 -2.4492935982947064e-16 -1.2373449984384928
p 0.99235382040815867 0.12342570559654184 -1.2287966098226655
p 0.97007562424897176 0.24280297893825348 -1.2038470003251109
p 0.93489405152217508 0.35492689516683057 -1.1643091507439238
p 0.88904312433963595 0.4578234496445765 -1.1125015265792415
p 0.8347546282154763 0.55062211439783781 -1.0506919692209977
p 0.77401705938523946 0.63316473787224248 -0.98082578969947132
p 0.70851328502939526 0.70569747377063563 -0.90443766999285635
p 0.63966747490916798 0.76865175578150324 -0.82266804797872917
p 0.56873846383392213 0.82251841558186456 -0.73630659131948228
p 0.49693779667123011 0.86778615354178512 -0.64582212581641263
p 0.42559184507174141 0.90491523480177727 -0.55136840579570179
p 0.35638275792219815 0.93434005219185035 -0.45274000660888475
p 0.29174752632706974 0.95649536949685909 -0.34923292870885264
p 0.23574193100357449 0.97181569655944811 -0.23966567151559043
p 0.19526942678927245 0.98074963650405567 -0.12284030001373099
p 0.17995396398778141 0.98367503315123517 -2.2204460492503131e-16
ck_parallel done 3 0
L open 0 1
p 1.5 -2.4492935982947064e-16 -3.5478336300586655
p 1.4685209852080925 0.24893192021391095 -3.5229279207823705
p 1.3802792861574644 0.4744558751128195 -3.4521547792065195
p 1.2496197439525942 0.66186872497690086 -3.344611633464365
p 1.0918004163016553 0.80608453272745861 -3.2099130734682908
p 0.9191906171648232 0.90789826738169521 -3.0558002305093894
p 0.74078228566314841 0.97057914392401812 -2.8878797030288834
p 0.56292038385597654 0.9980185533156819 -2.7101366178299924
p 0.39012713400430032 0.9939456518779064 -2.525507286264566
p 0.2255636969939846 0.96160526345666197 -2.3361450535669266
p 0.071655090402688637 0.90361536034177747 -2.1439603928813602
p -0.06973873912598684 0.82182587613621783 -1.9507870181419431
p -0.19699945991778883 0.71707166181556814 -1.7588741421683054
p -0.30845345316242428 0.58856008745564692 -1.5716659273829339
p -0.40165638255523828 0.43245320376820878 -1.3959694552688613
p -0.47097669023205535 0.23917415884616214 -1.2493733163130392
p -0.50000000000000011 1.2246467991473535e-16 -1.1826112100195552
L open 0 1
p -0.5 2.2204460492503131e-16 -1.1826112100195552
p -0.47092539796571176 -0.23938231124558412 -1.249488174189227
p -0.40158127168955315 -0.43260976025250014 -1.3961199488295513
p -0.30836629539265625 -0.58867984499217108 -1.5718210085876669
p -0.1969064737823778 -0.7171620171868246 -1.7590220150281131
p -0.069643358608826644 -0.82189198326914015 -1.9509237767032186
p 0.071758305648133069 -0.90366424293967873 -2.1440950675545629
p 0.22568908646213146 -0.96164106286216366 -2.336295165801658
p 0.39026441376250787 -0.99396081201313335 -2.5256593394394433
p 0.56309474653313407 -0.99800752809635696 -2.7103165446166684
p 0.74093997196705119 -0.97054001139552548 -2.8880324305733986
p 0.91932107072251923 -0.9078380227746411 -3.055919638617937
p 1.0918997673254205 -0.80601158227024727 -3.2099996461363385
p 1.2496858886252187 -0.66179380267656018 -3.3446669507728033
p 1.3803138208732324 -0.47439179566671802 -3.4521827611509903
p 1.4685308754105055 -0.24889343786987889 -3.5229357734318945
p 1.5 -2.2204460492503131e-16 -3.5478336300586655
L closed 0 1
p 1.5 -3.3306690738754696e-16 3.5478336300586655
p 1.3802785845893772 0.47445717676148641 3.4521542107547925
p 1.0917983266794633 0.80608606685296436 3.2099112525554863
p 0.74077892519017918 0.97057997758755288 2.8878764481447767
p 0.39012290071633882 0.99394518391401665 2.5255025976598087
p 0.07165046240451084 0.90361316649749546 2.1439543549106759
p -0.19700395247548022 0.71706729498933164 1.7588669976360478
p -0.40166000582470646 0.43244564924159529 1.3959621952152945
p -0.49999999905115677 4.3561495663088907e-05 1.1826112122636501
p -0.40168542408725844 -0.4323926345611287 1.3959112630020327
p -0.19703564458266554 -0.71703647260281134 1.7588165997928178
p 0.071625055793205147 -0.90360108496901104 2.1439212255874192
p 0.3901424135374349 -0.99394733478432928 2.5255242222070815
p 0.74084325660362038 -0.9705640162988971 2.8879387575867508
p 1.0918399609797396 -0.80605549713916658 3.2099475300289897
p 1.3802939962275962 -0.47442858175438329 3.4521666981536154
p 1.5 -3.3306690738754696e-16 3.5478336300586655
ck_skew done 0 0
ck_miss done 0 0
ck_rings done 4 0
L open 0 1
p 12.851034945877954 0.5 5
p 12.942341211696377 0.49874149311772498 5.0354524982912157
p 13.03359525999069 0.49495513246812245 5.0708480029864207
p 13.124739005054558 0.48859903441771613 5.1061649563168086
p 13.215701698948612 0.47959620411631554 5.1413769574570862
p 13.306399371410642 0.46782958333497315 5.1764525653704769
p 13.396733702951948 0.45313257527593864 5.211354882454267
p 13.486562644190801 0.43528050721418843 5.2460302365028761
p 13.57570823364909 0.41396802194014742 5.2804112611527891
p 13.663987806128029 0.38876011845369679 5.3144289637228495
p 13.751057092789068 0.35906708211154259 5.3479523325281644
p 13.836375551458818 0.32405281466162239 5.3807752341655934
p 13.919011620754878 0.2825053007958247 5.4125418270835368
p 13.997409631596522 0.2324958584441657 5.442657519376489
p 14.068240618009543 0.17100385501742679 5.4698485739237555
p 14.123723859256664 0.093729612682437069 5.4911361929011759
p 14.146833921694752 0 5.5
L open 0 1
p 14.14683392169475 5.5511151231257827e-17 5.5
p 14.06883409824367 -0.17037676411144237 5.4700763321953776
p 13.920366378487994 -0.28174361802356856 5.4130624200390711
p 13.753278843342491 -0.35823655965310292 5.3488073916458667
p 13.578883064136777 -0.41313635457824549 5.2816351541404076
p 13.400836135014453 -0.45239022073407509 5.212939167658468
p 13.220794834668904 -0.47901095209486566 5.1433475183308763
p 13.039669757999739 -0.49461231377107395 5.0732028901021966
p 12.858076603784443 -0.4999925139559343 5.0027354710665675
p 12.676525489011176 -0.49537305536263349 4.9321357172414118
p 12.495507902152662 -0.48046029679802144 4.8615880134769753
p 12.315654699611766 -0.45437637849872942 4.7913325452813211
p 12.137990671857139 -0.41543447302303371 4.7217659371986658
p 11.964105496386091 -0.36047899120497962 4.6535106193455045
p 11.797925505793405 -0.28346371857695962 4.5881161295923079
p 11.651031003810926 -0.17105758459014569 4.5301709855273433
p 11.574682299568435 -2.8310687127941492e-15 4.5
L open 0 1
p 11.574682299568433 -2.7563837690364271e-15 4.5
p 11.59676988907283 0.093037855414393883 4.5087322973563726
p 11.650442739792579 0.17041815444434746 4.5299386622307747
p 11.719626189324156 0.23231267826879962 4.5572463048321232
p 11.796573718753077 0.28268827143171044 4.5875835013052368
p 11.877882059342967 0.32449414359213552 4.6196008000977642
p 11.961900928328532 0.35964415557348828 4.6526441517285626
p 12.047723797296012 0.38939265704749038 4.6863547240333752
p 12.134823520033732 0.41460018441426072 4.7205242471762654
p 12.222853904498782 0.43587040737078847 4.7550163688502378
p 12.311571241966847 0.45363955972243647 4.7897355034921709
p 12.40080323536063 0.46823059542570644 4.8246144302907616
p 12.490426153289661 0.4798847088685726 4.8596051954502437
p 12.580338043597591 0.4887793959686042 4.8946685491277142
p 12.670456192959353 0.49504354756954205 4.9297728974301753
p 12.760709426901004 0.49876590604761689 4.9648912579475173
p 12.851034945877952 0.5 5
L closed 0 1
p -12.851034945877954 0.5 5
p -13.214052823516047 0.4797838093347444 5.1407389761120941
p -13.572485875386416 0.41480677957819162 5.2791690076763436
p -13.91460450702311 0.28496264821854217 5.4108482611267661
p -14.146700212106223 0.0071605978310445798 5.4999487210199369
p -13.926311873524837 -0.27836465635911228 5.4153470217142372
p -13.585425391481602 -0.41140582615277083 5.2841570938886662
p -13.22750099942415 -0.47822686508608303 5.145942006534364
p -12.864829880641413 -0.49997128247443412 5.005358704818069
p -12.502231248297836 -0.48120823339479174 4.8642111592332506
p -12.14456520134341 -0.41714912390067266 4.72434332200916
p -11.803905969584109 -0.28685737560295083 4.5904724058121156
p -11.574817107347174 -0.0073008382238378628 4.5000533056671896
p -11.792091390818475 0.28009411439671811 4.5858173042595824
p -12.131525989563258 0.41372574517773697 4.7192313831149555
p -12.488736368110596 0.47969131556426653 4.8589458395094249
p -12.851034945877954 0.5 5
ck_tilted done 2 0
L open 0 1
p 1.75 1.7825833816799517 2.7101111755732692
p 1.7457746499860365 1.7532056519414374 2.8034400187595852
p 1.7350152074904093 1.7382788160003833 2.8996604380335591
p 1.7204866536807133 1.7370096252786098 2.9965532089070743
p 1.7046711734150313 1.7484561651286661 3.0925831997192077
p 1.6897369062493379 1.7717513576505206 3.1865944748330981
p 1.6775369469709136 1.806133972464135 3.2775563818967743
p 1.6695528106309896 1.8508816060717346 3.3643974410821
p 1.6667706574654682 1.9053089292030962 3.4460623866962674
p 1.6695567540298037 1.9684734199765139 3.5211735047822832
p 1.6775443309008029 2.0393167117048634 3.5884407750900373
p 1.6897468149498975 2.1170175318957871 3.6469106974750987
p 1.7046782362465889 2.2007266903713671 3.6955783032951759
p 1.7204906438019631 2.2896950866294299 3.7334441079965943
p 1.7350146093101475 2.3830396065294344 3.7593465049816848
p 1.7457739062109501 2.4795860591639229 3.7719588565566946
p 1.75 2.5774166183200475 3.7698888244267308
L open 0 1
p 1.75 2.5774166183200475 3.7698888244267308
p 1.6937589898657972 2.8546052202087258 3.6645512298859533
p 1.5289238959117413 3.0136487884445282 3.4653107870793254
p 1.3046786125061043 3.0525795597496641 3.2612303749032847
p 1.0495522662286967 3.0087791115096874 3.0977700495417091
p 0.76823277051881111 2.9142959640315227 3.0302430708965424
p 0.50387503179195237 2.7946170928120684 3.1220578882480465
p 0.32303273336840571 2.5827533547735029 3.2389645432837377
p 0.26880839725118999 2.3143398259486507 3.1409369478513285
p 0.32200306636011927 2.2926913566739517 2.8558287898743244
p 0.50219927346767235 2.4640329987997251 2.6837501301339559
p 0.76649274024307879 2.5867044808702029 2.5944006431949993
p 1.0482546362408012 2.54909714518582 2.4847194409599469
p 1.30380253164403 2.4045924853798764 2.3965995864930574
p 1.5284349410695386 2.1976776919567089 2.3765394496631163
p 1.693617876970182 1.9615944188248446 2.4732979659695382
p 1.75 1.7825833816799517 2.7101111755732692
ck_two_loops done 2 0
L closed 0 1
p 1.2683796562144851 -7.7715611723760958e-16 3
p 1.1360298911777305 0.45213297923989371 2.8919505418285243
p 0.8318615731747574 0.75450482036022204 2.6562945018299864
p 0.44260344848796596 0.91485876271373312 2.4037740167672212
p -0.023807066945856593 0.96149074845892346 2.2748366490496306
p -0.47749292986981529 0.90623386185359089 2.4227767619856997
p -0.85506770799892184 0.73923656315627861 2.6734458103617644
p -1.1478291770519853 0.43282897608916182 2.9014760498185814
p -1.2682132441838829 -0.016575902260882416 2.9998626078774979
p -1.1317999408094745 -0.45879661083947587 2.8885413151214241
p -0.83151058817136492 -0.75472925150130865 2.6560364130366412
p -0.44917539054925504 -0.91330280796139041 2.407281222180365
p 0.0082958049944486818 -0.96159527408751633 2.2744713380152182
p 0.46341898413540594 -0.90982195419064005 2.4149988263853959
p 0.84333626478489732 -0.74706206961542898 2.6647542780542017
p 1.13990978128403 -0.44590510802539279 2.8950802381847573
p 1.2683796562144851 -3.3306690738754696e-16 2.9999999999999996
L closed 0 1
p 0.42279321873816184 -1.1102230246251565e-16 1
p 0.39225378959312174 -0.17438786074474424 1.015322961933673
p 0.30539166846668836 -0.32461449411493426 1.0541535945557201
p 0.17060805643525542 -0.43174126785636563 1.0980024972878812
p -4.477821281108059e-05 -0.47310245354768149 1.1189926192830639
p -0.17075087551094559 -0.43166909778116835 1.0979679559183666
p -0.30547962996932171 -0.3245111234719667 1.0541181239994382
p -0.39229306008058112 -0.17427953062713927 1.015303782808497
p -0.42279321029366912 9.3157013497471454e-05 1.0000000043436867
p -0.3922303763944347 0.17445241152746924 1.0153343963626777
p -0.30536280568087165 0.32464840046722843 1.054165231855795
p -0.17058842008777642 0.43175118301129578 1.0980072425834535
p 4.6639921986506129e-05 0.47310247961724577 1.1189925972050254
p 0.17066977480896695 0.43171008771100533 1.0979875728871904
p 0.30542128284545422 0.32457969898269085 1.0541416535294243
p 0.39226174176220135 0.17436593077684839 1.0153190785362034
p 0.42279321873816184 -1.1102230246251565e-16 1
ks_apex_inside done 3 0
L closed 0 1
p 1.2793812433657084 -2.2204460492503131e-16 2.34189165737014
p 1.1907933286625261 0.440954454980862 2.3243803724144367
p 0.94046517317017653 0.81169084281513593 2.2740204068319425
p 0.57024694461290648 1.0560931464771905 2.1969774990617679
p 0.13801034604897378 1.1403683383774426 2.1026613998021437
p -0.29278652169865682 1.0544587564595256 2.0031986728038556
p -0.66028580703048567 0.81023712919511437 1.913241902667461
p -0.90908269587402124 0.44059747592917597 1.8492071089362545
p -0.99743023641578887 -1.7494027648723442e-06 1.8257838010266585
p -0.90908135358288045 -0.44060068766163896 1.8492074619671302
p -0.66028336251959152 -0.81023955539708992 1.9132425186469135
p -0.29278336292312995 -1.0544600597358804 2.003199424518467
p 0.13801376009032856 -1.1403683463959355 2.1026621652157513
p 0.57025012317358392 -1.056091849582689 2.1969781745871084
p 0.94046763608835082 -0.81168840895422101 2.2740209089162478
p 1.1907944754923174 -0.44095171755561774 2.3243806001261857
p 1.2793812433657084 -2.2204460492503131e-16 2.34189165737014
L open 0 1
p -0.62879690389583032 1.1102230246251565e-16 -1.151005012032122
p -0.61463607231856976 -0.14159056539914128 -1.1545508572676166
p -0.57285186371285657 -0.27726560375866138 -1.1649662655975219
p -0.50544644596622934 -0.40152720220746702 -1.1816222420616984
p -0.41546921156738797 -0.50962616890262225 -1.2035836566539742
p -0.30672249557329911 -0.59769638583305418 -1.2297276787811602
p -0.18350084361834856 -0.66277892131450522 -1.2588492540634113
p -0.050405383337797705 -0.70278048558820727 -1.2897355980675957
p 0.087769337782440268 -0.71642358488160207 -1.3212092453532229
p 0.22610701835354635 -0.7032262362780477 -1.3521488815985125
p 0.35963522418330174 -0.66352035072104276 -1.3814989958735251
p 0.4834159321559825 -0.59849948184149415 -1.4082775866561799
p 0.5926778447777723 -0.51027604112495151 -1.431587223472937
p 0.6830042825453696 -0.40191705897868207 -1.4506337656149446
p 0.75057220347227016 -0.27741425231463601 -1.4647531407218843
p 0.79238671000556415 -0.14161779376630843 -1.4734372087975742
p 0.806543591079109 -1.1102230246251565e-16 -1.476368140496179
L open 0 1
p 0.80654359107910967 -9.8773102718784344e-17 -1.476368140496179
p 0.79238665482295867 0.1416180674044685 -1.4734371973634484
p 0.75057206713697877 0.27741457635825301 -1.4647531123413604
p 0.68300403440329238 0.40191742459151619 -1.450633713562471
p 0.59267749654108937 0.51027638379014228 -1.4315871496577877
p 0.4834154832533899 0.5984997767371979 -1.408277490265917
p 0.35963467915383684 0.66352057207213333 -1.381498877109973
p 0.22610639791698064 0.70322635733905625 -1.3521487440479045
p 0.087768659019754836 0.71642358406926676 -1.3212090921529018
p -0.050406106573173688 0.70278034269309886 -1.2897354317848875
p -0.18350160498212731 0.66277860942385547 -1.2588490757203343
p -0.30672325399538447 0.59769588572923593 -1.2297274978996324
p -0.41546992174219344 0.50962546674852116 -1.2035834847858788
p -0.50544706394513761 0.40152629087117742 -1.1816220901857584
p -0.57285230464801973 0.27726455529764582 -1.1649661560605737
p -0.61463625336043159 0.14158966917101856 -1.1545508119889274
p -0.62879690389583032 1.5401082313395888e-16 -1.151005012032122
ks_one_loop done 2 0
L open 0 1
p 2.3272965636146696 -5.5511151231257827e-16 4.2600877844802341
p 2.3309977065501815 -0.18631733748784043 4.2804711501786761
p 2.3428072331862579 -0.36375410678537523 4.339863179986625
p 2.3645411295579279 -0.52472227778629221 4.4335562203553005
p 2.3984039123291718 -0.66345048555262032 4.555122933329157
p 2.4462030308821938 -0.77576692205587983 4.6975192591006252
p 2.5087332563123041 -0.85863944688023164 4.8537287275522099
p 2.5854039135262874 -0.90984578976372577 5.0170502247049944
p 2.6740947128381602 -0.92787568554200828 5.1811972938990687
p 2.7713484188743269 -0.91200157238109492 5.3405460145724222
p 2.8726279678870013 -0.86230489595013571 5.4901087958819064
p 2.9725837627416887 -0.77982194470459565 5.6254007389221909
p 3.0654184659954313 -0.66674726021573716 5.7424072403063668
p 3.1453207197867386 -0.52659407145399095 5.8376040696888065
p 3.2069268933080814 -0.3643106372084905 5.9079972607115074
p 3.2458406243068199 -0.18626165655862109 5.951246017836727
p 3.2591514428203956 -7.7715611723760958e-16 5.9658366992841545
L open 0 1
p 3.2591514428203934 -7.9826187647729453e-16 5.9658366992841536
p 3.2458292678566876 0.18634050576499278 5.9512335091856805
p 3.2068834091296714 0.36445721800303871 5.9079483625320153
p 3.1452247486256568 0.52679801633420753 5.8374924642119739
p 3.0652566481615744 0.66698312895487033 5.7422095864560907
p 2.9723533807473177 0.78005428440513269 5.6251007736051672
p 2.8723356291084894 0.86249575086988839 5.4896967307900573
p 2.7710012205742109 0.91211538850340379 5.3400074649478668
p 2.6737206866489434 0.92787088121068484 5.1805476032180593
p 2.585067422667636 0.90970462733380897 5.0163833693220212
p 2.508485334535087 0.85840003639734375 4.8531574834855782
p 2.4460400304189762 0.77547690546308912 4.6970743923327998
p 2.3983078559850672 0.66315191259681316 4.5548077856974052
p 2.3644924398015115 0.52445479886468283 4.4333631628676713
p 2.3427878247618863 0.36355257642698813 4.3397714897410067
p 2.3309932580839634 0.18620894407767688 4.2804472281870218
p 2.3272965636146696 -5.7002325745946798e-16 4.260087784480235
ks_two_loops done 3 0
L closed 0 1
p 0.19333333333333352 0.17110928633870792 -0.47259267276469741
p 0.25118186646889129 0.20845405185585367 -0.59749491827064682
p 0.32120843623060985 0.22728207318130411 -0.72027307848011002
p 0.40083791864071949 0.22151567380021897 -0.83831588281759462
p 0.48418619021660897 0.18104279494143391 -0.94622715882360864
p 0.5545403144221156 0.090610391042849195 -1.0285405899561684
p 0.56860436654843627 -0.04595739738182144 -1.0442174540897216
p 0.51156307689273794 -0.15618455777035056 -0.97908062832295251
p 0.42980377623678517 -0.21209019010087651 -0.8773242180081996
p 0.34790944651816075 -0.22847884435913138 -0.76189555122779495
p 0.27414728255240844 -0.21731179686778115 -0.6403598164900397
p 0.21187086612823611 -0.18587473711129918 -0.51592045226604655
p 0.16276348755831532 -0.13814804104363912 -0.39078591115161593
p 0.12804650390749941 -0.072401363648912059 -0.26926129634205059
p 0.1200000344672885 0.041102691528940312 -0.23218672127589202
p 0.14906050700390602 0.11793624584331572 -0.34792747607824559
p 0.19333333333333355 0.17110928633870798 -0.47259267276469741
L open 0 1
p 0.11627284943880366 -2.7755575615628914e-17 0.2128360232662507
p 0.12369841627368434 -0.057778430189087439 0.24991118639600143
p 0.13771021726637372 -0.096629884704781732 0.30794352281163889
p 0.15569063127983324 -0.1282973188490889 0.36928595820829957
p 0.1772952450825197 -0.15544643966998917 0.43161154720148087
p 0.20239719576363654 -0.17872188520350124 0.49425241205141335
p 0.23084234653857469 -0.19807113855440575 0.5567824065858511
p 0.26247591824685523 -0.21316566596361256 0.61894634120396685
p 0.29709540042780092 -0.22347091624339158 0.68050073220763607
p 0.33440561933377377 -0.22826513507376109 0.74113750503461762
p 0.37400168130323319 -0.22662335902719316 0.80048088415330909
p 0.41526330024217928 -0.21735593494005215 0.8579642743695195
p 0.45718596867961542 -0.19893673638781345 0.91266810237329121
p 0.49809344629892038 -0.16942658051473219 0.96305653599384478
p 0.53499932447246867 -0.12659576858829164 1.0063534271391694
p 0.56259591740962911 -0.069034317345585711 1.0375489621720018
p 0.57327369175898679 -1.3877787807814457e-16 1.0493704539455939
L open 0 1
p 0.57327369175898679 -1.404115583296059e-16 1.0493704539455939
p 0.5625920618002701 0.069046485211008909 1.0375446695528157
p 0.5349920420438774 0.12660671582179758 1.0063450608496394
p 0.4980925956164951 0.16942732268791424 0.96305550526792227
p 0.45719455194108516 0.19893189984560469 0.91267896931949399
p 0.41527928411393777 0.21735074636576632 0.85798579534577246
p 0.37402541032443848 0.22662028943858431 0.80051512729001739
p 0.33442651490338299 0.22826604548319507 0.74117006410214326
p 0.29711480182731442 0.22347507294497063 0.68053368420447646
p 0.2624981195912755 0.21317421734997918 0.61898776065624328
p 0.23086203002535999 0.19808247178269042 0.55682326447550357
p 0.2024170852507724 0.17873771648847547 0.49429889991274245
p 0.17732037801944531 0.15547337226081609 0.43167887128087634
p 0.15570754619587185 0.12832222372162003 0.36933887603216536
p 0.13772300154300493 0.096657255456603697 0.30799148549374822
p 0.12370270849520497 0.057794912737712714 0.24993102161325648
p 0.11627284943880367 -2.8478634578594617e-17 0.2128360232662507
ks_near_tangent done 3 0
L closed 0 1
p 0.34477159674238905 0.00075966978372604948 -0.63110170661717169
p 0.34498672138659137 0.00072912729598196874 -0.63149536827715691
p 0.34518066020434757 0.00064118531838605738 -0.63185005032305563
p 0.34537724570015171 0.00046078659262818879 -0.63220937026748414
p 0.34551730858815577 0.0001532974906601007 -0.63246525327173453
p 0.34548520504197744 -0.00026539944269861169 -0.63240661150846822
p 0.34527962373148907 -0.00056623925193507085 -0.63203095912508644
p 0.34503972452203191 -0.00071093185213606238 -0.63159233131818193
p 0.34477978763997497 -0.00075920502797638173 -0.63111670269067
p 0.34451468915876232 -0.00071296976297565535 -0.63063126722156859
p 0.34425693703271215 -0.00055892338970017926 -0.63015891822184678
p 0.34405138356772508 -0.00023656104726035515 -0.62978198203010471
p 0.34402817375819245 0.0001480837336007848 -0.62973940634069336
p 0.34416273749245851 0.00045205759414741888 -0.62998620874809463
p 0.34436406009476661 0.00064004101182723607 -0.63035527241799028
p 0.34456793214040665 0.00073132151865634265 -0.63072879054410302
p 0.34477159674238911 0.00075966978372604948 -0.63110170661717169
L open 0 1
p 0.3440135989710767 -8.4242508802123695e-17 0.62971266901866729
p 0.34404610806045499 -0.00022002066646714633 0.62977230503123049
p 0.34412227055050898 -0.00039140636297910404 0.62991199878978799
p 0.34422088912054122 -0.0005215745813497753 0.63009283425775175
p 0.34432878439777564 -0.00061611772335855243 0.63029062074748243
p 0.34443774334315214 -0.00068147674412058945 0.63049029456460748
p 0.34454493953370741 -0.00072449870241384775 0.63068667625978825
p 0.34465386324798558 -0.00075027680097499046 0.63088615953032123
p 0.34477279769385966 -0.00075967149865542301 0.63110390494548074
p 0.344891523025804 -0.00075046018905120166 0.63132119253958929
p 0.34500048843900688 -0.00072484706690200838 0.63152055244355942
p 0.34510789340530362 -0.00068192210405229028 0.63171699522997227
p 0.34521712012976652 -0.00061657833096160361 0.63191670729986293
p 0.34532527196066531 -0.00052197596028751719 0.6321143922883915
p 0.3454240989918711 -0.00039169023176358774 0.63229497882282337
p 0.34550039404601512 -0.0002201532391457033 0.63243435728033959
p 0.34553294222671371 -8.4676189671117896e-17 0.63249380819317746
L open 0 1
p 0.34553294222670689 -8.4631162339580766e-17 0.63249380819316492
p 0.34549932200839184 0.00022351750643627988 0.63243239909115978
p 0.34542132364607048 0.00039636279495414866 0.63228990819000774
p 0.34532486273382773 0.00052235776790594758 0.63211364437416884
p 0.34522016853963616 0.00061436121070178112 0.63192228023302965
p 0.34511115569027373 0.00068036325820399282 0.63172296086998958
p 0.3449994752291779 0.00072517890359609328 0.6315186987169048
p 0.34488623277528507 0.00075124346336900437 0.63131151208788938
p 0.34477231866401553 0.0007596923925326949 0.63110302804562868
p 0.34465853481771214 0.00075092266052471663 0.63089471376594275
p 0.344545626237233 0.00072469904371450097 0.63068793385454436
p 0.3444343250064022 0.00067986869040227856 0.63048403106994866
p 0.34432551470101769 0.00061374731421147801 0.63028462790647832
p 0.34422069591386129 0.00052130183729215006 0.63009248006740437
p 0.34412470467203771 0.0003955476850448049 0.62991646278385882
p 0.34404708610051721 0.00022306212871476235 0.62977409919119509
p 0.34401359897108363 -8.4259030568619731e-17 0.62971266901867995
ks_rings_one_nappe done 2 0
L closed 0 1
p 2.2299722352540594 -4.4408920985006262e-16 7.2088940047221906
p 2.0636370869670104 0.83565726524467709 7.1973924900291939
p 1.5903564676262285 1.5434802336360829 7.1643885118310733
p 0.88291330051711214 2.015821683978555 7.1142592941898837
p 0.049214734582361218 2.1814683782411226 7.0538888202010845
p -0.78434187122859944 2.0156617331191127 6.992028829601928
p -1.4915196150895691 1.5433126244618314 6.9382846767040567
p -1.9646182482953143 0.83557825626805193 6.901640559183071
p -2.1309010768247738 -1.4190097656461017e-06 6.888623882633885
p -1.9646150997334382 -0.83558585341080593 6.9016408049674709
p -1.4915140783322829 -1.5433181584519806 6.9382851022483676
p -0.78433500262225131 -2.0156645771942752 6.9920293458271949
p 0.049221780151937171 -2.1814683790522791 7.0538893365741338
p 0.88291945636936575 -2.0158191365103284 7.1142597346778604
p 1.5903609109493801 -1.5434757938523942 7.1643888236493112
p 2.0636390276356922 -0.83565258430281342 7.1973926245119353
p 2.2299722352540594 -4.4408920985006262e-16 7.2088940047221906
L closed 0 1
p 0.62817300873918047 -1.1102230246251565e-16 2.0307125645052082
p 0.57910220442450255 0.24620843754805077 2.0342517091614631
p 0.43953410682743776 0.45467229724795483 2.0443449941948946
p 0.23101953177283949 0.59371577482582993 2.0595001500575107
p -0.014634786301888865 0.64247111064279749 2.0774732208080007
p -0.26027298125444742 0.59369182774421436 2.095575995764789
p -0.46876207454620733 0.45464399036316905 2.1110458418658662
p -0.60831310934726734 0.24619108511983256 2.1214552519488863
p -0.65737841313179513 -3.2263093285896782e-07 2.1251256972355286
p -0.60831205661304433 -0.24619362141636186 2.1214551732558182
p -0.46876025881628131 -0.45464580241936553 2.1110457067141017
p -0.26027077737956261 -0.59369273885329732 2.0955758327503005
p -0.014632580312561316 -0.64247111076797292 2.0774730588254178
p 0.23102140680856267 -0.59371499985876985 2.0595000133646346
p 0.43953541820371833 -0.4546709886451531 2.0443448991688213
p 0.57910276887671586 -0.2462070777413444 2.0342516684228498
p 0.62817300873918047 -1.1102230246251565e-16 2.0307125645052082
ks_irrational_apex done 2 0
L open 0 1
p 0.92401551393431114 -2.2204460492503131e-16 1.0028910000018385
p 0.91141132103435007 -0.1994885924315084 1.0241125379497633
p 0.87749921989204471 -0.38764413570648987 1.0863667993731343
p 0.83268258485043789 -0.55642967836861723 1.1861259604398029
p 0.79123975295003779 -0.70176165037942961 1.3188614310099516
p 0.76889182230515452 -0.82155187178893241 1.4788075793789723
p 0.77956121629376041 -0.91322761777349937 1.6573310262027414
p 0.83037030491659092 -0.97286252181396116 1.8426334446785342
p 0.91803607590001224 -0.99639491360769739 2.021888161700816
p 1.0321002140488738 -0.98188266248547029 2.1867512069017598
p 1.1599104787049068 -0.92933976655497197 2.3328005959177811
p 1.2896178179663715 -0.84038792279356167 2.4581153226280015
p 1.4109272304846925 -0.71799922665025495 2.5617970208526972
p 1.5151084132739892 -0.56648076209528231 2.6432440343707451
p 1.5950070873209679 -0.39150489030353886 2.7019191469295327
p 1.6452188235341147 -0.20001925817969921 2.7373499625210695
p 1.662343313191152 -4.4408920985006262e-16 2.7492004641422541
L open 0 1
p 1.6623433131911518 -4.0715668351671011e-16 2.7492004641422541
p 1.645214691736441 0.20004318123022549 2.7373470866546934
p 1.5949913399007747 0.39154907980323128 2.7019078566479995
p 1.5150716985153367 0.56654555260708261 2.6432163627816068
p 1.4108638148552064 0.71807584359249421 2.5617455046430151
p 1.2895254675594712 0.84046513621466445 2.4580320392396122
p 1.1597931806424455 0.92940363633412915 2.3326785533854872
p 1.0319686421727301 0.9819186593242123 2.1865844371419643
p 0.91790838377905892 0.99638909587339253 2.0216734001449712
p 0.83027192683601181 0.97280383618537081 1.8423767499765416
p 0.77955903914120073 0.91322209182776326 1.6573176214488179
p 0.76889244628424014 0.82154332799487784 1.4787938350216521
p 0.79124317979831538 0.70174845521895601 1.3188467863062057
p 0.83268802500865158 0.55641093512042572 1.1861120288813098
p 0.87750501141770909 0.38761910033527314 1.0863553991901482
p 0.91141327452610066 0.19947303924206272 1.0241091786941838
p 0.92401551393431114 -2.2631852830043011e-16 1.0028910000018383
ks_tilted done 2 0
L closed 0 1
p 1.9744777054859144 2.8998697130661664 4.199826284088223
p 1.9068737069502464 3.1253940225546657 3.9873275989003893
p 1.7259040578412534 3.2611844358671878 3.7643855294869244
p 1.4794657926132382 3.2883987984613685 3.5648651839323242
p 1.2145977863447179 3.2121092933640054 3.4048881584629518
p 0.96665262616496206 3.0480537152283973 3.2894419109085069
p 0.76012021034468258 2.8146705118444464 3.2213821803778835
p 0.61390592419179946 2.5317685663081972 3.2143954480240637
p 0.55521558603952426 2.2418658253250858 3.3226436419857723
p 0.61396640157983606 2.0568586781009985 3.5706820113426856
p 0.76020599339926298 1.9844033025248886 3.8441964047441832
p 0.96674515748502321 1.984422166731008 4.0872634300413733
p 1.2146825609589214 2.0493338467722428 4.2770445131854293
p 1.4795308479935256 2.1815601620218157 4.3950440030047808
p 1.7259421586999153 2.3807178386539869 4.4247618155475594
p 1.906886290792011 2.6327498907332569 4.3568188576654405
p 1.9744777054859144 2.8998697130661664 4.199826284088223
L closed 0 1
p 0.8093148183110872 1.4526273962662011 2.270169861688268
p 0.83858760343432348 1.3349652479531116 2.3226153057369645
p 0.909119668774934 1.2219598256214095 2.3257347748914978
p 1.0012187180191174 1.1296805876672145 2.2964518043531981
p 1.1048274643644884 1.0634969719316809 2.2439390197020868
p 1.2119657795773271 1.0286169377082406 2.1721008339054562
p 1.3120320035594781 1.0317761470665605 2.0838981444504348
p 1.3881727128522308 1.0795910667970103 1.9858428278817997
p 1.4177719591421354 1.1705644106137769 1.8940853959286261
p 1.3881724670058313 1.2841241132050025 1.8324432399437434
p 1.3120316062322943 1.3916453223372713 1.8139965941872498
p 1.2119653206194485 1.4772043730580793 1.8356606628526195
p 1.1048270010009895 1.5364025050193804 1.8892603092637676
p 1.0012182877768196 1.5682832446299244 1.9675002533766599
p 0.90911930647298023 1.5705565704494862 2.0642876205276508
p 0.83858736773886833 1.5359201751168134 2.1718993937274362
p 0.8093148183110872 1.4526273962662011 2.270169861688268
ks_miss done 0 0
