pipe_hole_fuse done 1 1 0
S 85.484377950351856 132.9813254685576 4.7793770377477018e-16 1.8247837871811122e-16 -6.2339700492361332e-17 6 9 5 6 9 5 1
pipe_hole_cut done 1 1 0
S 46.999867943876879 98.848328402291628 9.3070021435943122e-16 1.340453583198483e-16 -3.7794932562819539e-17 3 6 3 3 6 3 1
pipe_hole_common done 1 1 0
S 2.3481540615698986 28.939270695830572 -2.1749109212456573e-14 -1.5959037921062781e-17 -1.7424052700663458e-16 2 4 2 2 4 2 1
hole_pipe_cut done 1 1 0
S 36.136355944905077 63.07226776209653 1.6221828174811623e-15 1.2514617946489706e-16 -4.9157055075186734e-17 5 7 4 5 7 4 1
sleeve_common done 1 1 0
S 35.135157344770931 87.434868845617757 5.902625081906584e-15 2.4988900110602981e-16 0.19031252912790272 3 5 3 3 5 3 1
ball_coax_cut done 1 1 0
S 22.711794661614032 94.415006926255856 -4.3017131680984773e-15 2.5037728404437309e-16 -3.910648334634979e-16 3 6 3 3 6 3 1
ball_coax_common done 1 1 0
S 26.636227343832743 73.260953069701145 2.0006851756484297e-15 3.6347774410396018e-17 2.8609663069174169e-16 2 4 2 2 4 2 1
ball_axis_common done 1 1 0
S 3.3333963294020288 30.914597528511685 -3.59705461969553e-15 -5.5618995131914147e-17 0.44126605068415259 2 4 2 2 4 2 1
cone_coax_cut done 1 1 0
S 37.96956931985514 95.460795461367624 -1.35672722302039e-15 -5.6953559944082735e-17 0.14365890044487051 3 6 3 3 6 3 1
cone_coax_common done 1 1 0
S 11.378452685591647 56.131683662950906 2.4978536375507335e-15 -1.4069109654966267e-17 -0.47938561855276035 2 4 2 2 4 2 1
tori_coax_fuse done 1 1 0
S 68.888785881842708 128.25673962398793 -6.4722517748274239e-15 1.5352402092471544e-16 0.18606623089096136 3 6 3 3 6 3 1
tori_coax_common done 1 1 0
S 16.544977215087002 66.667947297526879 2.4130356570763454e-14 1.6434404607269088e-16 0.31580543980973375 3 6 3 3 6 3 1
rod_cut done 1 1 0
S 46.289375766088249 107.30673155764224 -5.1977859405680715e-08 -1.0977530130966927e-08 2.8664619871516137e-07 3 17 11 3 17 11 1
rod_common done 2 1 0
S 1.5293310049258333 7.582542094633256 2.4848120044777002 6.0609277482165512e-09 2.877535747097098e-09 7 13 8 6 12 8 1
S 1.5293310967097267 7.5825422831194187 -2.4848122137395641 1.8744135003143185e-09 -5.7850274684776474e-08 4 6 4 3 5 4 1
rod_ends_cut done 3 1 0
S 0.81785017852829456 5.0051943385166018 -3.9788760066776994 8.3818169297913744e-09 -6.6123573836558965e-08 4 5 3 3 4 3 1
S 0.81785048526564008 5.0051963191304676 3.9788758211174913 3.2780439417189101e-10 1.1847353985183291e-10 6 10 6 6 10 6 1
S 2.374221122872362 11.224051341856681 -2.3798013812269787e-07 -1.5092125018885391e-08 6.880191011141706e-08 4 7 5 3 6 5 1
bore_cut done 1 1 0
S 47.894463457071339 102.53069897440498 -0.082843460507381131 -0.0075312228964498551 4.0817260555551292e-09 2 11 7 2 11 7 1
bore_common done 1 1 0
S 1.453558298482954 7.2617820659236259 2.7296755251987825 0.24815232156493161 -4.0121097103674285e-08 5 9 6 3 7 6 1
stadium_cut done 1 1 0
S 46.202514377976627 99.043989039098392 -0.16914438841096199 2.2492615750713439e-10 -4.1806204588002966e-10 7 15 10 7 15 10 1
stadium_common done 1 1 0
S 3.1455311328661764 12.512301359818167 2.4844407739259693 8.7437956763909284e-09 1.3352631134712765e-08 8 17 11 8 17 11 1
ball_top_fuse done 1 1 0
S 50.356903988662253 101.10145100919281 0.050177379536801792 -4.3656904096177752e-10 0.02479295410632934 2 7 4 2 7 4 1
ball_top_cut done 1 1 0
S 48.589759721975177 99.75881255140969 -0.038919440217011013 -4.2933797300547705e-10 -0.010674022944819306 2 7 4 2 7 4 1
ball_top_common done 1 1 0
S 0.75826425922128893 4.663200159771085 2.4939704431948 9.2604806723884533e-08 0.68399594170705635 3 5 3 2 4 3 1
ball_core_cut done 1 1 0
S 42.915338650446927 97.311239291128288 2.5090925247627733e-09 -0.37051699630438617 2.3751230422543921e-09 5 8 5 4 7 5 1
core_ball_cut done 1 1 0
S 1.7485376589658967 21.019724301460961 4.6587176827177204e-07 2.6034250984861305 5.1684408556678873e-09 2 9 6 2 9 6 1
spike_cut done 1 1 0
S 47.870216300057486 102.39015585847085 -0.083988268946375691 -0.0076352979689069886 0.0052508362390718249 2 11 7 2 11 7 1
spike_common done 1 1 0
S 1.4778010739166949 7.3657859099534955 2.7206215131700624 0.24732921285972431 -0.17008752974001526 5 9 6 3 7 6 1
cone_lean_common done 1 1 0
S 0.3891396247818858 3.2670509290018157 1.901527794073447 0.26705333843289086 -0.27626702378647672 3 6 4 2 5 4 1
tori_link_fuse done 2 1 0
S 27.758262378063819 74.022033008170183 -2.6632591157855182e-17 2.4999999999999991 1.7895140284736191e-16 1 2 1 1 2 1 1
S 49.348022005446786 98.696044010893573 -4.4408920985006262e-16 1.7482739815755422e-16 -3.819330553434201e-17 1 2 1 1 2 1 1
tori_link_common done 0 1 0
tori_ring_fuse done 1 1 0
S 54.630935291155438 112.16145845831048 3.8428984019744028e-08 0.24252106192437406 -6.5582594117410896e-10 4 8 4 4 8 4 1
tori_ring_cut done 1 1 0
S 48.462432561653927 98.812689077719654 4.5087432516750089e-08 -0.044820373665038209 -9.1591265792607504e-10 3 6 3 3 6 3 1
tori_ring_common done 1 1 0
S 0.88558943732613693 11.208597070717138 1.7490522402574647e-08 2.4527219564426685 -4.649381051005311e-08 2 4 2 2 4 2 1
tori_side_cut done 1 1 0
S 41.691598214682486 107.63597113869227 -0.23870362996451869 4.7518437002516218e-06 -0.018543846421412154 3 14 9 3 14 9 1
tori_side_common done 2 1 0
S 3.8282238995291635 14.153167758383054 1.2997862344292452 2.1070520255787222 0.10098886891428152 4 6 4 3 5 4 1
S 3.828309703149618 14.153469829351577 1.2997886991644416 -2.1070546377796937 0.10100495405654329 4 6 4 3 5 4 1
tori_cross_cut done 1 1 0
S 47.064204816386571 99.57517421202418 1.0540365205343311e-07 -0.098933914355701744 2.9408711422363926e-08 2 3 2 2 3 2 1
tori_cross_common done 1 1 0
S 2.2838214911074006 10.9130157062464 -3.3978319715483931e-07 2.0387995456781707 -4.2274663469626099e-07 2 1 1 2 1 1 1
pin_hole_fuse done 2 1 0
S 19.634954084936208 41.233403578366037 6.7851833204555018e-17 4.7325167019838336e-17 0 3 3 2 3 3 2 1
S 49.348022005446786 98.696044010893573 -4.4408920985006262e-16 1.7482739815755422e-16 -3.819330553434201e-17 1 2 1 1 2 1 1
pin_hole_common done 0 1 0
ball_hole_fuse done 2 1 0
S 8.1812308687234214 19.634954084936211 7.8255873978522519e-18 -2.781965890475192e-18 -3.730349362740525e-17 1 3 2 1 3 2 1
S 49.348022005446786 98.696044010893573 -4.4408920985006262e-16 1.7482739815755422e-16 -3.819330553434201e-17 1 2 1 1 2 1 1
pipe_equator_fuse done 1 1 0
S 153.93804002589985 164.93361431346412 -2.7694625797777561e-16 1.8565028498009725e-16 -4.6157709662962605e-17 4 5 3 3 3 2 1
ball_touch_fuse done 2 1 0
S 0.52359877559829893 3.141592653589794 4 3.1492400431170386e-17 -6.3976916026639434e-18 1 3 3 1 3 3 1
S 49.348022005446786 98.696044010893573 -4.4408920985006262e-16 1.7482739815755422e-16 -3.819330553434201e-17 1 2 1 1 2 1 1
tori_kiss_fuse done 2 1 0
S 47.18904604270849 125.83745611388932 -1.3322676295501878e-15 -1.4494479656943371e-17 1.8821707455079269e-17 2 4 2 1 0 0 1
S 49.348022005446786 98.696044010893573 -4.4408920985006262e-16 1.7482739815755422e-16 -3.819330553434201e-17 1 2 1 1 2 1 1
pipe_tilt_common done 1 1 0
S 2.348154061569895 28.939270695830572 -2.3829458789300283e-14 3.0224616369897461e-17 -2.201317099617632e-17 2 4 2 2 4 2 1
ball_tilt_cut done 1 1 0
S 48.589759842959857 99.758785911257078 -0.038919532063385928 -0.0064044211008570367 -0.0085392211247496495 2 8 5 2 8 5 1
