sq_height done 2
S above 299.99999999999994 319.99999999999994 5 5 3.5 6 12 8 1
S below 199.99999999999994 279.99999999999994 5 5 1 6 12 8 1
sq_tilted done 2
S above 250 311.80339887498945 6.6666666666666661 5 3.333333333333333 5 9 6 1
S below 249.99999999999994 311.80339887498945 3.333333333333333 5 1.6666666666666667 5 9 6 1
sq_skew done 2
S above 261.97222222222211 296.15463916701003 5.7792651892694309 6.7534858445551906 3.0880164705050728 7 15 10 1
S below 238.02777777777777 282.82130583367672 4.1423444976076569 3.0701219512195119 1.8528319134865989 7 15 10 1
sq_vertical done 2
S above 299.99999999999994 280 7 5 2.5 6 12 8 1
S below 199.99999999999994 220 2.0000000000000004 5 2.5 6 12 8 1
sq_diagonal_edges done 2
S above 250 270.7106781186547 6.6666666666666652 6.6666666666666679 2.5 5 9 6 1
S below 250 270.71067811865476 3.3333333333333339 3.3333333333333339 2.4999999999999996 5 9 6 1
sq_through_corner done 1
S below 499.99999999999989 399.99999999999994 4.9999999999999991 4.9999999999999991 2.5 6 12 8 1
sq_in_cap done 1
S below 499.99999999999989 399.99999999999994 4.9999999999999991 4.9999999999999991 2.5 6 12 8 1
sq_corner_cut done 2
S above 71.333333333333286 176.12489168102758 7.0233644859813094 7.0233644859813102 4.2441588785046731 6 12 8 1
S below 428.66666666666663 368.1248916810278 4.66329704510109 4.66329704510109 2.2097589424572321 7 15 10 1
sq_miss done 1
S below 499.99999999999989 399.99999999999994 4.9999999999999991 4.9999999999999991 2.5 6 12 8 1
sq_hole_crossed done 2
S above 210 293.68836882866464 7.124373759920636 5.9401165674603176 3.0246982473544972 11 27 18 1
S below 209.99999999999997 293.68836882866464 2.8756262400793644 4.0598834325396842 1.9753017526455026 11 27 18 1
sq_hole_vertical done 2
S above 210 253.99999999999997 7.7857142857142856 4.9999999999999982 2.4999999999999991 10 24 16 1
S below 210 253.99999999999997 2.2142857142857135 5 2.5 10 24 16 1
u_two_sections done 3
S above 30 62 1.5 5 2.4999999999999996 6 12 8 1
S above 30 62 7.5 5 2.4999999999999996 6 12 8 1
S below 150 210 4.5000000000000009 1.8 2.5 10 24 16 1
u_tilted done 3
S above 20.25 46.310795313650644 1.5833333333333333 4.822916666666667 1.666666666666667 6 12 8 1
S above 33.752604166666671 64.460523058884334 7.5498707661445881 4.0935860466013407 1.6001031941979782 7 15 10 1
S below 71.997395833333343 128.61506837253498 3.8905532245813279 1.4745915017904296 1.4061946142438599 10 24 16 1
stadium_height done 2
S above 11.426990816987239 33.637166941154071 1.5000000000000002 9.7157951940830414e-18 1.3750000000000002 6 12 8 1
S below 6.8561944901923448 27.495574287564274 1.5 -1.6192991990138398e-17 0.375 6 12 8 1
stadium_tilted done 2
S above 9.1415926535897913 30.272030184994051 2.362944902079291 8.5176788541649962e-17 1.2911509921472755 8 18 12 1
S below 9.1415926535897949 30.272030184994055 0.63705509792070902 -3.7032187371179429e-17 0.70884900785272442 8 18 12 1
stadium_arc_only done 2
S above 1.2528501440887485 8.9595086082033308 3.6727060314235707 -5.5650205981115385e-15 1.2277888983104079 4 6 4 1
S below 17.030335163050832 40.894368723015397 1.3401631536575338 7.3339772279593452e-16 0.98324252862425987 8 18 12 1
stadium_vertical_arc done 2
S above 1.2283696986087564 8.8812615185328987 3.7050201618985663 -1.0816324458601747e-16 1 4 6 4 1
S below 17.054815608570827 40.896497633281363 1.3411838618568008 3.2548666901658513e-18 1 8 18 12 1
stadium_tangent done 1
S below 18.283185307179586 42.849555921538752 1.5 -2.5031759100191387e-17 1 7 15 10 1
rounded_skew done 2
S above 70.712388980392006 125.23254150134956 5.3115965793110735 3.6994947124209543 1.8522737941054648 10 24 16 1
S below 70.71238898039222 125.23254150134969 2.68840342068893 2.3005052875790484 1.1477262058945357 10 24 16 1
disc_wall_ellipse done 2
S above 25.132741190945296 50.652230123740722 0.12500000059703764 -1.0818460695150931e-09 2.984375000736998 3 3 2 1
S below 25.132741266491379 50.652230249244703 -0.12500000022130339 1.0818461121791521e-09 1.0156250014704475 3 3 2 1
disc_through_caps done 2
S above 25.132741008092125 55.470643260571599 0.50000000399899069 -7.9408595261059538e-09 2.749999993623629 4 5 3 1
S below 25.132741267858044 55.470643661420702 -0.49999999854481453 1.0427335623135807e-09 1.2500000005341199 3 3 2 1
disc_vertical done 2
S above 9.8269575888700533 35.525046074131609 1.4100403237971324 2.9374095063712577e-16 2.0000000000000004 5 9 6 1
S below 40.438524868566638 67.585990533125482 -0.34265360830018232 -1.1995786412828217e-18 2 4 6 4 1
slot_hole_tilted done 2
S above 144.40239384248301 264.39081824264326 2.2190478222120134 -1.6209955130158726 2.6727702529041708 11 27 18 1
S below 122.17282820341273 245.33176770432155 -0.44085576412311794 -0.4842084171521972 0.55023245148185163 11 27 18 1
tilted_frame_in_cap done 1
S above 400 359.99999999999994 6 3.2000000000000002 -0.89999999999999991 6 12 8 1
tilted_frame_height done 2
S above 199.99999999999994 280 6.0000000000000018 3.8000000000000007 -0.099999999999999714 6 12 8 1
S below 200 280 6 2.6000000000000001 -1.7 6 12 8 1
reversed_offsets done 2
S above 15.973819545495621 41.554542031591623 2.0087197836764026 0.086257243297608102 0.9785063870699876 7 14 9 1
S below 11.450958415123939 35.271356760945736 0.7903477831873319 -0.1203268398539914 -0.16750523453086033 6 12 8 1
