case bulge_frustum_fuse
plane 0.0 0.0 0.0 0.0 0.0 1.0 1.0 0.0 0.0
wire S 4 0.0 0.0 0.0 L 10.0 0.0 0.0 B 2 3 10.0 0.0 0.0 12.0 3.0 0.0 10.0 6.0 0.0 2 0.0 1.0 3 3 10.0 6.0 0.0 L 0.0 6.0 0.0 L
prism 0.0 0.0 3.0
boolean fuse
cone 10.75 3.0 -0.5 0.0 0.0 1.0 1.0 0.0 0.0 1.0 0.5 4.0
end
case bulge_frustum_cut
plane 0.0 0.0 0.0 0.0 0.0 1.0 1.0 0.0 0.0
wire S 4 0.0 0.0 0.0 L 10.0 0.0 0.0 B 2 3 10.0 0.0 0.0 12.0 3.0 0.0 10.0 6.0 0.0 2 0.0 1.0 3 3 10.0 6.0 0.0 L 0.0 6.0 0.0 L
prism 0.0 0.0 3.0
boolean cut
cone 10.75 3.0 -0.5 0.0 0.0 1.0 1.0 0.0 0.0 1.0 0.5 4.0
end
case bulge_frustum_common
plane 0.0 0.0 0.0 0.0 0.0 1.0 1.0 0.0 0.0
wire S 4 0.0 0.0 0.0 L 10.0 0.0 0.0 B 2 3 10.0 0.0 0.0 12.0 3.0 0.0 10.0 6.0 0.0 2 0.0 1.0 3 3 10.0 6.0 0.0 L 0.0 6.0 0.0 L
prism 0.0 0.0 3.0
boolean common
cone 10.75 3.0 -0.5 0.0 0.0 1.0 1.0 0.0 0.0 1.0 0.5 4.0
end
case lens_apex_fuse
plane 0.0 0.0 0.0 0.0 0.0 1.0 1.0 0.0 0.0
wire S 2 3.0 5.0 0.0 B 3 4 3.0 5.0 0.0 4.0 2.0 0.0 6.0 2.0 0.0 7.0 5.0 0.0 2 0.0 1.0 4 4 7.0 5.0 0.0 B 3 4 7.0 5.0 0.0 6.0 8.0 0.0 4.0 8.0 0.0 3.0 5.0 0.0 2 0.0 1.0 4 4
prism 0.0 0.0 4.0
boolean fuse
cone 5.0 4.0 -1.0 0.0 0.0 1.0 1.0 0.0 0.0 3.0 0.0 3.0
end
case lens_apex_cut
plane 0.0 0.0 0.0 0.0 0.0 1.0 1.0 0.0 0.0
wire S 2 3.0 5.0 0.0 B 3 4 3.0 5.0 0.0 4.0 2.0 0.0 6.0 2.0 0.0 7.0 5.0 0.0 2 0.0 1.0 4 4 7.0 5.0 0.0 B 3 4 7.0 5.0 0.0 6.0 8.0 0.0 4.0 8.0 0.0 3.0 5.0 0.0 2 0.0 1.0 4 4
prism 0.0 0.0 4.0
boolean cut
cone 5.0 4.0 -1.0 0.0 0.0 1.0 1.0 0.0 0.0 3.0 0.0 3.0
end
case lens_apex_common
plane 0.0 0.0 0.0 0.0 0.0 1.0 1.0 0.0 0.0
wire S 2 3.0 5.0 0.0 B 3 4 3.0 5.0 0.0 4.0 2.0 0.0 6.0 2.0 0.0 7.0 5.0 0.0 2 0.0 1.0 4 4 7.0 5.0 0.0 B 3 4 7.0 5.0 0.0 6.0 8.0 0.0 4.0 8.0 0.0 3.0 5.0 0.0 2 0.0 1.0 4 4
prism 0.0 0.0 4.0
boolean common
cone 5.0 4.0 -1.0 0.0 0.0 1.0 1.0 0.0 0.0 3.0 0.0 3.0
end
case blob_down_fuse
plane 0.0 0.0 0.0 0.0 0.0 1.0 1.0 0.0 0.0
wire S 4 4.0 0.0 0.0 B 3 4 4.0 0.0 0.0 6.5 0.0 0.0 8.0 1.5 0.0 8.0 4.0 0.0 2 0.0 1.0 4 4 8.0 4.0 0.0 B 3 4 8.0 4.0 0.0 8.0 6.5 0.0 6.5 8.0 0.0 4.0 8.0 0.0 2 0.0 1.0 4 4 4.0 8.0 0.0 B 3 4 4.0 8.0 0.0 1.5 8.0 0.0 0.0 6.5 0.0 0.0 4.0 0.0 2 0.0 1.0 4 4 0.0 4.0 0.0 B 3 4 0.0 4.0 0.0 0.0 1.5 0.0 1.5 0.0 0.0 4.0 0.0 0.0 2 0.0 1.0 4 4
prism 0.0 0.0 3.0
boolean fuse
cone 7.0 4.0 4.0 0.0 0.0 -1.0 1.0 0.0 0.0 2.5 0.0 5.5
end
case blob_down_cut
plane 0.0 0.0 0.0 0.0 0.0 1.0 1.0 0.0 0.0
wire S 4 4.0 0.0 0.0 B 3 4 4.0 0.0 0.0 6.5 0.0 0.0 8.0 1.5 0.0 8.0 4.0 0.0 2 0.0 1.0 4 4 8.0 4.0 0.0 B 3 4 8.0 4.0 0.0 8.0 6.5 0.0 6.5 8.0 0.0 4.0 8.0 0.0 2 0.0 1.0 4 4 4.0 8.0 0.0 B 3 4 4.0 8.0 0.0 1.5 8.0 0.0 0.0 6.5 0.0 0.0 4.0 0.0 2 0.0 1.0 4 4 0.0 4.0 0.0 B 3 4 0.0 4.0 0.0 0.0 1.5 0.0 1.5 0.0 0.0 4.0 0.0 0.0 2 0.0 1.0 4 4
prism 0.0 0.0 3.0
boolean cut
cone 7.0 4.0 4.0 0.0 0.0 -1.0 1.0 0.0 0.0 2.5 0.0 5.5
end
case blob_down_common
plane 0.0 0.0 0.0 0.0 0.0 1.0 1.0 0.0 0.0
wire S 4 4.0 0.0 0.0 B 3 4 4.0 0.0 0.0 6.5 0.0 0.0 8.0 1.5 0.0 8.0 4.0 0.0 2 0.0 1.0 4 4 8.0 4.0 0.0 B 3 4 8.0 4.0 0.0 8.0 6.5 0.0 6.5 8.0 0.0 4.0 8.0 0.0 2 0.0 1.0 4 4 4.0 8.0 0.0 B 3 4 4.0 8.0 0.0 1.5 8.0 0.0 0.0 6.5 0.0 0.0 4.0 0.0 2 0.0 1.0 4 4 0.0 4.0 0.0 B 3 4 0.0 4.0 0.0 0.0 1.5 0.0 1.5 0.0 0.0 4.0 0.0 0.0 2 0.0 1.0 4 4
prism 0.0 0.0 3.0
boolean common
cone 7.0 4.0 4.0 0.0 0.0 -1.0 1.0 0.0 0.0 2.5 0.0 5.5
end
case cone_wave_fuse
cone 5.0 5.25 0.5 0.0 0.0 1.0 1.0 0.0 0.0 1.5 0.75 2.0
boolean fuse
plane 0.0 0.0 0.0 0.0 0.0 1.0 1.0 0.0 0.0
wire S 4 0.0 0.0 0.0 L 10.0 0.0 0.0 L 10.0 6.0 0.0 B 2 5 10.0 6.0 0.0 8.0 8.0 0.0 5.0 5.0 0.0 2.0 8.0 0.0 0.0 6.0 0.0 4 0.0 1.0 2.0 3.0 3 1 1 3 0.0 6.0 0.0 L
prism 0.0 0.0 3.0
end
case cone_wave_cut
cone 5.0 5.25 0.5 0.0 0.0 1.0 1.0 0.0 0.0 1.5 0.75 2.0
boolean cut
plane 0.0 0.0 0.0 0.0 0.0 1.0 1.0 0.0 0.0
wire S 4 0.0 0.0 0.0 L 10.0 0.0 0.0 L 10.0 6.0 0.0 B 2 5 10.0 6.0 0.0 8.0 8.0 0.0 5.0 5.0 0.0 2.0 8.0 0.0 0.0 6.0 0.0 4 0.0 1.0 2.0 3.0 3 1 1 3 0.0 6.0 0.0 L
prism 0.0 0.0 3.0
end
case cone_wave_common
cone 5.0 5.25 0.5 0.0 0.0 1.0 1.0 0.0 0.0 1.5 0.75 2.0
boolean common
plane 0.0 0.0 0.0 0.0 0.0 1.0 1.0 0.0 0.0
wire S 4 0.0 0.0 0.0 L 10.0 0.0 0.0 L 10.0 6.0 0.0 B 2 5 10.0 6.0 0.0 8.0 8.0 0.0 5.0 5.0 0.0 2.0 8.0 0.0 0.0 6.0 0.0 4 0.0 1.0 2.0 3.0 3 1 1 3 0.0 6.0 0.0 L
prism 0.0 0.0 3.0
end
case dome_pierce_fuse
plane 0.0 0.0 0.0 0.0 0.0 1.0 1.0 0.0 0.0
wire S 2 0.0 0.0 0.0 L 4.0 0.0 0.0 B 2 3 4.0 0.0 0.0 2.0 4.0 0.0 0.0 0.0 0.0 2 0.0 1.0 3 3
prism 0.0 0.0 3.0
boolean fuse
cone 3.0 0.5 1.5 0.0 1.0 0.0 0.0 0.0 1.0 0.5 0.25 3.5
end
case dome_pierce_cut
plane 0.0 0.0 0.0 0.0 0.0 1.0 1.0 0.0 0.0
wire S 2 0.0 0.0 0.0 L 4.0 0.0 0.0 B 2 3 4.0 0.0 0.0 2.0 4.0 0.0 0.0 0.0 0.0 2 0.0 1.0 3 3
prism 0.0 0.0 3.0
boolean cut
cone 3.0 0.5 1.5 0.0 1.0 0.0 0.0 0.0 1.0 0.5 0.25 3.5
end
case dome_pierce_common
plane 0.0 0.0 0.0 0.0 0.0 1.0 1.0 0.0 0.0
wire S 2 0.0 0.0 0.0 L 4.0 0.0 0.0 B 2 3 4.0 0.0 0.0 2.0 4.0 0.0 0.0 0.0 0.0 2 0.0 1.0 3 3
prism 0.0 0.0 3.0
boolean common
cone 3.0 0.5 1.5 0.0 1.0 0.0 0.0 0.0 1.0 0.5 0.25 3.5
end
case dome_side_cone_fuse
plane 0.0 0.0 0.0 0.0 0.0 1.0 1.0 0.0 0.0
wire S 2 0.0 0.0 0.0 L 4.0 0.0 0.0 B 2 3 4.0 0.0 0.0 2.0 4.0 0.0 0.0 0.0 0.0 2 0.0 1.0 3 3
prism 0.0 0.0 3.0
boolean fuse
cone 2.125 1.25 2.75 0.0 1.0 0.0 0.0 0.0 1.0 1.5 0.375 1.25
end
case dome_side_cone_cut
plane 0.0 0.0 0.0 0.0 0.0 1.0 1.0 0.0 0.0
wire S 2 0.0 0.0 0.0 L 4.0 0.0 0.0 B 2 3 4.0 0.0 0.0 2.0 4.0 0.0 0.0 0.0 0.0 2 0.0 1.0 3 3
prism 0.0 0.0 3.0
boolean cut
cone 2.125 1.25 2.75 0.0 1.0 0.0 0.0 0.0 1.0 1.5 0.375 1.25
end
case dome_side_cone_common
plane 0.0 0.0 0.0 0.0 0.0 1.0 1.0 0.0 0.0
wire S 2 0.0 0.0 0.0 L 4.0 0.0 0.0 B 2 3 4.0 0.0 0.0 2.0 4.0 0.0 0.0 0.0 0.0 2 0.0 1.0 3 3
prism 0.0 0.0 3.0
boolean common
cone 2.125 1.25 2.75 0.0 1.0 0.0 0.0 0.0 1.0 1.5 0.375 1.25
end
case knot_tilt_cone_fuse
plane 0.0 0.0 0.0 0.0 0.6 0.8 1.0 -0.0 0.0
wire S 4 0.0 0.0 0.0 L 10.0 0.0 0.0 L 10.0 1.6 -1.2 B 2 5 10.0 1.6 -1.2 7.0 2.4000000000000004 -1.7999999999999998 5.0 3.2 -2.4 3.0 4.0 -3.0 0.0 4.800000000000001 -3.5999999999999996 3 0.0 1.0 2.0 3 2 3 0.0 4.800000000000001 -3.5999999999999996 L
prism 0.0 1.7999999999999998 2.4000000000000004
boolean fuse
cone 5.0 4.1 -2.5 0.0 0.0 1.0 1.0 0.0 0.0 0.5 1.5 4.0
end
case knot_tilt_cone_cut
plane 0.0 0.0 0.0 0.0 0.6 0.8 1.0 -0.0 0.0
wire S 4 0.0 0.0 0.0 L 10.0 0.0 0.0 L 10.0 1.6 -1.2 B 2 5 10.0 1.6 -1.2 7.0 2.4000000000000004 -1.7999999999999998 5.0 3.2 -2.4 3.0 4.0 -3.0 0.0 4.800000000000001 -3.5999999999999996 3 0.0 1.0 2.0 3 2 3 0.0 4.800000000000001 -3.5999999999999996 L
prism 0.0 1.7999999999999998 2.4000000000000004
boolean cut
cone 5.0 4.1 -2.5 0.0 0.0 1.0 1.0 0.0 0.0 0.5 1.5 4.0
end
case knot_tilt_cone_common
plane 0.0 0.0 0.0 0.0 0.6 0.8 1.0 -0.0 0.0
wire S 4 0.0 0.0 0.0 L 10.0 0.0 0.0 L 10.0 1.6 -1.2 B 2 5 10.0 1.6 -1.2 7.0 2.4000000000000004 -1.7999999999999998 5.0 3.2 -2.4 3.0 4.0 -3.0 0.0 4.800000000000001 -3.5999999999999996 3 0.0 1.0 2.0 3 2 3 0.0 4.800000000000001 -3.5999999999999996 L
prism 0.0 1.7999999999999998 2.4000000000000004
boolean common
cone 5.0 4.1 -2.5 0.0 0.0 1.0 1.0 0.0 0.0 0.5 1.5 4.0
end
case apex_wall_cut
plane 0.0 0.0 0.0 0.0 0.0 1.0 1.0 0.0 0.0
wire S 2 0.0 0.0 0.0 L 4.0 0.0 0.0 B 2 3 4.0 0.0 0.0 2.0 4.0 0.0 0.0 0.0 0.0 2 0.0 1.0 3 3
prism 0.0 0.0 3.0
boolean cut
cone 2.0 2.0 1.5 0.0 0.0 1.0 1.0 0.0 0.0 0.0 1.0 1.0
end
case apex_wall_common
plane 0.0 0.0 0.0 0.0 0.0 1.0 1.0 0.0 0.0
wire S 2 0.0 0.0 0.0 L 4.0 0.0 0.0 B 2 3 4.0 0.0 0.0 2.0 4.0 0.0 0.0 0.0 0.0 2 0.0 1.0 3 3
prism 0.0 0.0 3.0
boolean common
cone 2.0 2.0 1.5 0.0 0.0 1.0 1.0 0.0 0.0 0.0 1.0 1.0
end
case ruling_tilt_cut
plane 0.0 0.0 0.0 0.0 0.6 0.8 1.0 -0.0 0.0
wire S 4 0.0 0.0 0.0 L 10.0 0.0 0.0 B 2 3 10.0 0.0 0.0 12.0 2.4000000000000004 -1.7999999999999998 10.0 4.800000000000001 -3.5999999999999996 2 0.0 1.0 3 3 10.0 4.800000000000001 -3.5999999999999996 L 0.0 4.800000000000001 -3.5999999999999996 L
prism 0.0 1.7999999999999998 2.4000000000000004
boolean cut
cone 10.5 1.8000000000000003 -2.5999999999999996 0.0 0.0 1.0 1.0 0.0 0.0 0.0 1.2 1.6
end
case ruling_tilt_common
plane 0.0 0.0 0.0 0.0 0.6 0.8 1.0 -0.0 0.0
wire S 4 0.0 0.0 0.0 L 10.0 0.0 0.0 B 2 3 10.0 0.0 0.0 12.0 2.4000000000000004 -1.7999999999999998 10.0 4.800000000000001 -3.5999999999999996 2 0.0 1.0 3 3 10.0 4.800000000000001 -3.5999999999999996 L 0.0 4.800000000000001 -3.5999999999999996 L
prism 0.0 1.7999999999999998 2.4000000000000004
boolean common
cone 10.5 1.8000000000000003 -2.5999999999999996 0.0 0.0 1.0 1.0 0.0 0.0 0.0 1.2 1.6
end
case dome_touch_cut
plane 0.0 0.0 0.0 0.0 0.0 1.0 1.0 0.0 0.0
wire S 2 0.0 0.0 0.0 L 4.0 0.0 0.0 B 2 3 4.0 0.0 0.0 2.0 4.0 0.0 0.0 0.0 0.0 2 0.0 1.0 3 3
prism 0.0 0.0 3.0
boolean cut
cone -0.5 0.875 1.5 1.0 0.0 0.0 0.0 1.0 0.0 0.0 1.25 2.5
end
case dome_touch_common
plane 0.0 0.0 0.0 0.0 0.0 1.0 1.0 0.0 0.0
wire S 2 0.0 0.0 0.0 L 4.0 0.0 0.0 B 2 3 4.0 0.0 0.0 2.0 4.0 0.0 0.0 0.0 0.0 2 0.0 1.0 3 3
prism 0.0 0.0 3.0
boolean common
cone -0.5 0.875 1.5 1.0 0.0 0.0 0.0 1.0 0.0 0.0 1.25 2.5
end
