bulge_frustum_fuse done 1 1 0
S 195.60891600862732 232.98112334401316 5.4413467048474873 3.0000000011089445 1.4878826664407265 10 21 14 10 21 14 1
bulge_frustum_cut done 1 1 0
S 188.27853311165291 226.63665016180633 5.234661106645154 3.0000000013434058 1.5040967717595866 8 18 12 8 18 12 1
bulge_frustum_common done 1 1 0
S 3.721466630916054 15.19822747682978 10.54038283829394 2.9999999999999996 1.2927338298942228 4 6 4 4 6 4 1
lens_apex_fuse done 1 1 0
S 71.511982963576983 120.43403639728733 4.9999999822638754 4.6874910252348867 1.2559337452386505 6 12 8 6 12 8 1
lens_apex_cut done 1 1 0
S 43.237650068287465 76.702871866118898 4.9999999635229129 5.1370610427601298 2.2407068034117605 5 12 8 5 12 8 1
lens_apex_common done 1 1 0
S 7.1623537659312646 24.154053264903389 5.0000001172518713 4.1725907238212363 0.54690194242639489 3 6 4 3 6 4 1
blob_down_fuse done 1 1 0
S 176.35816895339525 210.53516085514849 4.3521569060153951 3.9999994560468086 1.6928095547203152 9 20 13 9 20 13 1
blob_down_cut done 1 1 0
S 140.36075744857578 185.13121667345348 3.6730817406524219 3.9999992737008405 1.4537366803121887 7 17 11 7 17 11 1
blob_down_common done 1 1 0
S 16.389293631818003 38.024015478320614 6.799791074665654 4.0000000849032338 1.8962061705308022 5 8 5 5 8 5 1
cone_wave_fuse done 1 1 0
S 198.99844907170464 234.34431676687058 4.9999989515049155 3.3288375713693736 1.497605144514365 9 18 12 9 18 12 1
cone_wave_cut done 1 1 0
S 1.5476914076971102 9.348934236618474 4.9999999873368237 6.1119474470418824 1.1920394796756841 4 6 4 4 6 4 1
cone_wave_common done 1 1 0
S 6.6989893199429389 21.682614935746521 5.000000005706621 5.0508612082200841 1.307356312892469 5 9 6 4 6 4 1
dome_pierce_fuse done 1 1 0
S 16.947975928076904 45.294497456035437 2.0575954963818295 0.89478233413572539 1.4999999948650047 6 10 7 6 10 7 1
dome_pierce_cut done 1 1 0
S 15.344454957265981 43.074706762996925 1.959112669910912 0.79234792743536986 1.4999999925977598 6 10 7 6 10 7 1
dome_pierce_common done 1 1 0
S 0.6555465880980228 4.3689248265901979 2.9570574150159334 0.97911262385722087 1.5000000033441414 3 4 3 3 4 3 1
dome_side_cone_fuse done 1 1 0
S 18.22437888938444 47.845139179207294 2.0239730297622045 0.91486106633630437 1.6917492377851759 7 15 10 7 15 10 1
dome_side_cone_cut done 1 1 0
S 14.358748471152671 41.821182496854654 1.9967748158772971 0.71646783945654846 1.4068493318081101 6 12 8 6 12 8 1
dome_side_cone_common done 1 1 0
S 1.6412514391797066 9.9852577203664161 2.0282160060187939 1.5307943469539536 2.3149433699404685 4 6 4 4 6 4 1
knot_tilt_cone_fuse done 1 1 0
S 127.00825849706632 177.62690975748112 4.1778423260563349 2.7449085736339653 -0.092364325243150358 10 24 16 10 24 16 1
knot_tilt_cone_cut done 1 1 0
S 113.39534792291759 169.39402317779977 4.0791421610754703 2.582229000595651 -0.11730787820986284 9 21 14 8 20 14 1
knot_tilt_cone_common done 1 1 0
S 6.6123845048905743 22.483248423125488 4.9426849299581237 3.7531538552398187 0.014468900103753865 5 9 6 4 8 6 1
apex_wall_cut done 1 1 1
S 15.554108087580415 42.464615252551837 2.0000011092493253 0.77587131645144702 1.4787299245984848 6 11 7 6 11 7 1
apex_wall_common done 1 1 1
S 0.44590907156349702 4.0785321335181113 1.9999982871859219 1.6416569737411428 2.2419393788784969 3 5 3 3 5 3 1
ruling_tilt_cut done 1 1 0
S 191.17979790428944 227.26984847103424 5.3162333995283388 3.3047798598621974 -0.59725535718967282 8 18 12 8 18 12 1
ruling_tilt_common done 1 1 0
S 0.82019958645556656 6.4238215436787192 10.294505153334212 2.1858706428906811 -1.2397469236958434 4 6 4 4 6 4 1
dome_touch_cut done 1 1 0
S 12.394766426469886 49.406338365011266 2.1597270169127736 0.77338532849532371 1.4999999988400143 6 14 9 6 14 9 1
dome_touch_common done 1 1 0
S 3.6052301823298984 14.108024352281952 1.4508587178367847 0.89150088488079471 1.5000000005449521 5 8 5 5 8 5 1
