torus_gentle done 2
S above 29.608812162403101 95.972004564166056 0.62280466239198706 -6.287951051259484e-08 0.39361675913714222 4 8 5 1
S below 29.608813138364155 95.972008628515312 -0.62280463932501018 3.2165640925222694e-08 -0.39361675049289868 3 6 4 1
torus_band_offset done 2
S above 19.340793712155786 80.373894918897875 1.3045531139533884 0.43485091670364495 0.47200442735096509 4 8 5 1
S below 39.876830165933242 104.58829264490113 -0.63272565148299365 -0.21090850800262875 -0.22892843518537911 3 6 4 1
torus_top_band done 2
S above 3.4070415423729452 44.992290824996829 1.5226710922439202 9.2574511806238383e-07 0.83535502084939106 2 3 2 1
S below 55.81058541159868 116.5623305326222 -0.092953728259212373 -6.509499124801508e-08 -0.05099549616652873 3 5 3 1
torus_top_cap done 2
S above 9.4742779461602016 42.262153268998482 2.5288357264184413 -3.0277739523597532e-07 0.50006406957752214 5 8 5 1
S below 49.743422936688987 111.72125027398798 -0.48165104357618532 -1.1636564481765762e-11 -0.095242816490989785 2 6 4 1
torus_cap_outer done 2
S above 0.93363788610219811 9.6161721470367745 3.7359028568366082 -2.2657190083399473e-07 -1.3239705888999033e-08 5 8 5 1
S below 58.283957263610134 117.79448437948541 -0.059844380428063199 -1.4544255149678901e-10 3.6126203034138681e-08 2 6 4 1
torus_peanut done 2
S above 13.513119255695416 36.655728913823509 2.8798202376603248 3.8286171576656572e-07 -4.4809974382446136e-08 5 8 5 1
S below 45.704517816325094 103.26919845633233 -0.85145520890916959 -5.6009464125836955e-09 -2.1545634388422902e-07 2 6 4 1
torus_hole_slice done 2
S above 14.999634631607275 39.229523809956959 2.7983528155680557 6.4284581488222576e-08 0.04738887827607547 5 8 5 1
S below 44.217989035761477 100.42038010585668 -0.94925771653683233 -9.3892927931979329e-09 -0.016075305843172696 2 6 4 1
torus_two_ovals done 2
S above 19.679361226624572 46.639980444445001 2.5647370814311667 1.6395744738656304e-07 -2.857875651774911e-10 4 5 3 1
S below 39.538253906041305 86.644782899256285 -1.2765459172996887 -1.390160878702856e-15 5.5119904174824277e-09 3 3 2 1
torus_steep done 2
S above 29.608806467994679 68.240264569112057 1.9359862938736032 3.102415073817907e-06 0.053583160783033802 4 5 3 1
S below 29.609032232813639 68.239913472180561 -1.9359777310433144 -1.2238930785255582e-14 -0.053582665715308404 3 3 2 1
torus_skew_ovals done 2
S above 26.210886942730546 59.268047203602052 2.0860903133487341 0.62582693947875845 0.023398979920532373 4 5 3 1
S below 33.006716929858413 72.900890098102266 -1.6565804189805164 -0.49697412569415744 -0.018581655314059305 3 3 2 1
torus_small_tube done 2
S above 9.0344080455363223 44.511542127161441 2.6231067380033708 0.0006939687480439421 0.057060166527904785 4 5 3 1
S below 10.712822875745015 51.639855189508125 -2.2126509615052394 -4.9580697077165871e-14 -0.048335480147894884 3 3 2 1
torus_tilted_spiric done 2
S above 8.1309185830689739 41.957360328053554 2.5765410891496558 -1.8130511838274235 0.75079712645371532 5 8 5 1
S below 19.619123117850581 65.816429166480376 0.34672299841335319 -2.0779210865771267 0.39610521802325688 2 6 4 1
torus_tilted_band done 2
S above 7.0986897854645967 48.493503836860114 1.6073579608321971 -1.7209942769222215 0.87200760299392577 2 3 2 1
S below 20.65957290768182 68.082321310349911 0.79131003369500685 -2.0958671827323441 0.37217709921260417 3 5 3 1
