case bite_tiltx_fuse
plane 0.0 0.0 -6.0 0.0 0.0 1.0 1.0 0.0 0.0
wire C 0.0 0.0 -6.0 2.0
prism 0.0 0.0 12.0
boolean fuse
plane 0.0 6.4 -4.8 0.0 -0.8 0.6 1.0 0.0 0.0
wire C 1.2 6.4 -4.8 1.5
prism 0.0 -12.8 9.6
end
case bite_tiltx_cut
plane 0.0 0.0 -6.0 0.0 0.0 1.0 1.0 0.0 0.0
wire C 0.0 0.0 -6.0 2.0
prism 0.0 0.0 12.0
boolean cut
plane 0.0 6.4 -4.8 0.0 -0.8 0.6 1.0 0.0 0.0
wire C 1.2 6.4 -4.8 1.5
prism 0.0 -12.8 9.6
end
case bite_tiltx_common
plane 0.0 0.0 -6.0 0.0 0.0 1.0 1.0 0.0 0.0
wire C 0.0 0.0 -6.0 2.0
prism 0.0 0.0 12.0
boolean common
plane 0.0 6.4 -4.8 0.0 -0.8 0.6 1.0 0.0 0.0
wire C 1.2 6.4 -4.8 1.5
prism 0.0 -12.8 9.6
end
case rings_pipe_fuse
plane 0.0 -4.8 -6.4 0.0 0.6 0.8 0.0 -0.8 0.6
wire C 0.6 -4.8 -6.4 1.0
prism 0.0 9.6 12.8
boolean fuse
plane 0.0 0.0 -7.0 0.0 0.0 1.0 1.0 0.0 0.0
wire C 0.0 0.0 -7.0 2.5
prism 0.0 0.0 14.0
end
case rings_pipe_cut
plane 0.0 -4.8 -6.4 0.0 0.6 0.8 0.0 -0.8 0.6
wire C 0.6 -4.8 -6.4 1.0
prism 0.0 9.6 12.8
boolean cut
plane 0.0 0.0 -7.0 0.0 0.0 1.0 1.0 0.0 0.0
wire C 0.0 0.0 -7.0 2.5
prism 0.0 0.0 14.0
end
case rings_pipe_common
plane 0.0 -4.8 -6.4 0.0 0.6 0.8 0.0 -0.8 0.6
wire C 0.6 -4.8 -6.4 1.0
prism 0.0 9.6 12.8
boolean common
plane 0.0 0.0 -7.0 0.0 0.0 1.0 1.0 0.0 0.0
wire C 0.0 0.0 -7.0 2.5
prism 0.0 0.0 14.0
end
case blind_tilt_fuse
plane 0.0 -1.7999999999999998 -2.4000000000000004 0.0 0.6 0.8 1.0 -0.0 0.0
wire C 0.0 -1.7999999999999998 -2.4000000000000004 2.0
prism 0.0 3.5999999999999996 4.800000000000001
boolean fuse
plane -6.0 0.0 0.0 1.0 0.0 0.0 0.0 1.0 0.0
wire C -6.0 -0.14 0.48 1.0
prism 6.5 0.0 0.0
end
case blind_tilt_cut
plane 0.0 -1.7999999999999998 -2.4000000000000004 0.0 0.6 0.8 1.0 -0.0 0.0
wire C 0.0 -1.7999999999999998 -2.4000000000000004 2.0
prism 0.0 3.5999999999999996 4.800000000000001
boolean cut
plane -6.0 0.0 0.0 1.0 0.0 0.0 0.0 1.0 0.0
wire C -6.0 -0.14 0.48 1.0
prism 6.5 0.0 0.0
end
case hole_tiltx_fuse
plane 0.0 0.0 0.0 0.0 0.0 1.0 1.0 0.0 0.0
wire P 4 0.0 0.0 0.0 10.0 0.0 0.0 10.0 10.0 0.0 0.0 10.0 0.0
wire C 5.0 5.0 0.0 3.0
prism 0.0 0.0 10.0
boolean fuse
plane 5.0 12.2 -0.39999999999999947 0.0 -0.8 0.6 1.0 0.0 0.0
wire C 5.8 12.2 -0.39999999999999947 0.6
prism 0.0 -14.4 10.799999999999999
end
case hole_tiltx_cut
plane 0.0 0.0 0.0 0.0 0.0 1.0 1.0 0.0 0.0
wire P 4 0.0 0.0 0.0 10.0 0.0 0.0 10.0 10.0 0.0 0.0 10.0 0.0
wire C 5.0 5.0 0.0 3.0
prism 0.0 0.0 10.0
boolean cut
plane 5.0 12.2 -0.39999999999999947 0.0 -0.8 0.6 1.0 0.0 0.0
wire C 5.8 12.2 -0.39999999999999947 0.6
prism 0.0 -14.4 10.799999999999999
end
case hole_tiltx_common
plane 0.0 0.0 0.0 0.0 0.0 1.0 1.0 0.0 0.0
wire P 4 0.0 0.0 0.0 10.0 0.0 0.0 10.0 10.0 0.0 0.0 10.0 0.0
wire C 5.0 5.0 0.0 3.0
prism 0.0 0.0 10.0
boolean common
plane 5.0 12.2 -0.39999999999999947 0.0 -0.8 0.6 1.0 0.0 0.0
wire C 5.8 12.2 -0.39999999999999947 0.6
prism 0.0 -14.4 10.799999999999999
end
case skew_lean_cut
plane -3.5999999999999996 0.0 -4.800000000000001 0.6 0.0 0.8 0.0 1.0 -0.0
wire C -3.5999999999999996 0.0 -4.800000000000001 2.0
prism 7.199999999999999 0.0 9.600000000000001
boolean cut
plane 0.0 6.4 -4.8 0.0 -0.8 0.6 1.0 0.0 0.0
wire C 1.2 6.4 -4.8 1.3
prism 0.0 -12.8 9.6
end
case skew_lean_common
plane -3.5999999999999996 0.0 -4.800000000000001 0.6 0.0 0.8 0.0 1.0 -0.0
wire C -3.5999999999999996 0.0 -4.800000000000001 2.0
prism 7.199999999999999 0.0 9.600000000000001
boolean common
plane 0.0 6.4 -4.8 0.0 -0.8 0.6 1.0 0.0 0.0
wire C 1.2 6.4 -4.8 1.3
prism 0.0 -12.8 9.6
end
case node_lean_common
plane -3.5999999999999996 0.0 -4.800000000000001 0.6 0.0 0.8 0.0 1.0 -0.0
wire C -3.5999999999999996 0.0 -4.800000000000001 1.5
prism 7.199999999999999 0.0 9.600000000000001
boolean common
plane 0.0 6.4 -4.8 0.0 -0.8 0.6 1.0 0.0 0.0
wire C 0.0 6.4 -4.8 1.5
prism 0.0 -12.8 9.6
end
case node_r125_fuse
plane 0.0 0.0 -5.0 0.0 0.0 1.0 0.9230769230769231 0.38461538461538464 -0.0
wire C 0.0 0.0 -5.0 1.5
prism 0.0 0.0 10.0
boolean fuse
plane -6.0 0.0 0.0 1.0 0.0 0.0 0.0 1.0 0.0
wire C -6.0 0.0 0.0 1.5
prism 12.0 0.0 0.0
end
