bite_tiltx_fuse done 1 1 0
S 240.86555544473924 291.23392903148005 0.48552046027843287 2.0021417790392956e-05 6.9032720524237379e-06 6 9 6 6 9 6 1
bite_tiltx_cut done 1 1 0
S 127.76798090952164 180.99929538587202 -0.14692318347966596 3.397099880641054e-05 1.3834341787985008e-05 4 6 4 4 6 4 1
bite_tiltx_common done 1 1 0
S 23.030381818578626 49.631956800774084 0.81506700458055437 -0.000173487446716294 0.00014317058926851484 3 3 2 2 2 2 1
rings_pipe_fuse done 1 1 0
S 300.33586989453613 306.48148520418806 0.053080660860767015 6.6695848689852164e-06 -4.7910234386812612e-05 7 9 6 7 9 6 1
rings_pipe_cut done 2 1 0
S 12.719257615482629 34.730953776113346 0.62669317169475403 -3.6141614686465413 -4.6816548679499643 3 3 2 3 3 2 1
S 12.72027730163537 34.733459819600974 0.62670046175963168 3.6141118991897336 4.6816050997600973 3 3 2 3 3 2 1
rings_pipe_common done 1 1 0
S 24.825036628431434 59.520779580185994 0.5726452005330277 4.5590048741824471e-06 2.5712309773738152e-05 3 3 2 3 3 2 1
blind_tilt_fuse done 1 1 0
S 88.308988717754346 126.60947708202234 -0.57649237728063008 -0.022041270248233907 0.071356046365877349 5 6 4 5 6 4 1
blind_tilt_cut done 1 1 0
S 67.888542185764564 114.89020957597977 0.077284315989197522 0.01344006328310343 -0.051561524078496491 5 6 4 5 6 4 1
hole_tiltx_fuse done 1 1 0
S 731.60454982756119 776.09321792966887 5.0155921993137094 5.0000002006863005 4.9999997711249629 12 24 16 12 24 16 1
hole_tiltx_cut done 1 1 0
S 711.24703305389346 746.35856601194189 4.9931406537899248 5.0000002114958901 4.9999997552893891 9 21 14 9 21 14 1
hole_tiltx_common done 2 1 0
S 3.0048764692012337 12.986919322916767 5.8118553270886766 1.0644843462455793 7.9516370231164437 3 3 2 3 3 2 1
S 3.0049017348018277 12.987014453946003 5.8118559484144079 8.9355085509934984 2.0483682274054038 3 3 2 3 3 2 1
skew_lean_cut done 1 1 0
S 131.30824394701335 185.24723900871251 -0.15958949652402002 0.043097224090485699 -0.053532009448772649 5 6 4 4 5 4 1
skew_lean_common done 1 1 0
S 19.472048393556229 42.066278318483221 1.0768184968397601 -0.29050002630216265 0.36163478454437037 3 3 2 2 2 2 1
node_lean_common done 1 1 0
S 20.518233864297635 41.036467728109471 -1.104703025207804e-10 2.983324755416343e-10 9.9735611732483169e-11 6 12 8 4 10 8 1
node_r125_fuse done 1 1 0
S 137.50883636334046 199.61944904029744 4.0392081726585488e-12 -1.8906934345702947e-11 -3.8200249919489842e-11 8 16 10 8 16 10 1
