case face_cap_fuse
sphere 0.0 0.0 0.0 0.0 0.0 1.0 1.0 0.0 0.0 2.0 -1.5707963267948966 1.5707963267948966
boolean fuse
plane 0.0 0.0 1.0 0.0 0.0 1.0 1.0 0.0 0.0
wire P 4 -3.0 -3.0 1.0 3.0 -3.0 1.0 3.0 3.0 1.0 -3.0 3.0 1.0
prism 0.0 0.0 3.0
end
case face_cap_cut
sphere 0.0 0.0 0.0 0.0 0.0 1.0 1.0 0.0 0.0 2.0 -1.5707963267948966 1.5707963267948966
boolean cut
plane 0.0 0.0 1.0 0.0 0.0 1.0 1.0 0.0 0.0
wire P 4 -3.0 -3.0 1.0 3.0 -3.0 1.0 3.0 3.0 1.0 -3.0 3.0 1.0
prism 0.0 0.0 3.0
end
case face_cap_common
sphere 0.0 0.0 0.0 0.0 0.0 1.0 1.0 0.0 0.0 2.0 -1.5707963267948966 1.5707963267948966
boolean common
plane 0.0 0.0 1.0 0.0 0.0 1.0 1.0 0.0 0.0
wire P 4 -3.0 -3.0 1.0 3.0 -3.0 1.0 3.0 3.0 1.0 -3.0 3.0 1.0
prism 0.0 0.0 3.0
end
case corner_box_cut
plane 0.0 0.0 1.5 0.0 0.0 1.0 1.0 0.0 0.0
wire P 4 1.0 0.5 1.5 6.0 0.5 1.5 6.0 6.0 1.5 1.0 6.0 1.5
prism 0.0 0.0 4.5
boolean cut
sphere 0.0 0.0 0.0 0.0 0.0 1.0 1.0 0.0 0.0 3.0 -1.5707963267948966 1.5707963267948966
end
case corner_box_common
plane 0.0 0.0 1.5 0.0 0.0 1.0 1.0 0.0 0.0
wire P 4 1.0 0.5 1.5 6.0 0.5 1.5 6.0 6.0 1.5 1.0 6.0 1.5
prism 0.0 0.0 4.5
boolean common
sphere 0.0 0.0 0.0 0.0 0.0 1.0 1.0 0.0 0.0 3.0 -1.5707963267948966 1.5707963267948966
end
case corner_tilt_common
plane 0.0 0.8999999999999999 1.2000000000000002 0.0 0.6 0.8 1.0 -0.0 0.0
wire P 4 1.0 1.2999999999999998 0.9000000000000001 6.0 1.2999999999999998 0.9000000000000001 6.0 5.700000000000001 -2.3999999999999995 1.0 5.700000000000001 -2.3999999999999995
prism 0.0 2.6999999999999997 3.6
boolean common
sphere 0.0 0.0 0.0 0.0 0.0 1.0 1.0 0.0 0.0 3.0 -1.5707963267948966 1.5707963267948966
end
case corner_lean_cut
plane 1.9 2.0 0.20000000000000018 0.6 0.0 0.8 0.0 1.0 -0.0
wire P 4 1.5 3.0 0.5000000000000002 1.5 8.0 0.5000000000000002 -2.900000000000001 8.0 3.8 -2.900000000000001 3.0 3.8
prism 2.6999999999999997 0.0 3.6
boolean cut
sphere 1.0 2.0 -1.0 0.0 -0.8 0.6 1.0 0.0 0.0 3.0 -1.5707963267948966 1.5707963267948966
end
case corner_lean_common
plane 1.9 2.0 0.20000000000000018 0.6 0.0 0.8 0.0 1.0 -0.0
wire P 4 1.5 3.0 0.5000000000000002 1.5 8.0 0.5000000000000002 -2.900000000000001 8.0 3.8 -2.900000000000001 3.0 3.8
prism 2.6999999999999997 0.0 3.6
boolean common
sphere 1.0 2.0 -1.0 0.0 -0.8 0.6 1.0 0.0 0.0 3.0 -1.5707963267948966 1.5707963267948966
end
case edge_wedge_common
sphere 0.0 0.0 0.0 0.0 0.0 1.0 1.0 0.0 0.0 2.5 -1.5707963267948966 1.5707963267948966
boolean common
plane 0.0 0.0 -5.0 0.0 0.0 1.0 1.0 0.0 0.0
wire P 4 0.5 0.75 -5.0 5.0 0.75 -5.0 5.0 5.0 -5.0 0.5 5.0 -5.0
prism 0.0 0.0 10.0
end
case zone_post_fuse
sphere 0.0 0.0 0.0 0.0 0.0 1.0 1.0 0.0 0.0 2.0 -0.5 1.0
boolean fuse
plane 0.0 0.0 1.0 0.0 0.0 1.0 1.0 0.0 0.0
wire P 4 -0.5 -0.5 1.0 0.5 -0.5 1.0 0.5 0.5 1.0 -0.5 0.5 1.0
prism 0.0 0.0 3.0
end
case zone_post_cut
sphere 0.0 0.0 0.0 0.0 0.0 1.0 1.0 0.0 0.0 2.0 -0.5 1.0
boolean cut
plane 0.0 0.0 1.0 0.0 0.0 1.0 1.0 0.0 0.0
wire P 4 -0.5 -0.5 1.0 0.5 -0.5 1.0 0.5 0.5 1.0 -0.5 0.5 1.0
prism 0.0 0.0 3.0
end
case zone_post_common
sphere 0.0 0.0 0.0 0.0 0.0 1.0 1.0 0.0 0.0 2.0 -0.5 1.0
boolean common
plane 0.0 0.0 1.0 0.0 0.0 1.0 1.0 0.0 0.0
wire P 4 -0.5 -0.5 1.0 0.5 -0.5 1.0 0.5 0.5 1.0 -0.5 0.5 1.0
prism 0.0 0.0 3.0
end
case zone_side_common
sphere 0.0 0.0 0.0 1.0 0.0 0.0 0.0 1.0 0.0 2.0 -0.5 1.0
boolean common
plane 0.0 0.0 -0.5 0.0 0.0 1.0 1.0 0.0 0.0
wire P 4 1.0 0.5 -0.5 4.0 0.5 -0.5 4.0 3.0 -0.5 1.0 3.0 -0.5
prism 0.0 0.0 1.0
end
case hemisphere_box_cut
sphere 0.0 0.0 0.0 0.0 0.0 1.0 1.0 0.0 0.0 2.0 0.0 1.5707963267948966
boolean cut
plane 0.0 0.0 -1.0 0.0 0.0 1.0 1.0 0.0 0.0
wire P 4 -1.0 -1.0 -1.0 3.0 -1.0 -1.0 3.0 3.0 -1.0 -1.0 3.0 -1.0
prism 0.0 0.0 2.0
end
case hemisphere_box_common
sphere 0.0 0.0 0.0 0.0 0.0 1.0 1.0 0.0 0.0 2.0 0.0 1.5707963267948966
boolean common
plane 0.0 0.0 -1.0 0.0 0.0 1.0 1.0 0.0 0.0
wire P 4 -1.0 -1.0 -1.0 3.0 -1.0 -1.0 3.0 3.0 -1.0 -1.0 3.0 -1.0
prism 0.0 0.0 2.0
end
case dome_on_box_fuse
sphere 0.0 0.0 0.0 0.0 0.0 1.0 1.0 0.0 0.0 1.5 0.0 1.5707963267948966
boolean fuse
plane 0.0 0.0 -1.0 0.0 0.0 1.0 1.0 0.0 0.0
wire P 4 -2.0 -2.0 -1.0 2.0 -2.0 -1.0 2.0 2.0 -1.0 -2.0 2.0 -1.0
prism 0.0 0.0 1.0
end
case dome_on_box_common
sphere 0.0 0.0 0.0 0.0 0.0 1.0 1.0 0.0 0.0 1.5 0.0 1.5707963267948966
boolean common
plane 0.0 0.0 -1.0 0.0 0.0 1.0 1.0 0.0 0.0
wire P 4 -2.0 -2.0 -1.0 2.0 -2.0 -1.0 2.0 2.0 -1.0 -2.0 2.0 -1.0
prism 0.0 0.0 1.0
end
case hemisphere_in_box_cut
sphere 0.0 0.0 0.0 0.0 0.0 1.0 1.0 0.0 0.0 1.5 0.0 1.5707963267948966
boolean cut
plane 0.0 0.0 0.0 0.0 0.0 1.0 1.0 0.0 0.0
wire P 4 -2.0 -2.0 0.0 2.0 -2.0 0.0 2.0 2.0 0.0 -2.0 2.0 0.0
prism 0.0 0.0 1.0
end
case hemisphere_in_box_common
sphere 0.0 0.0 0.0 0.0 0.0 1.0 1.0 0.0 0.0 1.5 0.0 1.5707963267948966
boolean common
plane 0.0 0.0 0.0 0.0 0.0 1.0 1.0 0.0 0.0
wire P 4 -2.0 -2.0 0.0 2.0 -2.0 0.0 2.0 2.0 0.0 -2.0 2.0 0.0
prism 0.0 0.0 1.0
end
case sphere_in_box_cut
plane 0.0 0.0 -2.0 0.0 0.0 1.0 1.0 0.0 0.0
wire P 4 -2.0 -2.0 -2.0 2.0 -2.0 -2.0 2.0 3.0 -2.0 -2.0 3.0 -2.0
prism 0.0 0.0 4.0
boolean cut
sphere 0.0 0.25 0.0 0.0 0.0 1.0 1.0 0.0 0.0 1.0 -1.5707963267948966 1.5707963267948966
end
case box_in_sphere_cut
sphere 0.0 0.0 0.0 0.0 0.0 1.0 1.0 0.0 0.0 2.0 -1.5707963267948966 1.5707963267948966
boolean cut
plane 0.0 0.0 -0.5 0.0 0.0 1.0 1.0 0.0 0.0
wire P 4 -1.0 -1.0 -0.5 1.0 -1.0 -0.5 1.0 1.0 -0.5 -1.0 1.0 -0.5
prism 0.0 0.0 1.5
end
case bar_tilt_common
sphere 0.25 -0.5 0.75 0.0 0.0 1.0 1.0 0.0 0.0 2.0 -1.5707963267948966 1.5707963267948966
boolean common
plane 0.25 -2.9 -2.45 0.0 0.6 0.8 1.0 -0.0 0.0
wire P 4 -0.25 -3.3 -2.1500000000000004 0.75 -3.3 -2.1500000000000004 0.75 -2.5 -2.75 -0.25 -2.5 -2.75
prism 0.0 4.8 6.4
end
case bar_through_cut
plane 0.25 -2.9 -2.45 0.0 0.6 0.8 1.0 -0.0 0.0
wire P 4 -0.25 -3.3 -2.1500000000000004 0.75 -3.3 -2.1500000000000004 0.75 -2.5 -2.75 -0.25 -2.5 -2.75
prism 0.0 4.8 6.4
boolean cut
sphere 0.25 -0.5 0.75 0.0 0.0 1.0 1.0 0.0 0.0 2.0 -1.5707963267948966 1.5707963267948966
end
case slab_cut
sphere 0.0 0.0 0.0 0.0 0.0 1.0 1.0 0.0 0.0 2.0 -1.5707963267948966 1.5707963267948966
boolean cut
plane 0.0 0.0 -0.25 0.0 0.0 1.0 1.0 0.0 0.0
wire P 4 -3.0 -3.0 -0.25 3.0 -3.0 -0.25 3.0 3.0 -0.25 -3.0 3.0 -0.25
prism 0.0 0.0 0.5
end
case lshape_cut
plane 0.0 0.0 -1.0 0.0 0.0 1.0 1.0 0.0 0.0
wire P 6 0.0 0.0 -1.0 4.0 0.0 -1.0 4.0 1.0 -1.0 1.0 1.0 -1.0 1.0 4.0 -1.0 0.0 4.0 -1.0
prism 0.0 0.0 2.0
boolean cut
sphere 0.5 0.5 0.0 0.0 0.0 1.0 1.0 0.0 0.0 1.5 -1.5707963267948966 1.5707963267948966
end
case octant_common
sphere 0.0 0.0 0.0 0.0 0.0 1.0 1.0 0.0 0.0 2.0 -1.5707963267948966 1.5707963267948966
boolean common
plane 0.0 0.0 0.0 0.0 0.0 1.0 1.0 0.0 0.0
wire P 4 0.0 0.0 0.0 5.0 0.0 0.0 5.0 5.0 0.0 0.0 5.0 0.0
prism 0.0 0.0 5.0
end
case face_tangent_fuse
sphere 0.0 0.0 0.0 0.0 0.0 1.0 1.0 0.0 0.0 2.0 -1.5707963267948966 1.5707963267948966
boolean fuse
plane 0.0 0.0 2.0 0.0 0.0 1.0 1.0 0.0 0.0
wire P 4 -3.0 -3.0 2.0 3.0 -3.0 2.0 3.0 3.0 2.0 -3.0 3.0 2.0
prism 0.0 0.0 2.0
end
case face_tangent_common
sphere 0.0 0.0 0.0 0.0 0.0 1.0 1.0 0.0 0.0 2.0 -1.5707963267948966 1.5707963267948966
boolean common
plane 0.0 0.0 2.0 0.0 0.0 1.0 1.0 0.0 0.0
wire P 4 -3.0 -3.0 2.0 3.0 -3.0 2.0 3.0 3.0 2.0 -3.0 3.0 2.0
prism 0.0 0.0 2.0
end
case inscribed_cut
sphere 0.0 0.0 0.0 0.0 0.0 1.0 1.0 0.0 0.0 3.0 -1.5707963267948966 1.5707963267948966
boolean cut
plane 0.0 0.0 -2.0 0.0 0.0 1.0 1.0 0.0 0.0
wire P 4 -1.0 -2.0 -2.0 1.0 -2.0 -2.0 1.0 2.0 -2.0 -1.0 2.0 -2.0
prism 0.0 0.0 4.0
end
case edge_tangent_common
sphere 0.0 0.0 0.0 0.0 0.0 1.0 1.0 0.0 0.0 5.0 -1.5707963267948966 1.5707963267948966
boolean common
plane 0.0 0.0 4.0 0.0 0.0 1.0 1.0 0.0 0.0
wire P 4 -6.0 3.0 4.0 6.0 3.0 4.0 6.0 8.0 4.0 -6.0 8.0 4.0
prism 0.0 0.0 5.0
end
