face_cap_fuse done 1 1 0
S 136.27433388230813 172.27433388230816 -3.0958489198847652e-17 1.3839194464445136e-17 1.9294272739318681 7 15 10 7 15 10 1
face_cap_cut done 1 1 0
S 28.274333882308145 47.123889803846907 -6.2825771485699078e-17 4.9389233924889528e-17 -0.24999999999999967 2 3 2 2 3 2 1
face_cap_common done 1 1 0
S 5.2359877559829817 21.991148575128534 2.9685177026992864e-16 3.8536808805961449e-17 1.3500000000000003 2 3 2 2 3 2 1
corner_box_cut done 1 1 0
S 122.56863440912267 147.60373235946975 3.5194649419387494 3.2707511695931175 3.7678845241966501 7 15 10 7 15 10 1
corner_box_common done 1 1 0
S 1.1813656076915853 7.7092779352378757 1.4804800747422002 1.0970318262786922 1.8944510397379726 4 6 4 4 6 4 1
corner_tilt_common done 1 1 0
S 1.1813656046488821 7.7092779188162437 1.4804800753181044 2.0142960846185671 0.85734173401107927 4 6 4 4 6 4 1
corner_lean_cut done 1 1 0
S 122.56863439585014 147.60373233944358 0.64412977873522403 5.519464942134956 3.9767583213249842 7 15 10 7 15 10 1
corner_lean_common done 1 1 0
S 1.1813656036152065 7.7092779152117261 1.2590451610628526 3.4804800754788148 1.1737799267547624 4 6 4 4 6 4 1
edge_wedge_common done 1 1 0
S 6.2106657256335973 22.959983511602793 1.1477445353655726 1.333243640578317 -2.0492688276237329e-09 3 3 2 3 3 2 1
zone_post_fuse done 1 1 0
S 29.600080583342283 55.812445069369687 -1.6175080267823279e-17 -2.1115187311293463e-18 0.43805486954883416 8 15 10 8 15 10 1
zone_post_cut done 1 1 0
S 26.600080583342276 49.275980826296006 -8.0132895253006616e-17 3.9052716577111857e-18 0.20550537136320673 8 15 10 8 15 10 1
zone_post_common done 1 1 0
S 0.6829419696157929 4.731767878463172 -2.8225539460034062e-19 1.8760750260366321e-18 1.3414709848078965 6 12 8 6 12 8 1
zone_side_common done 1 1 0
S 0.63435012081376918 4.5919350040792972 1.3015685041597183 0.98415045839887771 -2.5540047263245321e-13 7 15 10 6 12 8 1
hemisphere_box_cut done 1 1 0
S 9.2315041657664718 36.261838100522638 -0.28436467537592697 -0.28436467537283366 0.96586064342235389 5 12 8 5 12 8 1
hemisphere_box_common done 1 1 0
S 7.5236566532572411 25.192273476476572 0.34891460446473127 0.34891460445879668 0.48513963744108574 6 12 8 5 9 6 1
dome_on_box_fuse done 1 1 0
S 23.068583470577032 55.068583470577032 -6.3166761915792173e-17 3.1887037493368369e-17 -0.17443298167539217 7 15 10 7 15 10 1
dome_on_box_common done 0 1 0
hemisphere_in_box_cut done 1 1 0
S 1.0471975511965936 8.639379797371916 3.5781240166464704e-16 8.3365977449423199e-18 1.1718750000000007 2 3 2 2 3 2 1
hemisphere_in_box_common done 1 1 0
S 6.0213859193804442 20.420352248333671 -2.0281797968752835e-16 -7.1307639414220084e-18 0.45652173913043476 3 3 2 3 3 2 1
sphere_in_box_cut done 1 1 0
S 75.8112097952136 124.56637061435917 -1.1567460296519259e-17 0.51381322833424437 1.0538748788053325e-17 7 15 10 7 15 10 1
box_in_sphere_cut done 1 1 0
S 27.510321638291131 70.265482457436704 -1.0687262717819723e-19 6.0534898822112832e-17 -0.054524989555635596 7 15 10 7 15 10 1
bar_tilt_common done 1 1 0
S 3.9154073880218561 17.361638907511743 0.25000000000001482 -0.5000000000000201 0.74999999999995826 6 12 8 6 12 8 1
bar_through_cut done 2 1 0
S 2.0422962970021179 10.362782353117163 0.25000000000001288 1.2872039437002147 3.1329385916062495 6 12 8 6 12 8 1
S 2.0422962970021694 10.362782353117353 0.2499999999999987 -2.287203943700197 -1.6329385916062369 6 12 8 6 12 8 1
slab_cut done 2 1 0
S 13.629930627293202 34.361169648638345 4.8872869054901631e-17 2.8392488016059627e-17 0.89338235294117696 2 3 2 2 3 2 1
S 13.629930627293207 34.361169648638359 2.4436434527450806e-17 4.7757924888613792e-17 -0.89338235294117674 2 3 2 2 3 2 1
lshape_cut done 2 1 0
S 4.3021989717117348 17.941613473138609 0.50000000000007239 2.9212424234977989 -1.2464270583947338e-14 6 12 8 6 12 8 1
S 4.3021989727121692 17.941613477168389 2.9212424233223304 0.49999999996661515 1.5132982469909258e-14 7 15 10 6 12 8 1
octant_common done 1 1 1
S 4.1887902047863665 15.707963267948809 0.74999999999999922 0.75000000000000366 0.75000000000000344 4 7 4 4 7 4 1
face_tangent_fuse done 2 1 0
S 33.510321638291131 50.265482457436704 -8.7427029046467502e-17 8.2583530701259093e-17 5.2041704279304205e-18 1 3 2 1 3 2 1
S 72 120 -1.7420044323372002e-17 0 3 6 12 9 6 12 9 1
face_tangent_common done 0 1 0
inscribed_cut done 1 1 0
S 81.097335529232581 177.09733552923257 -2.9947818335564901e-17 -1.0952004944477736e-17 6.023602719462755e-17 7 15 10 7 15 10 1
edge_tangent_common done 0 1 0
