hemi_cap_fuse done 1 0 1
S 261.79938779914852 235.61944901923403 5.8333333333333348 5.2083333333333339 5.6666666666666714 3 7 5 2 3 2 0
hemi_cap_cut done 1 1 1
S 114.27543277432788 197.13493901275928 5.3281786941580771 5.0820446735395199 4.656357388316156 3 5 4 3 3 2 1
hemi_cap_common done 1 1 1
S 147.52395502482062 181.42697574481062 6.2246376811594217 5.3061594202898554 6.4492753623188426 2 4 3 2 3 2 1
cap_hemi_cut done 0 1 1
cap_octant_fuse done 1 0 1
S 164.02810924951683 196.22800468593223 6.3512073235353146 5.1510013396509944 6.2032904211067663 7 17 11 6 13 8 0
cap_octant_cut done 1 0 1
S 98.57714503021397 155.66249904719388 5.4501415019858088 5.9428680124398756 6.6978833995840183 5 13 9 5 12 8 0
cap_octant_common done 1 1 1
S 48.946858723022572 83.374937535729799 7.7844473383737318 4.0238497619503573 5.9485876336605861 5 9 6 5 9 6 1
octant_cap_cut done 1 1 1
S 16.504153483071935 53.571944358288263 7.48256135175704 3.7641046072521878 4.0045309970529956 5 9 6 5 9 6 1
ball_cap_fuse done 1 0 1
S 523.59877553312651 314.15926534032849 5.0000000002525988 4.9999999995609699 4.0000000004081873 3 10 7 1 5 4 0
ball_cap_cut done 1 1 1
S 376.07482086643518 275.67475553383633 4.5196078451665365 4.8799019640034249 3.0392156897094602 2 5 4 2 3 2 1
ball_cap_common done 1 0 1
S 147.52395481510996 181.42697554482805 6.2246376813329292 5.3061594142182322 6.4492753613762499 3 8 6 2 5 4 0
wedge_cap_fuse done 1 0 1
S 183.6917924468498 224.48987427802035 6.1814130682852726 5.8789540472468085 5.7905169402412122 7 18 11 7 17 10 0
wedge_cap_cut done 1 1 1
S 36.167837127075309 68.877413760610935 6.0051054266280222 8.2153096521021585 3.10352608219823 5 9 6 5 9 6 1
wedge_cap_common done 1 1 1
S 9.9088551195375896 36.539564814383056 6.8861440358695729 8.436357767691975 4.8677829202889367 5 10 6 5 10 6 1
chain_cap_fuse done 1 1 1
S 521.18814550025218 801.65013875886859 5.1176126963964359 5.1431298691512426 7.0054980617164482 13 32 23 12 27 18 1
chain_cap_cut done 1 1 1
S 35.188145499880271 97.927526073467632 6.7420168710829955 7.1199636981877532 5.3550006802463033 7 16 11 7 15 10 1
chain_cap_common done 0 1 1
ball_near_fuse done 1 0 1
S 523.59877582571687 314.15926545738358 5.0000000002526486 4.9999999995609139 4.0000000004088276 3 10 7 1 5 4 0
ball_near_common done 1 0 1
S 147.5239548919065 181.42697558575023 6.2246376815544098 5.3061594142740676 6.4492753618205727 3 8 6 2 5 4 0
hemi_octant_fuse done 1 1 1
S 261.79938779914892 235.61944901923434 5.8333333333333321 5.2083333333333286 5.6666666666666714 4 9 5 2 3 2 1
hemi_octant_cut done 1 0 1
S 196.34954084936138 215.98449493429786 6.041666666666667 6.0416666666666652 5.4583333333333401 4 8 5 4 7 4 0
hemi_octant_common done 1 0 1
S 65.449846949787542 98.1747704246811 5.2083333333333304 2.708333333333329 6.2916666666666634 4 7 4 4 7 4 0
