F Axis_of_bearing.brep 18
S valid 10 19 11 11 1 1 29206.340674777835 7374.689558296403 -63.044914245605376 -63.29486107407073 -3.2307171714392207e-16
S valid 12 22 14 12 1 1 6432.841520933735 5041.605260185957 -63.04491424560543 -43.12383270263674 1.6236434640197592e-16
S valid 2 3 1 1 1 1 33.51032163829114 50.26548245743671 -72.5449142456057 -33.1238327026367 4.163336342344332e-17
S valid 2 3 1 1 1 1 33.51032163829117 50.26548245743675 -67.79491400585619 -33.1238327026367 8.227241474371752
S valid 2 3 1 1 1 1 33.51032163829112 50.26548245743668 -58.29491376610652 -33.12383270263669 8.227241059113474
S valid 2 3 1 1 1 1 33.51032163829116 50.26548245743675 -53.54491424560513 -33.12383270263671 1.4344600914369815e-06
S valid 2 3 1 1 1 1 33.51032163829115 50.26548245743671 -58.29491520460314 -33.1238327026367 -8.227241889629859
S valid 2 3 1 1 1 1 33.51032163829117 50.26548245743675 -67.7949134828256 -33.1238327026367 -8.227241776343604
S valid 2 3 1 1 1 1 33.51032163829114 50.26548245743671 -72.5449142456057 -53.1238327026367 -1.040834085586083e-17
S valid 2 3 1 1 1 1 33.51032163829117 50.26548245743675 -67.7949140058562 -53.123832702636705 8.227241474371752
S valid 2 3 1 1 1 1 33.510321638291124 50.26548245743668 -58.294913766106525 -53.12383270263668 8.227241059113474
S valid 2 3 1 1 1 1 33.51032163829116 50.26548245743675 -53.54491424560514 -53.12383270263672 1.434460091541065e-06
S valid 2 3 1 1 1 1 33.51032163829116 50.26548245743671 -58.29491520460315 -53.1238327026367 -8.227241889629852
S valid 2 3 1 1 1 1 33.51032163829118 50.26548245743675 -67.7949134828256 -53.123832702636705 -8.227241776343604
S valid 0 0 0 0 0 1 0.0 0.0 0.0 0.0 0.0
S valid 8 13 11 8 1 1 8566.68297089927 8940.535663482544 -63.04491424560532 -87.22365193815288 -6.294395881870415e-16
S valid 6 9 9 6 1 1 4461.0615680976225 2475.575011028819 -63.0449142456054 -93.81075667176533 -2.3146507465573503e-16
S valid 14 22 20 14 1 1 3827.0540258321867 5272.384704403433 -63.04491424560541 -83.19103836190602 -1.3768551765761146e-15
F Ball.brep 2
S valid 14 21 9 9 1 1 471.15103128785074 593.8485311451457 -1.8811568776934122 -1.8811568776934222 2.3301212957089477
S valid 13 22 8 8 1 1 4141.3555263367125 2600.2464049112123 -0.48303666482189317 -0.48305153591044947 12.31694978069295
F Bottom.brep 1
S valid 405 751 338 323 1 1 310018.6382106015 81102.11231935369 -65.43875255044411 -154.22528960155788 4.409690112617613
F CrankArm.brep 2
S valid 4 6 6 4 1 1 15390.285418817995 7756.215270594774 165.0 1.6654801408712698e-16 -113.0
S valid 84 132 56 49 1 1 38684.67896166416 17103.37905265877 86.43333608720593 -0.0004595612610963417 -113.82172329358866
F MAT.brep 0
F MODERN_Chair_1.brep 4
S valid 20 40 18 18 1 1 5993.011761707357 3006.955712731289 204.99999999999994 141.30538940429688 37.46073597733723
S valid 74 127 51 51 1 1 1035.1123237070365 1597.5314002008934 223.61011861250557 138.08435636995125 38.86178553516079
S valid 74 127 51 51 1 1 1035.112323707036 1597.5314002008934 186.2001186365711 138.0843563699514 38.86178553516081
S valid 20 40 18 18 1 1 1961.6029697069634 1622.5094450305712 205.0 126.90979435198332 78.58121246871859
F MODERN_Cooker_1.brep 3
S valid 36 54 20 20 1 1 84741.0045966643 54844.92590710294 47.32410780496459 240.45744609719017 21.065221207396256
S valid 12 18 8 8 1 1 15080.000000000004 15760.222051018567 54.586206896551715 240.46524003825553 79.00000000000001
S valid 40 68 38 34 1 1 1679.6250450215998 2949.9091546058685 52.57005933037988 240.46524003825542 80.68408784068806
F MODERN_Cooker_1_opened.brep 2
S valid 8 12 6 6 1 1 8246.44555664063 8763.513488769524 116.63349151611283 213.10551661263756 40.99999999999999
S valid 6 10 8 7 1 1 68.73855643467778 104.78462366926323 135.26698330316293 209.51684952460897 67.00000000000001
F MODERN_Exhaust_1.brep 3
S valid 24 36 16 14 1 1 28399.999999999913 27251.185307179574 42.19774389210914 240.46524003825613 250.0000000000002
S valid 44 68 28 27 1 1 21804.390502413044 22397.891429634354 47.15028920681433 240.46524003825354 179.3601910355547
S valid 24 36 16 14 1 1 3368.378764936541 4174.767150965927 51.02978327068652 240.4652400382554 162.40420532226562
F MODERN_MVCooker_1.brep 1
S valid 24 36 16 15 1 1 17993.123889803835 9699.389372261281 14.626022818252729 28.738197922661605 164.99999999999997
F MODERN_MVCooker_1_opened.brep 1
S valid 24 40 20 18 1 1 702.3041999045877 1103.216799620539 46.499999998883794 32.98520528773088 164.18895659501794
F MODERN_Refrigerator_1.brep 2
S valid 32 48 22 20 1 1 85208.62387473154 65098.389342116934 18.592883672198365 35.00000000000005 66.51650347914774
S valid 8 12 6 6 1 1 7560.0 8056.0 27.0 34.99999999999999 149.0
F MODERN_Refrigerator_1_opened.brep 4
S valid 12 20 10 10 1 1 6041.668864446832 6446.004395567668 82.99999999952898 68.99379053877746 125.25000000000132
S valid 12 20 10 10 1 1 13578.491866092012 14175.650398861555 82.9999999996916 68.99591008666002 53.749999999999964
S valid 48 80 34 34 1 1 17.104211259955605 66.6991057752196 112.50000023691699 72.13805452073127 129.50003504753133
S valid 48 80 34 34 1 1 17.104211259955683 66.6991057752198 112.50000023691699 72.13805452073127 85.12853503227234
F MODERN_Sink_1.brep 3
S valid 188 323 153 144 1 1 8081.325220349139 13332.243848875618 161.03991802082308 362.5615574608266 74.10963407689991
S valid 24 36 16 14 1 1 7118.00653929571 8057.77187256938 149.7545084031075 359.4071912865892 79.0
S valid 20 30 12 12 1 1 60436.71600653121 38702.0 159.213268242686 369.26909678702475 21.93137744503422
F MODERN_Sink_1_opened.brep 4
S valid 6 10 8 7 1 1 68.73855643467772 104.78462366926323 210.57183514381336 299.84750339117255 66.99999999999997
S valid 6 10 8 7 1 1 68.73855643467769 104.78462366926323 105.39450385426795 300.34750346667033 66.99999999999997
S valid 8 12 6 6 1 1 7055.999999999997 7539.999999999999 108.98316955566409 314.84750366210943 41.000000000000014
S valid 8 12 6 6 1 1 7055.999999999999 7539.999999999998 206.98316955566403 314.8475036621094 41.00000000000001
F MODERN_Table_1.brep 1
S valid 26 42 26 22 1 1 30649.4813642387 22011.013419506584 200.00000000000023 209.50528347438922 54.11487778612761
F Motor-c.brep 17
S valid 16 24 10 10 1 1 7434.028516383563 6316.673627645409 -1.1789573937814532e-12 -15.631322425855698 41.62645603761049
S valid 54 81 29 29 1 1 53997.609806337525 27567.89208859121 -94.2325372209701 -21.75027311680424 -30.817725627118065
S valid 28 44 26 20 1 1 11306.644976183792 7875.934063356083 -51.080250066715976 -0.00138926838156051 -30.40636097312471
S valid 8 12 6 6 1 1 6384.8488704601805 3006.7721266391463 -1.0357879745107598e-12 -10.975796203024984 84.0
S valid 16 24 12 11 1 1 54240.0 20456.0 -1.3274336283185835 3.599873594890773e-16 -70.82300884955752
S valid 12 18 10 9 1 1 386.9635362879407 428.47545853812477 41.00000000000001 -6.247158098439167e-15 13.762975195860191
S valid 4 6 6 4 1 1 19792.033717615745 6597.3445725385845 1.9483887257553446e-14 -6.032518159627896e-16 66.5
S valid 4 6 6 5 1 1 345.5751918948773 345.57519189487766 -35.17896327433634 -9.869357557026183e-16 40.0
S valid 33 49 18 18 1 1 27056.212350024212 11917.248195888784 -112.21416003877687 -14.670973981286087 -32.09593067649003
S valid 4 6 6 4 1 1 19792.033717615745 6597.3445725385845 1.9483887257553446e-14 -6.032518159627896e-16 16.5
S valid 8 12 6 6 1 1 3724.4951767500315 4077.3259026226115 -1.1447008998405416e-12 -10.875558898141794 41.50000000000006
S valid 8 12 12 9 1 1 5385.318126783632 2008.7343427053163 21.0 1.6784196436270657e-17 -21.660713452339287
S valid 12 18 8 8 1 1 552.9125561858149 1227.8275126206386 20.999999999995982 -4.8374689504200346 -26.72082937320849
S valid 50 85 35 34 1 1 164845.73763054534 42496.920076101494 -3.72898263723162 -34.768263567803736 -31.010789756031837
S valid 48 72 30 27 1 1 89880.12876398867 22339.888090337754 -0.1014770916765974 -20.89580382113964 36.50758190370017
S valid 8 12 6 6 1 1 70.08581618554024 192.89606443574183 20.999999999999783 -4.879303933704075 -38.50000000000001
S valid 22 33 23 17 1 1 133583.2626309525 21726.111317197272 -0.28119988561654563 -8.5856335147902e-15 30.291630981169693
F Pump_Nut.brep 1
S valid 44 67 27 25 1 1 24130.31055540276 7080.232834424753 81.3009684643985 270.52314783153577 -7.027866400553613e-07
F Pump_TopCover.brep 1
S valid 10 16 10 8 1 1 2495397.9456116776 265353.02755768853 81.3009597927038 476.5227842382049 0.0008730061646425958
F Room.brep 0
F Top.brep 1
S invalid 426 755 337 324 1 1 113234.79050872216 52217.8340314329 -63.151355900159686 -85.78163789292259 0.0017808276334888983
F asahi.brep 0
F bottle.brep 1
S valid 75 157 74 71 1 1 6962.85800865849 23266.01243077143 -0.008406454523190112 0.0008657929781130638 25.238035028467348
F edge.brep 0
F face.brep 0
F face1.brep 0
F face2.brep 0
F fuse.brep 0
F hammer.brep 0
F mal_ecrou.brep 1
S valid 2 3 3 3 1 1 30410.61688674922 5805.663223833944 29.999999999999996 30.0 40.0
F mal_tige.brep 1
S valid 12 18 12 8 1 1 259982.29715025757 39481.41502220537 118.67417217792133 27.34834435584235 10.000000000000002
F mal_vis.brep 1
S valid 5 8 7 6 1 1 29177.425510745947 6641.827216570572 30.0 29.999999999999996 7.0951581085616935
F shell1.brep 0
F solid.brep 1
S valid 12 18 12 8 1 1 259982.29715025757 39481.41502220537 118.67417217792133 27.34834435584235 10.000000000000002
F terrain.brep 0
F wedge_ok.brep 1
S valid 8 12 6 6 1 1 559.9999999999994 421.6045976336579 3.350446428571429 4.35044642857143 4.330357142857142
F wing.brep 0
