cc_loop_equal done 2 0
L open 0 1
p 1 2.2204460492503131e-16 -0.86602540378443893
p 0.87273962575253949 0.48818593933024296 -0.99993019535649763
p 0.50793760194877113 0.86139386568563525 -0.932413256461048
p 0.0045349107956571943 0.99998971660596714 -0.86603133908638419
p -0.50025248665958988 0.86587957992343045 -0.9306622153917542
p -0.868276328039712 0.49608079500530194 -0.99999229014294877
p -0.99996900878487049 0.0078694960930371961 -0.87052140232231978
p -0.93153949241585388 -0.36364021025359311 -0.50410870273441255
p -0.8660254038496229 -0.49999999988706312 -1.5028616862101153e-05
p -0.93153392214209074 -0.36365447307567478 0.50408426738081435
p -0.99996919926821537 0.0078459391422696229 0.87050809086317515
p -0.86829230036812866 0.49605290831660803 0.99999221843850783
p -0.50027466679239907 0.86586676763027115 0.93066723867806689
p 0.0045104088875499672 0.99998982746357468 0.86603127521185386
p 0.50791823952010529 0.86140528360256241 0.9324088273521528
p 0.87273063785990102 0.48820200890889975 0.99993038605637818
p 1 -1.1102230246251565e-16 0.86602540378443849
L open 0 1
p 1 -2.2204460492503131e-16 0.8660254037844386
p 0.99397011383846579 -0.10965129958312891 0.79266972358106247
p 0.97810252631695083 -0.20812361959587319 0.70608848040486383
p 0.9558480305158199 -0.29386143031259276 0.60809869753387691
p 0.93066329706464823 -0.3658768436908193 0.50025722140825346
p 0.90595783476175384 -0.42336784002579719 0.3839164525430534
p 0.88505806749039784 -0.46548062964283299 0.26047486150965005
p 0.87099600076297579 -0.49129016670774894 0.13169599070795324
p 0.86602540378507487 -0.49999999999889738 -1.4850952831378306e-06
p 0.87099621502600744 -0.49128978348457442 -0.13169886796311511
p 0.88505843178355137 -0.46547993770076296 -0.26047742682381303
p 0.90595820880607758 -0.42336703207125059 -0.3839183971411485
p 0.9306636416022892 -0.36587597504569519 -0.50025872420534501
p 0.95584828279621792 -0.29386060932966662 -0.6080997694272775
p 0.97810267462171696 -0.20812292100958651 -0.70608918087831374
p 0.99397015377753317 -0.10965093717455535 -0.79267000229772133
p 1 1.1102230246251565e-16 -0.86602540378443882
cc_loop_unequal done 1 0
L closed 0 1
p 1.1102230246251565e-16 1 -0.45825756949558405
p -0.37518943178773623 0.92694815949083076 -0.4836157405151244
p -0.69564511788781502 0.71838559965733384 -0.49329411799646344
p -0.89913347956463907 0.43767453111258781 -0.34455804607465534
p -0.9539392004879409 0.30000000299243579 -5.4780580377993495e-05
p -0.89916990635822858 0.43759967987169934 0.34447933162115874
p -0.69572663904672405 0.7183066501020513 0.49328104953946716
p -0.37525283000040049 0.92692249599765475 0.48362247454080487
p -4.6541700254154603e-05 0.99999999891692359 0.45825756996818201
p 0.37515953133920998 0.9269602613145842 0.48361256172607359
p 0.6956301484429116 0.71840009496042112 0.49329651608738312
p 0.89912926986845831 0.43768318289784502 0.34456714026343249
p 0.9539392002482725 0.30000000373205538 6.1119289797070003e-05
p 0.89916962912619069 0.43760024973962874 -0.34447993156309997
p 0.69572075943421785 0.71831234482441997 -0.49328199253923299
p 0.37523831859310336 0.92692837067786493 -0.48362093463503913
p 1.1102230246251565e-16 1 -0.45825756949558405
cc_rings done 4 0
L open 0 1
p 2 1.1102230246251565e-16 0.86602540378443926
p 1.9970297452238503 -0.10896030299677717 0.79320073916830913
p 1.9892252587195616 -0.20732309152168779 0.70689039717032742
p 1.9783558421115022 -0.29344191173917333 0.60864597483317051
p 1.9662326249266142 -0.36596347874893537 0.50010723338691965
p 1.9545944279931304 -0.42374594048686209 0.38300579748825769
p 1.944996669621545 -0.46581962973824059 0.25921503305238924
p 1.9386894414419835 -0.49140949415179713 0.13079460577426527
p 1.936491673103711 -0.49999999999998895 -1.5165612940848726e-07
p 1.9386894525153842 -0.49140945154603494 -0.13079493021760269
p 1.9449966904608227 -0.46581953819317995 -0.25921537131392686
p 1.9545944565853532 -0.42374580867272454 -0.38300611465133716
p 1.966232650260112 -0.36596334271337755 -0.50010746898988134
p 1.9783558615462622 -0.29344178008640343 -0.608646146077649
p 1.9892252707519456 -0.20732297661983723 -0.70689051252184876
p 1.9970297476697052 -0.10896023786145043 -0.79320078805547201
p 2 0 -0.86602540378443893
L closed 0 1
p -1.3228756555322951 1.5 -2.2204460492503131e-16
p -1.4067708369321443 1.4216173213001764 0.38809987627270975
p -1.5848910637058737 1.2198853850921436 0.69409299733110907
p -1.7728631966120545 0.92571922058704958 0.90485531413504261
p -1.9205547342832843 0.55809455524982099 0.99831103745014904
p -1.9933900659303594 0.16246860388143616 0.94131427375127985
p -1.9914930439069161 -0.18427005903996196 0.72922869033248394
p -1.9559408239515688 -0.41748711622890494 0.39776550698453939
p -1.9364916731070552 -0.49999999998703448 -5.0921806704080028e-06
p -1.9559416882595579 -0.41748306693786769 -0.39777484640896832
p -1.9914937206126577 -0.18426274628860867 -0.72923555269317908
p -1.9933893644499912 0.16247720613653441 -0.9413173562939201
p -1.9205511274136953 0.55810694612906586 -0.99831036676916773
p -1.7728584626458375 0.92572828931282725 -0.90485104884639755
p -1.5848875448755162 1.219889955562679 -0.69408825253706918
p -1.4067690785802043 1.4216190611328525 -0.38809574476618697
p -1.3228756555322951 1.5 -2.2204460492503131e-16
L open 0 1
p 2 1.9428902930940239e-16 -0.86602540378443893
p 1.9960918581436391 0.12496920170829492 -0.92701235972668139
p 1.9834603350898712 0.25668093047734164 -0.96994630207234034
p 1.9612354795208053 0.39186144399183875 -0.99413583416656104
p 1.9292778141245246 0.52714999170821097 -0.99963137268378621
p 1.8881465243868181 0.65947143378932505 -0.98720249915894143
p 1.8389420523994635 0.7863156040216015 -0.95813539524474944
p 1.7830981179415248 0.90584824092421001 -0.91394046238010573
p 1.7222399238488753 1.0168036277354233 -0.85610399498986078
p 1.6580860660266974 1.1183696079774921 -0.78588743014324824
p 1.5924749328298471 1.209968434823544 -0.70423352612834389
p 1.5274619611720335 1.2910693016368426 -0.61172652232239411
p 1.4655039600676902 1.3609916035652763 -0.50861917351087194
p 1.4097240538208857 1.418688862463799 -0.39498199288306884
p 1.3641628075644994 1.4625525389249565 -0.27109524672903773
p 1.3336889087286261 1.4903938970848591 -0.13827489791032238
p 1.3228756555322947 1.5000000000000004 -2.2204460492503131e-16
L open 0 1
p 1.3228756555322947 1.5000000000000002 -2.4492935982947064e-16
p 1.3336846962430253 1.4903976636639056 0.13824790793195413
p 1.3641476665633516 1.46256666173906 0.2710450972971517
p 1.4096928234182184 1.4187198952027398 0.39490980574521134
p 1.4654555562070912 1.3610437227288059 0.50853093740503275
p 1.5273965909295932 1.2911466378064069 0.61162650167383714
p 1.5923941025337094 1.2100748130374759 0.70412627285369078
p 1.6579923795541969 1.1185084934802867 0.78577813099052152
p 1.7221368122986991 1.0169782576885156 0.85599854815201359
p 1.7829898545872773 0.90606131236974807 0.91384581210316163
p 1.8388336422794787 0.78656909975313882 0.95805961125121031
p 1.8880438361106997 0.65976535804315473 0.98715496926678947
p 1.9291970874310465 0.5274453660871139 0.99962329620574697
p 1.961194935257442 0.39206430146668309 0.99415788288636286
p 1.983440809589734 0.25683177818329139 0.9699841268858993
p 1.9960872156845659 0.12504328173844825 0.92704232181505497
p 2 3.8857805861880479e-16 0.86602540378443915
cc_rings_crossing done 4 0
L open 0 1
p 2 0 1
p 1.9901539389597078 -0.19821024423825778 0.98015952853367283
p 1.9622021959345475 -0.3869916598702563 0.92208321699879348
p 1.9204013797555122 -0.55862207881567094 0.82942232274380034
p 1.8706091378679452 -0.70768735578294617 0.70652573070287683
p 1.8195703072263232 -0.83015894253399303 0.55752679739198563
p 1.7746311873916254 -0.92232542257744354 0.38641401267498865
p 1.7433472992761256 -0.98017353667630247 0.19814092419500889
p 1.7320508090084594 -0.99999999750633628 7.0619804749261542e-05
p 1.7433316647914177 -0.98020134422432892 -0.1980033154867521
p 1.7746033808520916 -0.92237892150717504 -0.3862862941303466
p 1.8195354579681138 -0.83023532063656524 -0.55741305333129676
p 1.8705726741422037 -0.70778377232175171 -0.70642914315703698
p 1.9203681128649752 -0.55873634811213546 -0.82934534157434447
p 1.9621891993474472 -0.38705751926277782 -0.92205555516000859
p 1.9901500048403236 -0.19824986564613847 -0.98015155858058556
p 2 -4.4408920985006262e-16 -1
L closed 0 1
p -1.732050807568877 1.0000000000000004 -2.2204460492503131e-16
p -1.7746407267669848 0.9223070664585753 0.38645782589636279
p -1.870642276174953 0.70759979661918326 0.70661342366679736
p -1.9622400332612207 0.38679978325652575 0.92216372781385159
p -1.9999999885163438 -0.00021432259162880514 0.99999997703239363
p -1.9621599154735609 -0.38720597696464454 0.92199324032410523
p -1.8705424790448639 -0.70786352844177769 0.70634922438505043
p -1.7745760546047937 -0.92243149508584232 0.3861607320590193
p -1.7320508230239759 -0.99999997322851231 -0.00023138964641297106
p -1.774667165596951 -0.92225619278184334 -0.3865792170149997
p -1.8706619842856713 -0.70754769318470911 -0.70666559598983447
p -1.9622433237145744 -0.38678309035902847 -0.92217072943638834
p -1.999999992361726 0.00017479357706027662 -0.99999998472325691
p -1.9621773586677691 0.38711757340762976 -0.92203036186029863
p -1.8705825958691411 0.70775750965997208 -0.7064554545072903
p -1.7746180350837075 0.92235072831618881 -0.3863536051952266
p -1.732050807568877 1.0000000000000004 -2.2204460492503131e-16
L open 0 1
p 2 -9.1848509936051484e-17 -1
p 1.9975122754903056 0.099723153969477285 -0.99501522083772564
p 1.9901535646455291 0.19821400254745766 -0.98015876851111994
p 1.9782256181191586 0.29431853781422246 -0.95570737956184859
p 1.9622008173505507 0.38699864977368487 -0.9220802833542896
p 1.9426910420794687 0.47534341200508373 -0.87980032758087257
p 1.9203986695806319 0.55863139564503783 -0.82941604771413635
p 1.8960949908783373 0.63625762179458933 -0.77147665442862923
p 1.870605159414636 0.70769787184730226 -0.70651519719219857
p 1.844794282963403 0.77248566462102108 -0.63503220331065346
p 1.8195655596784344 0.83016934830411637 -0.55751130285993533
p 1.7958567648294579 0.8802831897586797 -0.47444863376279017
p 1.774626636980986 0.92233417790891625 -0.38639311402699228
p 1.7568259593621576 0.95580467338073694 -0.29400243639423801
p 1.7433420359586811 0.98018290697570831 -0.1980945861712109
p 1.734917831673189 0.99501765005090381 -0.099698936405027194
p 1.732050807568877 1.0000000000000002 -2.2204460492503131e-16
L open 0 1
p 1.732050807568877 1.0000000000000002 -2.4492935982947064e-16
p 1.7349173215766973 0.9950185394894786 0.099690059272090403
p 1.7433400628643718 0.9801864163125158 0.19807722103811351
p 1.7568217322428215 0.95581244285578482 0.29397717640023618
p 1.7746195970697132 0.92234772172312796 0.38636078498729165
p 1.7958466744613362 0.88030377675612259 0.47441043511723185
p 1.8195523783042213 0.83019823714380225 0.55746828313037911
p 1.8447782640515249 0.77252392066534903 0.63498566387845012
p 1.8705868546784317 0.70774629402737299 0.70646669132933038
p 1.89607516409634 0.63631672550279805 0.77142791138386402
p 1.9203777735370342 0.55870314346444439 0.82936771083392835
p 1.9426741049355118 0.47541285127078475 0.87976286527971082
p 1.9621941154336564 0.38703259627448583 0.92206601682915545
p 1.9782222492706252 0.29434114941964112 0.95570039806116291
p 1.9901513393363734 0.19823646871273956 0.98015426820666474
p 1.9975115168879796 0.099738078497962235 0.9950136778342531
p 2 1.5308084989341916e-16 1
cc_tangent_point done 0 1
P 0 1 0
cc_figure_eight done 3 0
L open 0 1
p 2 5.5511151231257827e-17 -1.6130979996198391e-08
p 1.9997646923535182 0.030678694912454545 -0.24579707245812057
p 1.9963474620072803 0.12081732474230279 -0.47648484725306917
p 1.9824130726120219 0.26464763406769681 -0.67768494545722346
p 1.948309157820167 0.45176474057501442 -0.83632415015113193
p 1.8856874658642606 0.6664703894256534 -0.94273962448956627
p 1.7912059921856451 0.88970842973742359 -0.99389925030370219
p 1.6674277141433063 1.1043934151716492 -0.99453606503554781
p 1.5201197213822644 1.2997061321395078 -0.9540315688116664
p 1.3553900818604274 1.4706861547433239 -0.8823007118945001
p 1.1781412592967591 1.6161631193986068 -0.7876186000025398
p 0.99223852966245274 1.7365087438038869 -0.67642797279481115
p 0.80004940290591431 1.8330087356573768 -0.55325988552121053
p 0.60337716120767249 1.9068130340059695 -0.42153301576843855
p 0.40375176650659012 1.9588222364877859 -0.28400694715157537
p 0.20236186006838408 1.9897360656198819 -0.14290725122046441
p 1.2246467991473532e-16 2 -2.2204460492503131e-16
L closed 0 1
p 0 2 -2.2204460492503131e-16
p -0.40378993364414562 1.95881436782848 0.28403350517555642
p -0.80011986133494495 1.8329779787046421 0.55330618514024899
p -1.1782456539952995 1.6160870087158445 0.78767812817930039
p -1.5202399949885022 1.2995654494541309 0.95407575249380372
p -1.7912921064845919 0.88953504500424474 0.99388001481435728
p -1.9483276185532747 0.45168507139261971 0.83627188721407175
p -1.9963482219095472 0.12080473159132452 0.476461627851546
p -1.9999999998278688 6.7010100789610421e-10 -3.3323092578402443e-05
p -1.9963463949846247 0.12083485598766495 -0.47651720330382258
p -1.9483031045420416 0.45179084553624449 -0.8363412621452424
p -1.7911942653870749 0.88973203832897541 -0.99390186981358086
p -1.5201063289061401 1.2997217956405898 -0.95402664802872705
p -1.1781296045523324 1.6161716153515993 -0.78761195346284429
p -0.80004109540462354 1.8330123615941654 -0.55325442614121345
p -0.40374748554128664 1.958823118875276 -0.28400396815394274
p 0 2 -2.2204460492503131e-16
L open 0 1
p 1.2246467991473532e-16 2 -2.4492935982947064e-16
p 0.20238195535406242 1.989734022931565 0.14292140690148383
p 0.40379603686462895 1.9588131096991459 0.28403775221165573
p 0.60344271649443926 1.9067922907853956 0.42157764210478088
p 0.80013170458721838 1.8329728089152997 0.55331396794355137
p 0.99233638396734025 1.736452830335113 0.67648885602679532
p 1.1782622706972612 1.6160748937812295 0.78768760377307356
p 1.3555247926640426 1.4705619941796024 0.88236693651482645
p 1.5202590862807612 1.2995431160080231 0.95408276457307284
p 1.6675427553411917 1.104219694488749 0.99455428271335056
p 1.7913088200333038 0.88950138747238616 0.99387627336581574
p 1.8857472610168193 0.66630118208754852 0.94267974399222543
p 1.9483362433171367 0.45164786714391775 0.83624749246605046
p 1.9824234804016809 0.26456957579926227 0.67760019787895887
p 1.9963490036475955 0.12079182688450246 0.47643785452696291
p 1.9997647945934727 0.030672648664843642 0.24577315808721395
p 2 0 3.6739403974420589e-16
cc_empty done 0 0
cc_oblique_loop done 2 0
L open 0 1
p 1 2.2204460492503131e-16 -0.36930639376291552
p 0.77353111529766749 0.63375831901981217 -0.53240113024772806
p 0.21756969858020866 0.97604478540334305 -0.75491060473737082
p -0.26724713992948101 0.96362802450072338 -1.2579388590764264
p -0.62962586004088039 0.77689849914656162 -1.8316058710895231
p -0.92392029852916979 0.3825849423406863 -2.3256486489565185
p -0.97047518877819405 -0.24120100139096318 -2.202320626425752
p -0.81567128558211777 -0.57851564247902798 -1.6075826779089246
p -0.67958882915244434 -0.73359322836640783 -0.9347137280580291
p -0.72338322272603273 -0.690446747923667 -0.24263398522830526
p -0.96382575106023771 -0.2665331567365169 0.24711892223501791
p -0.92324447990342351 0.38421300033390104 0.47817399421529999
p -0.4677737577428126 0.88384822586243661 0.62606022624878355
p 0.084446732011459344 0.99642799570313367 1.0255580401553843
p 0.4851472928794181 0.87443243516247471 1.5897595443533268
p 0.80985048617946154 0.58663633238819091 2.1415231008191786
p 1 0 2.3693063937629155
L open 0 1
p 0.99999999999999989 -1.1102230246251565e-16 2.3693063937629155
p 0.98350649476405316 -0.18087271316726117 2.259710768551956
p 0.94639975778302265 -0.32299767250058237 2.1054283731254246
p 0.90021181755298441 -0.43545230091063991 1.9299255301242257
p 0.85058927401213513 -0.52583067642205827 1.742874846177914
p 0.80083963603538699 -0.59887885887810377 1.5483751742690821
p 0.753649907929684 -0.65727605473097606 1.3483770219090876
p 0.71197977689232461 -0.70219996871829304 1.1439872354409002
p 0.67966652892868107 -0.73352124086137038 0.93534587387346535
p 0.66248481366119805 -0.74907534570838263 0.72328689768310661
p 0.6685026059981688 -0.7437097993495202 0.51013068446323107
p 0.70554287370345747 -0.70866723713973034 0.3031571680263761
p 0.77228636342364598 -0.63527453600360306 0.11457979010157156
p 0.85324036316425389 -0.52151787190187926 -0.046493119564773089
p 0.92815676691027726 -0.37218955052909136 -0.17898382656075026
p 0.98077126544457427 -0.19516075495232232 -0.2855872165803065
p 1 1.1102230246251565e-16 -0.36930639376291557
cc_tilted done 4 0
L open 0 1
p 2.5 2.7299090833947006 3.9732121111929342
p 2.4944505315538952 2.5860795819498232 3.9962882634079477
p 2.4796714585423958 2.4410525867373485 3.998261095653294
p 2.4587784506161801 2.2979938167613438 3.9793842467192375
p 2.4350782538543578 2.1595443941173365 3.9402605880958887
p 2.4118893203526532 2.0280694144007247 3.8816357172214353
p 2.3923890768126985 1.9059406148046032 3.804421186652327
p 2.3793581564541131 1.7956974692569576 3.7098999768372973
p 2.3747727084975745 1.7000042257335797 3.6000056342701021
p 2.3793571417331396 1.6212989441670007 3.4773724456705097
p 2.3923868739366512 1.5614256370591644 3.3450770455400241
p 2.4118869369388647 1.5214923970037018 3.2062107773937645
p 2.4350761685539197 1.5020230600407161 3.0635768928166587
p 2.4587769666007611 1.5032286402860289 2.9197076757390716
p 2.479670664337593 1.5251626765896935 2.7770825115944877
p 2.494450303436861 1.5676644251797809 2.6384057887152199
p 2.5 1.630090916605299 2.5067878888070654
L closed 0 1
p 0.1000000000000002 3.5 2.9999999999999996
p -0.1578082945914242 3.4425763294157909 3.3339907895188747
p -0.36853916171624901 3.2573571101338747 3.6530009190499744
p -0.48561268358993065 2.9345540306384454 3.9006457615545895
p -0.48899194913865052 2.5230609347775661 3.9997340478897452
p -0.42641835364987446 2.11082660509972 3.9211645112257618
p -0.3770817277261721 1.7660549013564915 3.6792087990437961
p -0.39624811397900656 1.5508067043913381 3.314693625520952
p -0.46220416537436243 1.505219329449945 2.8979636346547735
p -0.49996088107898923 1.6359658349118993 2.4965668368956622
p -0.43939715536785862 1.9177951586903677 2.1869578670311003
p -0.2682257880146745 2.2711547239418315 2.0265372049285375
p -0.027527595142448867 2.6215465119291523 2.0074142611732726
p 0.23717590426317375 2.9414851275369567 2.1027314513576654
p 0.44823254647798438 3.2349362141177824 2.321863772561986
p 0.35601072785207721 3.4422746660470129 2.6651591616919208
p 0.1000000000000002 3.5 2.9999999999999996
L open 0 1
p 2.5 1.6300909166052993 2.5067878888070649
p 2.4894295950629108 1.737214345232841 2.3533485749431713
p 2.456015800166099 1.8689303886593889 2.2242737856634434
p 2.3997608697692687 2.0171463731429782 2.1242989240980021
p 2.3234578933894818 2.1735974092841692 2.05476915299431
p 2.2312030471502426 2.3317195703865252 2.0142608363360779
p 2.1272019118234931 2.487130178140863 2.0000828447125278
p 2.015275732828012 2.6373322009024815 2.0094749618406547
p 1.8989781032976085 2.7812259835661242 2.040358418140511
p 1.7822943276003269 2.9187287658734391 2.0918886437689843
p 1.6712733747671866 3.0507798396329768 2.165349424057037
p 1.5791309680996166 3.1790424789791243 2.2659010262203827
p 1.5385178776402402 3.3006215864428854 2.4008296776457101
p 1.5799531714106356 3.3957155877257272 2.5553725320389189
p 1.6723163231979152 3.4559378307480078 2.7064308037070388
p 1.7832920474219491 3.4892196223629548 2.8535604054624741
p 1.9000000000000001 3.5 2.9999999999999996
L open 0 1
p 1.8999999999999999 3.5 2.9999999999999996
p 1.9583925743084718 3.4973134581984606 3.0732524115130833
p 2.0161364399743604 3.4891942078909728 3.1466110096965707
p 2.0727855638065478 3.4754983298435849 3.2200068607397756
p 2.1278973049636072 3.4560296916859485 3.2932699280022506
p 2.1810222508858068 3.4305593799129279 3.366140961577873
p 2.2316998125896101 3.3988395261084432 3.4382779124475933
p 2.2794576058916483 3.360613533912459 3.5092586478363721
p 2.3237965133638117 3.3156431336191576 3.5785553342784149
p 2.3641508241303546 3.2638030493863401 3.6454493757019639
p 2.3999791777325683 3.2050680627212929 3.7091396652352113
p 2.4307767090075187 3.1395727183388624 3.768730601193548
p 2.4561198825476147 3.0676512594139331 3.8232691249260053
p 2.4757156305672074 2.9898697943234307 3.8717955976945047
p 2.4894552321964585 2.9070040973787208 3.9134263299862093
p 2.4974427132108459 2.82000236661507 3.9474167464512875
p 2.5 2.7299090833947015 3.973212111192935
cc_near_tangent done 3 0
L open 0 1
p 6.123233995736766e-17 1 0.0019531247671692828
p 0.00032293210532425209 0.99999994787433344 0.0018989894811281345
p 0.00061442440966935066 0.99999981124092496 0.001749188631759783
p 0.00085842912985505495 0.99999963154906824 0.0015299974914936259
p 0.0010522127878432178 0.99999944642407101 0.0012650663935824056
p 0.0011983124893478682 0.99999928202418431 0.00097097449983843127
p 0.0013002277350702993 0.99999915481210888 0.0006583803791552433
p 0.0013606375320362246 0.99999907440511659 0.00033425715552265847
p 0.0013810609116157811 0.99999904632332492 4.6967672397521669e-06
p 0.0013619445225829276 0.99999907255337384 -0.00032471801883105129
p 0.0013026626311154418 0.99999915154842334 -0.00064891360726398051
p 0.0012015175031607741 0.99999927817575274 -0.00096302002685816769
p 0.0010557410410963436 0.99999944270584318 -0.0012591737073969812
p 0.00086185045761889921 0.99999962860628167 -0.0015261458644328029
p 0.00061723229828274193 0.99999980951185186 -0.0017472104721258652
p 0.00032455868499714756 0.99999994734796538 -0.0018984349043641283
p 6.123233995736766e-17 1 -0.0019531247671687932
L open 0 1
p 6.114900252818245e-17 1 -0.0019531247671687932
p -0.00016422496972849944 0.99999998649663613 -0.00193925715347179
p -0.00032395771978304869 0.9999999475430752 -0.0018986403252707303
p -0.0004754962016146603 0.99999988695281761 -0.0018337135580933199
p -0.00061619575261844558 0.99999981015098027 -0.0017479419661481648
p -0.00074474482285922866 0.99999972267766069 -0.0016448122337778832
p -0.00086058492593214147 0.99999962969616674 -0.0015275734691042155
p -0.00096372003829222187 0.99999953562244592 -0.0013989953358837972
p -0.0010544326039167696 0.99999944409332986 -0.0012613676831774291
p -0.0011331171420343555 0.99999935810523632 -0.0011166262677539706
p -0.0012002579508609552 0.99999927979841785 -0.00096618207537897054
p -0.0012563050428604176 0.99999921089159916 -0.00081121686459582963
p -0.0013016396078686994 0.99999915280083096 -0.00065277043561113061
p -0.0013365740130938646 0.99999910663948888 -0.00049174063029463696
p -0.0013613518031160891 0.99999907321827719 -0.00032888333217929495
p -0.0013761476998876536 0.99999905304522363 -0.00016481246646123129
p -0.0013810676027329492 0.99999904632568359 2.45029690981724e-16
L open 0 1
p 6.114900252818245e-17 1 0.0019531247671692831
p -0.00016422496972844203 0.99999998649663613 0.0019392571534722909
p -0.00032395771978293702 0.9999999475430752 0.0018986403252712572
p -0.00047549620161450168 0.9999998869528175 0.0018337135580938902
p -0.00061619575261826691 0.99999981015098027 0.0017479419661487819
p -0.00074474482285903393 0.99999972267766102 0.0016448122337785476
p -0.00086058492593196008 0.99999962969616674 0.0015275734691049155
p -0.00096372003829204331 0.99999953562244603 0.001398995335884523
p -0.0010544326039166195 0.99999944409332986 0.0012613676831781826
p -0.0011331171420342484 0.99999935810523632 0.0011166262677547091
p -0.0012002579508608813 0.99999927979841785 0.00096618207537966985
p -0.001256305042860366 0.99999921089159916 0.0008112168645964859
p -0.00130163960786866 0.99999915280083052 0.00065277043561175218
p -0.0013365740130938321 0.9999991066394891 0.00049174063029523577
p -0.0013613518031160602 0.99999907321827697 0.0003288833321798757
p -0.0013761476998876334 0.99999905304522374 0.00016481246646178404
p -0.0013810676027329492 0.99999904632568359 2.4492935982947064e-16
cc_near_figure_inside done 4 0
L open 0 1
p 1.9999999999999978 -9.4398260398046126e-08 0.0013109353048580156
p 1.9999999999999782 -2.9579106409022725e-07 0.0011470684687497452
p 1.9999999999999447 -4.703315051526796e-07 0.00098320160184003718
p 1.9999999999999045 -6.1801957805089157e-07 0.00081933470852903439
p 1.9999999999998634 -7.3885527965880689e-07 0.00065546779321693166
p 1.9999999999998266 -8.3283860641841602e-07 0.00049160086030396004
p 1.9999999999997977 -8.9996955593692406e-07 0.00032773391419033875
p 1.9999999999997791 -9.402481264188886e-07 0.00016386695927631063
p 1.9999999999997726 -9.5367431661909964e-07 -3.7894161733517263e-14
p 1.9999999999997791 -9.4024812624661586e-07 -0.00016386695935208576
p 1.9999999999997973 -8.9996955581340029e-07 -0.00032773391426606913
p 1.9999999999998266 -8.3283860622938177e-07 -0.00049160086037962781
p 1.9999999999998634 -7.3885527978521745e-07 -0.00065546779329253644
p 1.999999999999905 -6.1801957801134265e-07 -0.00081933470860456761
p 1.9999999999999452 -4.7033150500846282e-07 -0.00098320160191550936
p 1.999999999999978 -2.9579106437052755e-07 -0.0011470684688251458
p 1.9999999999999978 -9.4398260342534975e-08 -0.0013109353049332658
L closed 0 1
p -0.0019531247671689123 1.9999990463256836 -2.2204460492503131e-16
p -0.35428344937032069 1.9683707141108984 0.2495121495593082
p -0.75528982959174473 1.8519010006452199 0.52370131123499408
p -1.1393774436328716 1.6437211189092882 0.765259373473275
p -1.4891136940475775 1.3351181072548497 0.94217578792793355
p -1.7710125675275408 0.92925480165066277 0.9974944865703198
p -1.9401769817262238 0.48550309727535923 0.85749279925816246
p -1.995170466409359 0.13890586319240761 0.50844716635150078
p -1.9999999218191202 0.00053730520712175136 0.032806055219637836
p -1.9971139687962374 0.10740489947833136 -0.45086103946784445
p -1.9529334918700174 0.43133599417947188 -0.82257055646236932
p -1.8004699500390491 0.87080879540665013 -0.9916198204070068
p -1.5310039178606292 1.2868671278694379 -0.95797009924014831
p -1.1879571913201308 1.6089616953489128 -0.79319891304652035
p -0.80716866565191769 1.8298849208050156 -0.55793323626316571
p -0.40772880910887982 1.9579983017705169 -0.28677083433461253
p -0.0019531247671689123 1.9999990463256836 -2.2204460492503131e-16
L open 0 1
p 2 1.1102230246251565e-16 -0.0013810676028932489
p 1.9997602110519404 0.030969427211602115 -0.24694450895754858
p 1.9963189947516451 0.12128679318901757 -0.47735182215285354
p 1.9823418923535103 0.26518028194584542 -0.6782634966742852
p 1.9481961989223853 0.45225161654329954 -0.83664373348757626
p 1.8855620238175352 0.66682520360762321 -0.9428654156702756
p 1.7911168667747492 0.88988783895295498 -0.9939192519441804
p 1.6674253446584852 1.1043969927832638 -0.99453559203486108
p 1.5202412117446971 1.2995640259501626 -0.95407590001088871
p 1.3556583719772302 1.4704388524869869 -0.88243208826223907
p 1.1785636212301527 1.6158551416962263 -0.78785868921579416
p 0.99267245249860669 1.7362607285669054 -0.67669687735868023
p 0.80046400521032146 1.8328277227773826 -0.55353090395847027
p 0.60383885513059732 1.9066668685167607 -0.42184522847578482
p 0.40427272218908633 1.9587148083788908 -0.2843662677510414
p 0.20278185866741566 1.9896933215982202 -0.14319652668814314
p 0.0019531247671682724 1.9999990463256836 -2.2204460492503131e-16
L open 0 1
p 0.0019531247671682724 1.9999990463256836 -2.4492935982947064e-16
p 0.15238801717198927 1.9941860216181493 0.10766734814716523
p 0.35746072634004844 1.9677961941310365 0.25173136698210535
p 0.56084221226927644 1.9197541439023618 0.39249274799430495
p 0.76147264027688844 1.8493673141537978 0.52780067267326203
p 0.9578480008804704 1.7557127190670385 0.65490215781806727
p 1.1480823791287795 1.6376528689639238 0.77032306034704323
p 1.3297850323829803 1.493878101338125 0.86953060846173824
p 1.4992041379791174 1.3237775204031419 0.94613291878608086
p 1.6513660412059445 1.1282686750768001 0.99173933573282236
p 1.7800180276419415 0.91188586250825154 0.99611046568576966
p 1.8789247599879786 0.68530412928960871 0.94919286992298435
p 1.9449811135755084 0.46588453344102959 0.84541210763768859
p 1.9811957906178752 0.27361128919049255 0.68728505727856859
p 1.9960727649721592 0.1252737902210046 0.48461916367740343
p 1.9997439822953353 0.032000130258124676 0.25095438383256818
p 2 5.5511151231257827e-17 0.0013810676028133142
cc_near_figure_outside done 1 0
L closed 0 1
p 2.2204460492503131e-16 2 -0.0013810676027332658
p -0.49867833490296987 1.9368324455614587 0.3497810370856782
p 0.38548333659739031 1.9624990718053876 0.27128838268121086
p 0.811449745105571 1.8279905167346289 0.56074353218505357
p 1.2159415531376185 1.5879188065352756 0.80892063763937339
p 1.5750429375073103 1.2325744235545546 0.97257880536105923
p 1.8429241515493868 0.77693665713697557 0.97480373570101575
p 1.9733797667941533 0.32522653286343117 0.73802404019304813
p 1.9995174497832837 0.043929442674806161 0.29313342557634775
p 1.9998076943267462 0.027733267507861762 -0.23387075197069623
p 1.9800960159358891 0.28146000490239093 -0.69548464674980248
p 1.8652638035229938 0.72165847395608285 -0.96048188783658506
p 1.6115619012516758 1.1844273877691047 -0.98284631844990122
p 1.2601908242605127 1.553035426880341 -0.83315836845267166
p 0.85934557734548322 1.8059693190564046 -0.59195861167848196
p 0.43502270506579493 1.9521156078129422 -0.30574130884731304
p 2.2204460492503131e-16 2 -0.0013810676027332658
cs_loop done 2 0
L open 0 1
p 1 -2.2204460492503131e-16 -0.86602540378443849
p 0.98814211324311718 -0.15354204328885596 -0.84523744150463431
p 0.95591673231819407 -0.29363787674408842 -0.78597086173696795
p 0.91119137320389343 -0.41198335053274415 -0.6953949383547714
p 0.86257734667819264 -0.50592517284981997 -0.58114718198356363
p 0.81739164541896947 -0.57608238709380633 -0.44963866813015124
p 0.78121114998540253 -0.62426689050144812 -0.30599582831689398
p 0.75795998328789438 -0.65230103799372097 -0.15453140791113543
p 0.75000017042810196 -0.66143763204224792 0.00071717212742683912
p 0.75809481119994326 -0.65214435329287612 0.15583463509834744
p 0.78142800457166273 -0.62399541258664015 0.307057018537713
p 0.81762736263784852 -0.57574777225445373 0.45042434076175425
p 0.86279315852459926 -0.5055570443785764 0.58170394765857747
p 0.91135337005692751 -0.41162487085411648 0.69574428588629222
p 0.95600654751134295 -0.29334533018752301 0.78614225253853021
p 0.98816808757359409 -0.15337478844685704 0.84528353557745706
p 1 -2.2204460492503131e-16 0.86602540378443849
L open 0 1
p 1 -2.4492935982947064e-16 0.8660254037844386
p 0.98815755840451047 0.15344261049495711 0.84526485073847679
p 0.95597011729412507 0.29346402876759914 0.78607273889976403
p 0.9112878014617628 0.41177000995760965 0.69560290944417191
p 0.86270593169750986 0.5057058726326058 0.58147897922891101
p 0.8175293422843295 0.57588694588599698 0.45009779673137218
p 0.78132853352535414 0.62411995667615894 0.30657071810003272
p 0.75803075498616246 0.65221882668841036 0.15521670771697918
p 0.7500000000000171 0.66143782776612792 -2.287641494189506e-07
p 0.75803090938247986 0.65221863139725766 -0.15521831102259284
p 0.78132910899015096 0.62411923786635426 -0.306573526519477
p 0.81753000448663216 0.57588600582111327 -0.45010000358747254
p 0.86270654417659098 0.5057048277768128 -0.58148055919554831
p 0.91128826118595463 0.41176899253989152 -0.69560390079499734
p 0.95597037216656167 0.29346319850897579 -0.78607322525265977
p 0.98815763211097463 0.15344213583083316 -0.84526498153735796
p 1 -2.4492935982947064e-16 -0.8660254037844386
cs_viviani done 4 0
L open 0 1
p 2 -4.8985871965894128e-16 0
p 1.9857688313441277 0.16810664110527715 0.16870796013630815
p 1.943280017122653 0.33199817739495341 0.33680845514695046
p 1.8731579155195608 0.48743744062416344 0.50367070847045248
p 1.7764798418938332 0.63014210611009847 0.66861075537411363
p 1.6548218127884209 0.75578329716801163 0.83087686964984764
p 1.5103604224144727 0.85996060461632495 0.98958534736503656
p 1.3459763962093345 0.93824321109504694 1.1436989043202108
p 1.1654116586327006 0.986224611281597 1.2919662088145114
p 0.9734575906238091 0.99964768410359517 1.4328589652296615
p 0.77620564362108824 0.97463638797763841 1.5644771375065289
p 0.58125396792200734 0.90810339448178634 1.6844856971911886
p 0.39785624658979196 0.79838769506208029 1.7900523754731112
p 0.23685774427103781 0.646230522234715 1.8778403852840757
p 0.10995944634385926 0.45588137148502189 1.944243067502804
p 0.028255755119931173 0.23603628539398477 1.9858218672573418
p 3.4609617254684129e-30 1.2246467991473535e-16 2
L open 0 1
p 1.2246467991473532e-16 0 2
p 0.013188388515241806 -0.16187291370308166 1.9933948988902224
p 0.080480143475860424 -0.39304355122889456 1.9593467567369727
p 0.19788810542517757 -0.59717377306882302 1.8984793357835528
p 0.35420932565505908 -0.76351451010445592 1.8142715752150009
p 0.5369616295350873 -0.88633823821556279 1.7105778967437462
p 0.7342873324078788 -0.96405226589514881 1.591045357965712
p 0.93591633374527938 -0.99794452565129377 1.4588239540072074
p 1.1334173434496391 -0.99105994573946399 1.3164973661594936
p 1.320021972645782 -0.94741011709061007 1.1661715302838813
p 1.4904244339184949 -0.87148372497562765 1.0095301625709865
p 1.6404961911841556 -0.76796134512348102 0.847943167519707
p 1.7670708355905305 -0.64156241755735643 0.68253815430632503
p 1.8677662566434154 -0.49697255587713335 0.51426402111929381
p 1.9408529848126108 -0.33881507085304485 0.34393897936396867
p 1.9851575700184008 -0.17165255098892918 0.1722930517086293
p 2 -4.4408920985006262e-16 0
L open 0 1
p 2 -4.8985871965894128e-16 0
p 1.9857688313441246 0.16810664110529946 -0.16870796013633133
p 1.943280017122637 0.33199817739499282 -0.33680845514699292
p 1.8731579155195315 0.4874374406242159 -0.50367070847050999
p 1.7764798418937779 0.63014210611016708 -0.66861075537419679
p 1.6548218127883541 0.75578329716806958 -0.83087686964992802
p 1.5103604224143989 0.85996060461636836 -0.98958534736511072
p 1.345976396209198 0.93824321109509823 -1.1436989043203307
p 1.1654116586324923 0.98622461128163197 -1.2919662088146728
p 0.97345759062366954 0.99964768410359128 -1.4328589652297585
p 0.77620564362102895 0.97463638797762409 -1.5644771375065667
p 0.58125396792202899 0.908103394481794 -1.6844856971911775
p 0.39785624658988156 0.79838769506214768 -1.7900523754730617
p 0.23685774427115541 0.64623052223485355 -1.8778403852840131
p 0.10995944634390946 0.45588137148511965 -1.9442430675027773
p 0.028255755119944877 0.23603628539404081 -1.9858218672573384
p 3.4609617254684129e-30 1.2246467991473535e-16 -2
L open 0 1
p 1.2246467991473532e-16 0 -2
p 0.013188388515679808 -0.16187291370574988 -1.9933948988900028
p 0.080480143476925989 -0.39304355123138635 -1.95934675673643
p 0.19788810542676302 -0.59717377307095243 -1.8984793357827163
p 0.35420932565699265 -0.76351451010609173 -1.8142715752139393
p 0.53696162953720339 -0.88633823821666868 -1.7105778967425158
p 0.73428733240999988 -0.96405226589573467 -1.5910453579643813
p 0.93591633374727334 -0.99794452565142311 -1.4588239540058401
p 1.1334173434514379 -0.99105994573922185 -1.3164973661581285
p 1.32002197264717 -0.94741011709014089 -1.1661715302826932
p 1.4904244339194761 -0.87148372497507698 -1.0095301625700157
p 1.6404961911848566 -0.76796134512289749 -0.8479431675188811
p 1.7670708355909954 -0.6415624175568011 -0.68253815430564402
p 1.8677662566436841 -0.49697255587666161 -0.51426402111876857
p 1.9408529848127341 -0.33881507085270335 -0.34393897936361117
p 1.9851575700184325 -0.17165255098875271 -0.17229305170845238
p 2 -4.4408920985006262e-16 0
cs_rings done 2 0
L closed 0 1
p 1.5000000000000004 -3.3306690738754696e-16 2.598076211353316
p 1.4227983856074071 0.38528319636675118 2.6128914280665212
p 1.2044555976650855 0.7097480099872272 2.6543444462071277
p 0.88060008067466 0.92473973538579868 2.7146638686020053
p 0.50066891608100539 0.99999975627108473 2.7837620384390709
p 0.12037790839993862 0.92514164688165101 2.8512492160741116
p -0.2041230937019069 0.71007795950435337 2.9075974733546435
p -0.42277693213765033 0.38533457082933159 2.9449578830593972
p -0.49999999999907652 -1.3589513498804044e-06 2.9580398915496535
p -0.42277588706628894 -0.38533707349535873 2.9449577056254319
p -0.20412117799755045 -0.71007985913520277 2.907597143924245
p 0.12038039037930381 -0.92514266533213896 2.8512487808298159
p 0.50067159118008076 -0.99999975447826916 2.7837615579563133
p 0.88060255832349521 -0.92473871564268473 2.7146634122565554
p 1.204457509667427 -0.70974611223719708 2.6543440860423506
p 1.4227993484428993 -0.38528089011185829 2.6128912438233485
p 1.5000000000000004 -3.3306690738754696e-16 2.598076211353316
L closed 0 1
p 1.5000000000000009 -3.3306690738754696e-16 -2.5980762113533156
p 1.4227983856073525 0.38528319636689395 -2.6128914280665323
p 1.2044555976648703 0.70974800998744025 -2.6543444462071686
p 0.88060008067425344 0.92473973538596588 -2.7146638686020803
p 0.50066891608043962 0.99999975627108584 -2.7837620384391726
p 0.12037790839928665 0.92514164688138356 -2.8512492160742271
p -0.20412309370243045 0.71007795950383434 -2.9075974733547332
p -0.422776932137929 0.38533457082866401 -2.9449578830594447
p -0.49999999999907657 -1.3589521004827784e-06 -2.9580398915496526
p -0.42277588706599228 -0.38533707349606888 -2.9449577056253813
p -0.2041211779969932 -0.71007985913575555 -2.9075971439241499
p 0.12038039038004827 -0.92514266533244427 -2.8512487808296854
p 0.50067159118091453 -0.99999975447826872 -2.7837615579561632
p 0.88060255832430967 -0.92473871564234911 -2.7146634122564044
p 1.2044575096680286 -0.70974611223660056 -2.6543440860422378
p 1.422799348443156 -0.38528089011123734 -2.6128912438232983
p 1.5000000000000009 -3.3306690738754696e-16 -2.5980762113533156
cs_tangent_outside done 0 0
cs_tangent_inside done 0 0
cs_empty done 0 0
cs_tilted done 2 0
L open 0 1
p 2 1.1125880325350577 1.8167840433800768
p 1.9433242223324292 0.86450475561033968 2.0391273242099071
p 1.7855091838134192 0.68536223687027387 2.2785662713176968
p 1.5568343580138089 0.59510224160203007 2.5111755745691249
p 1.2933710210502802 0.59808228066909574 2.7241074820886126
p 1.0286227121156994 0.6875351642509786 2.9160307128814251
p 0.79194524650444842 0.84987812808662888 3.0966994853678904
p 0.61412801563271791 1.0641472916186594 3.2897836162979552
p 0.54166754586662291 1.2882863252868586 3.5323498236852369
p 0.61322501713684496 1.4588351365913093 3.8154037221725212
p 0.79072024971848065 1.584442678613772 4.0756832688693461
p 1.027398583194034 1.7124479755890798 4.2826382980246276
p 1.2923381925052218 1.8716289395022336 4.4226969241326897
p 1.5561092518601298 2.0752470949234096 4.4855114432179448
p 1.7851271196599265 2.3239642087504735 4.4641766463083572
p 1.9432175565831187 2.6042235688870825 4.3592574659486862
p 2 2.8874119674649421 4.1832159566199243
L open 0 1
p 2 2.8874119674649421 4.1832159566199234
p 1.9432357434277812 3.1356688952555332 3.9606852303727109
p 1.7851923613325169 3.3148549271202818 3.7210533920187361
p 1.5562333123161756 3.4050006355238307 3.4882905700243136
p 1.2925150391059446 3.4017646729629267 3.2752513568047483
p 1.0276082309949526 3.3119532310226987 3.0832395911139456
p 0.79092155629856731 3.1491945831011972 2.902428008396877
p 0.61336602869494183 2.9345546266219174 2.709017413101416
p 0.54166666666666785 2.711024268355712 2.4667317322727849
p 0.61336607070574922 2.5410185353205925 2.184302595345557
p 0.7909216228916085 2.4154435575888247 1.9240932839839671
p 1.0276083108843512 2.2874368533438791 1.7172177578862615
p 1.2925151233908074 2.1282527495323529 1.5772355018678412
p 1.5562333912363275 1.9246411596760888 1.5144780236003628
p 1.785192423724278 1.6759480394097781 1.5358443402559605
p 1.9432357743235236 1.3957293897065084 1.6407660359285101
p 2 1.1125880325350574 1.816784043380077
cs_near_viviani done 3 0
L open 0 1
p 1.9999980926518219 0.0019531238358468789 0
p 1.9888409710707275 0.14897494074704071 -0.14937953105434093
p 1.9491598534756747 0.31479451457495106 -0.31886746955772749
p 1.881332277673176 0.47249697913792221 -0.48716696553659944
p 1.7864106217862097 0.61770410657287467 -0.65358619274199337
p 1.6659574440490816 0.74598973339024643 -0.81736240221192868
p 1.5221405389225489 0.85285945948539044 -0.97760682663934739
p 1.3578444223083772 0.93378121650081403 -1.1332728352177699
p 1.1768276581545312 0.98424183115151898 -1.283098155651818
p 0.98391641274559538 0.99987064725114105 -1.4255396717887243
p 0.78525940705404007 0.97667112297007141 -1.5586780852126916
p 0.58855185276797972 0.91143317605810614 -1.6801465649418055
p 0.40318611440136282 0.80237970817386162 -1.7870713350684639
p 0.24021016573143383 0.65016874549690973 -1.8760532655188722
p 0.1115839966771472 0.45903923003217389 -1.9434063369446299
p 0.02868489094182897 0.23779605382976715 -1.985604795058117
p -1.9775616253438358e-30 1.2246462151902539e-16 -1.9999990463256836
L open 0 1
p 1.2246462151902536e-16 0 -1.9999990463256836
p 0.049405997345257677 -0.31043697591846325 -1.9751415660868519
p 0.22666908961166382 -0.63400259819251215 -1.8832572864756423
p 0.49341212344560831 -0.86218832771261844 -1.7358490540299982
p 0.80289097769023132 -0.98038157885075117 -1.5473248635496464
p 1.1159521668187715 -0.99325480255122889 -1.3296961517525117
p 1.403970589021591 -0.91477197360210971 -1.0918127164124809
p 1.6472041351097495 -0.76231673610712514 -0.83999280531206566
p 1.832470939771879 -0.5540687076969566 -0.57883875434494525
p 1.9513691173975323 -0.3080532446839766 -0.31186206705073116
p 1.9991193248125274 -0.041941576362608528 -0.041938085330657258
p 1.929176999413041 -0.36963510552161855 0.37635381830748976
p 1.6519534855709994 -0.75825896062350007 0.83431961031226465
p 1.2013782173379399 -0.9795135634118447 1.2638195166020794
p 0.65999632216325821 -0.94042410306927038 1.6370716349931684
p 0.18437390828539732 -0.57857936962379797 1.9055834717604632
p 1.2246462151902536e-16 0 1.9999990463256836
L open 0 1
p 1.9015132138574949e-29 1.2246462151902539e-16 1.9999990463256836
p 0.028292692967186468 0.23618830373604088 1.9858023058932457
p 0.11009923126628084 0.45615417737123004 1.9441701882899725
p 0.23714630776959858 0.64657113626081564 1.8776856954655767
p 0.39831543438712791 0.79873380707475206 1.789794769420926
p 0.58188320623200684 0.90839328524180818 1.6841109739967186
p 0.77698685476786622 0.97481543897231171 1.5639764950095332
p 0.97436087641778857 0.9996712595208479 1.4322270867123321
p 1.1663986526247514 0.98605856274663461 1.2912005584672828
p 1.3470037279864 0.93786374432389752 1.1427986288312544
p 1.5113816858209912 0.85935369495405156 0.9885508671447919
p 1.6557891474168436 0.75494409925648798 0.82970952067253734
p 1.7773455417183022 0.62907385190255627 0.66731185027346573
p 1.8738777898694543 0.4861456659008368 0.50223560763819075
p 1.9438044210120407 0.33050448044305147 0.33524220771784075
p 1.9860515140403989 0.16644042682753268 0.16701243418536901
p 1.9999980926518215 0.0019531238361707589 3.9446723477746425e-08
