case bulge_ball_fuse
plane 0.0 0.0 0.0 0.0 0.0 1.0 1.0 0.0 0.0
wire S 4 0.0 0.0 0.0 L 10.0 0.0 0.0 B 2 3 10.0 0.0 0.0 12.0 3.0 0.0 10.0 6.0 0.0 2 0.0 1.0 3 3 10.0 6.0 0.0 L 0.0 6.0 0.0 L
prism 0.0 0.0 3.0
boolean fuse
sphere 11.125 3.0 1.5 0.0 0.0 1.0 1.0 0.0 0.0 1.0 -1.5707963267948966 1.5707963267948966
end
case bulge_ball_cut
plane 0.0 0.0 0.0 0.0 0.0 1.0 1.0 0.0 0.0
wire S 4 0.0 0.0 0.0 L 10.0 0.0 0.0 B 2 3 10.0 0.0 0.0 12.0 3.0 0.0 10.0 6.0 0.0 2 0.0 1.0 3 3 10.0 6.0 0.0 L 0.0 6.0 0.0 L
prism 0.0 0.0 3.0
boolean cut
sphere 11.125 3.0 1.5 0.0 0.0 1.0 1.0 0.0 0.0 1.0 -1.5707963267948966 1.5707963267948966
end
case bulge_ball_common
plane 0.0 0.0 0.0 0.0 0.0 1.0 1.0 0.0 0.0
wire S 4 0.0 0.0 0.0 L 10.0 0.0 0.0 B 2 3 10.0 0.0 0.0 12.0 3.0 0.0 10.0 6.0 0.0 2 0.0 1.0 3 3 10.0 6.0 0.0 L 0.0 6.0 0.0 L
prism 0.0 0.0 3.0
boolean common
sphere 11.125 3.0 1.5 0.0 0.0 1.0 1.0 0.0 0.0 1.0 -1.5707963267948966 1.5707963267948966
end
case lens_ball_fuse
plane 0.0 0.0 0.0 0.0 0.0 1.0 1.0 0.0 0.0
wire S 2 3.0 5.0 0.0 B 3 4 3.0 5.0 0.0 4.0 2.0 0.0 6.0 2.0 0.0 7.0 5.0 0.0 2 0.0 1.0 4 4 7.0 5.0 0.0 B 3 4 7.0 5.0 0.0 6.0 8.0 0.0 4.0 8.0 0.0 3.0 5.0 0.0 2 0.0 1.0 4 4
prism 0.0 0.0 4.0
boolean fuse
sphere 5.0 2.875 2.0 0.0 0.0 1.0 1.0 0.0 0.0 0.8 -1.5707963267948966 1.5707963267948966
end
case lens_ball_cut
plane 0.0 0.0 0.0 0.0 0.0 1.0 1.0 0.0 0.0
wire S 2 3.0 5.0 0.0 B 3 4 3.0 5.0 0.0 4.0 2.0 0.0 6.0 2.0 0.0 7.0 5.0 0.0 2 0.0 1.0 4 4 7.0 5.0 0.0 B 3 4 7.0 5.0 0.0 6.0 8.0 0.0 4.0 8.0 0.0 3.0 5.0 0.0 2 0.0 1.0 4 4
prism 0.0 0.0 4.0
boolean cut
sphere 5.0 2.875 2.0 0.0 0.0 1.0 1.0 0.0 0.0 0.8 -1.5707963267948966 1.5707963267948966
end
case lens_ball_common
plane 0.0 0.0 0.0 0.0 0.0 1.0 1.0 0.0 0.0
wire S 2 3.0 5.0 0.0 B 3 4 3.0 5.0 0.0 4.0 2.0 0.0 6.0 2.0 0.0 7.0 5.0 0.0 2 0.0 1.0 4 4 7.0 5.0 0.0 B 3 4 7.0 5.0 0.0 6.0 8.0 0.0 4.0 8.0 0.0 3.0 5.0 0.0 2 0.0 1.0 4 4
prism 0.0 0.0 4.0
boolean common
sphere 5.0 2.875 2.0 0.0 0.0 1.0 1.0 0.0 0.0 0.8 -1.5707963267948966 1.5707963267948966
end
case blob_cap_ball_fuse
plane 0.0 0.0 0.0 0.0 0.0 1.0 1.0 0.0 0.0
wire S 4 4.0 0.0 0.0 B 3 4 4.0 0.0 0.0 6.5 0.0 0.0 8.0 1.5 0.0 8.0 4.0 0.0 2 0.0 1.0 4 4 8.0 4.0 0.0 B 3 4 8.0 4.0 0.0 8.0 6.5 0.0 6.5 8.0 0.0 4.0 8.0 0.0 2 0.0 1.0 4 4 4.0 8.0 0.0 B 3 4 4.0 8.0 0.0 1.5 8.0 0.0 0.0 6.5 0.0 0.0 4.0 0.0 2 0.0 1.0 4 4 0.0 4.0 0.0 B 3 4 0.0 4.0 0.0 0.0 1.5 0.0 1.5 0.0 0.0 4.0 0.0 0.0 2 0.0 1.0 4 4
prism 0.0 0.0 3.0
boolean fuse
sphere 8.125 4.0 2.625 0.0 0.0 1.0 1.0 0.0 0.0 1.0 -1.5707963267948966 1.5707963267948966
end
case blob_cap_ball_cut
plane 0.0 0.0 0.0 0.0 0.0 1.0 1.0 0.0 0.0
wire S 4 4.0 0.0 0.0 B 3 4 4.0 0.0 0.0 6.5 0.0 0.0 8.0 1.5 0.0 8.0 4.0 0.0 2 0.0 1.0 4 4 8.0 4.0 0.0 B 3 4 8.0 4.0 0.0 8.0 6.5 0.0 6.5 8.0 0.0 4.0 8.0 0.0 2 0.0 1.0 4 4 4.0 8.0 0.0 B 3 4 4.0 8.0 0.0 1.5 8.0 0.0 0.0 6.5 0.0 0.0 4.0 0.0 2 0.0 1.0 4 4 0.0 4.0 0.0 B 3 4 0.0 4.0 0.0 0.0 1.5 0.0 1.5 0.0 0.0 4.0 0.0 0.0 2 0.0 1.0 4 4
prism 0.0 0.0 3.0
boolean cut
sphere 8.125 4.0 2.625 0.0 0.0 1.0 1.0 0.0 0.0 1.0 -1.5707963267948966 1.5707963267948966
end
case blob_cap_ball_common
plane 0.0 0.0 0.0 0.0 0.0 1.0 1.0 0.0 0.0
wire S 4 4.0 0.0 0.0 B 3 4 4.0 0.0 0.0 6.5 0.0 0.0 8.0 1.5 0.0 8.0 4.0 0.0 2 0.0 1.0 4 4 8.0 4.0 0.0 B 3 4 8.0 4.0 0.0 8.0 6.5 0.0 6.5 8.0 0.0 4.0 8.0 0.0 2 0.0 1.0 4 4 4.0 8.0 0.0 B 3 4 4.0 8.0 0.0 1.5 8.0 0.0 0.0 6.5 0.0 0.0 4.0 0.0 2 0.0 1.0 4 4 0.0 4.0 0.0 B 3 4 0.0 4.0 0.0 0.0 1.5 0.0 1.5 0.0 0.0 4.0 0.0 0.0 2 0.0 1.0 4 4
prism 0.0 0.0 3.0
boolean common
sphere 8.125 4.0 2.625 0.0 0.0 1.0 1.0 0.0 0.0 1.0 -1.5707963267948966 1.5707963267948966
end
case knot_tilt_ball_fuse
plane 0.0 0.0 0.0 0.0 0.6 0.8 1.0 -0.0 0.0
wire S 4 0.0 0.0 0.0 L 10.0 0.0 0.0 L 10.0 1.6 -1.2 B 2 5 10.0 1.6 -1.2 7.0 2.4000000000000004 -1.7999999999999998 5.0 3.2 -2.4 3.0 4.0 -3.0 0.0 4.800000000000001 -3.5999999999999996 3 0.0 1.0 2.0 3 2 3 0.0 4.800000000000001 -3.5999999999999996 L
prism 0.0 1.7999999999999998 2.4000000000000004
boolean fuse
sphere 2.75 5.0 -1.8749999999999991 0.0 0.0 1.0 1.0 0.0 0.0 0.75 -1.5707963267948966 1.5707963267948966
end
case knot_tilt_ball_cut
plane 0.0 0.0 0.0 0.0 0.6 0.8 1.0 -0.0 0.0
wire S 4 0.0 0.0 0.0 L 10.0 0.0 0.0 L 10.0 1.6 -1.2 B 2 5 10.0 1.6 -1.2 7.0 2.4000000000000004 -1.7999999999999998 5.0 3.2 -2.4 3.0 4.0 -3.0 0.0 4.800000000000001 -3.5999999999999996 3 0.0 1.0 2.0 3 2 3 0.0 4.800000000000001 -3.5999999999999996 L
prism 0.0 1.7999999999999998 2.4000000000000004
boolean cut
sphere 2.75 5.0 -1.8749999999999991 0.0 0.0 1.0 1.0 0.0 0.0 0.75 -1.5707963267948966 1.5707963267948966
end
case knot_tilt_ball_common
plane 0.0 0.0 0.0 0.0 0.6 0.8 1.0 -0.0 0.0
wire S 4 0.0 0.0 0.0 L 10.0 0.0 0.0 L 10.0 1.6 -1.2 B 2 5 10.0 1.6 -1.2 7.0 2.4000000000000004 -1.7999999999999998 5.0 3.2 -2.4 3.0 4.0 -3.0 0.0 4.800000000000001 -3.5999999999999996 3 0.0 1.0 2.0 3 2 3 0.0 4.800000000000001 -3.5999999999999996 L
prism 0.0 1.7999999999999998 2.4000000000000004
boolean common
sphere 2.75 5.0 -1.8749999999999991 0.0 0.0 1.0 1.0 0.0 0.0 0.75 -1.5707963267948966 1.5707963267948966
end
case ball_wave_fuse
sphere 6.5 6.625 1.5 0.0 0.0 1.0 1.0 0.0 0.0 1.0 -1.5707963267948966 1.5707963267948966
boolean fuse
plane 0.0 0.0 0.0 0.0 0.0 1.0 1.0 0.0 0.0
wire S 4 0.0 0.0 0.0 L 10.0 0.0 0.0 L 10.0 6.0 0.0 B 2 5 10.0 6.0 0.0 8.0 8.0 0.0 5.0 5.0 0.0 2.0 8.0 0.0 0.0 6.0 0.0 4 0.0 1.0 2.0 3.0 3 1 1 3 0.0 6.0 0.0 L
prism 0.0 0.0 3.0
end
case ball_wave_cut
sphere 6.5 6.625 1.5 0.0 0.0 1.0 1.0 0.0 0.0 1.0 -1.5707963267948966 1.5707963267948966
boolean cut
plane 0.0 0.0 0.0 0.0 0.0 1.0 1.0 0.0 0.0
wire S 4 0.0 0.0 0.0 L 10.0 0.0 0.0 L 10.0 6.0 0.0 B 2 5 10.0 6.0 0.0 8.0 8.0 0.0 5.0 5.0 0.0 2.0 8.0 0.0 0.0 6.0 0.0 4 0.0 1.0 2.0 3.0 3 1 1 3 0.0 6.0 0.0 L
prism 0.0 0.0 3.0
end
case ball_wave_common
sphere 6.5 6.625 1.5 0.0 0.0 1.0 1.0 0.0 0.0 1.0 -1.5707963267948966 1.5707963267948966
boolean common
plane 0.0 0.0 0.0 0.0 0.0 1.0 1.0 0.0 0.0
wire S 4 0.0 0.0 0.0 L 10.0 0.0 0.0 L 10.0 6.0 0.0 B 2 5 10.0 6.0 0.0 8.0 8.0 0.0 5.0 5.0 0.0 2.0 8.0 0.0 0.0 6.0 0.0 4 0.0 1.0 2.0 3.0 3 1 1 3 0.0 6.0 0.0 L
prism 0.0 0.0 3.0
end
case dome_ball_fuse
plane 0.0 0.0 0.0 0.0 0.0 1.0 1.0 0.0 0.0
wire S 2 0.0 0.0 0.0 L 4.0 0.0 0.0 B 2 3 4.0 0.0 0.0 2.0 4.0 0.0 0.0 0.0 0.0 2 0.0 1.0 3 3
prism 0.0 0.0 3.0
boolean fuse
sphere 2.0 0.5 4.25 0.0 0.0 1.0 1.0 0.0 0.0 3.0 -1.5707963267948966 1.5707963267948966
end
case dome_ball_cut
plane 0.0 0.0 0.0 0.0 0.0 1.0 1.0 0.0 0.0
wire S 2 0.0 0.0 0.0 L 4.0 0.0 0.0 B 2 3 4.0 0.0 0.0 2.0 4.0 0.0 0.0 0.0 0.0 2 0.0 1.0 3 3
prism 0.0 0.0 3.0
boolean cut
sphere 2.0 0.5 4.25 0.0 0.0 1.0 1.0 0.0 0.0 3.0 -1.5707963267948966 1.5707963267948966
end
case dome_ball_common
plane 0.0 0.0 0.0 0.0 0.0 1.0 1.0 0.0 0.0
wire S 2 0.0 0.0 0.0 L 4.0 0.0 0.0 B 2 3 4.0 0.0 0.0 2.0 4.0 0.0 0.0 0.0 0.0 2 0.0 1.0 3 3
prism 0.0 0.0 3.0
boolean common
sphere 2.0 0.5 4.25 0.0 0.0 1.0 1.0 0.0 0.0 3.0 -1.5707963267948966 1.5707963267948966
end
case tilt_blob_low_fuse
plane 0.0 0.0 0.0 0.0 0.6 0.8 1.0 -0.0 0.0
wire S 4 4.0 0.0 0.0 B 3 4 4.0 0.0 0.0 6.5 0.0 0.0 8.0 1.2000000000000002 -0.8999999999999999 8.0 3.2 -2.4 2 0.0 1.0 4 4 8.0 3.2 -2.4 B 3 4 8.0 3.2 -2.4 8.0 5.2 -3.9 6.5 6.4 -4.8 4.0 6.4 -4.8 2 0.0 1.0 4 4 4.0 6.4 -4.8 B 3 4 4.0 6.4 -4.8 1.5 6.4 -4.8 0.0 5.2 -3.9 0.0 3.2 -2.4 2 0.0 1.0 4 4 0.0 3.2 -2.4 B 3 4 0.0 3.2 -2.4 0.0 1.2000000000000002 -0.8999999999999999 1.5 0.0 0.0 4.0 0.0 0.0 2 0.0 1.0 4 4
prism 0.0 1.7999999999999998 2.4000000000000004
boolean fuse
sphere 7.875 2.8000000000000003 -3.3499999999999996 0.0 0.0 1.0 1.0 0.0 0.0 2.0 -1.5707963267948966 1.5707963267948966
end
case tilt_blob_low_cut
plane 0.0 0.0 0.0 0.0 0.6 0.8 1.0 -0.0 0.0
wire S 4 4.0 0.0 0.0 B 3 4 4.0 0.0 0.0 6.5 0.0 0.0 8.0 1.2000000000000002 -0.8999999999999999 8.0 3.2 -2.4 2 0.0 1.0 4 4 8.0 3.2 -2.4 B 3 4 8.0 3.2 -2.4 8.0 5.2 -3.9 6.5 6.4 -4.8 4.0 6.4 -4.8 2 0.0 1.0 4 4 4.0 6.4 -4.8 B 3 4 4.0 6.4 -4.8 1.5 6.4 -4.8 0.0 5.2 -3.9 0.0 3.2 -2.4 2 0.0 1.0 4 4 0.0 3.2 -2.4 B 3 4 0.0 3.2 -2.4 0.0 1.2000000000000002 -0.8999999999999999 1.5 0.0 0.0 4.0 0.0 0.0 2 0.0 1.0 4 4
prism 0.0 1.7999999999999998 2.4000000000000004
boolean cut
sphere 7.875 2.8000000000000003 -3.3499999999999996 0.0 0.0 1.0 1.0 0.0 0.0 2.0 -1.5707963267948966 1.5707963267948966
end
case tilt_blob_low_common
plane 0.0 0.0 0.0 0.0 0.6 0.8 1.0 -0.0 0.0
wire S 4 4.0 0.0 0.0 B 3 4 4.0 0.0 0.0 6.5 0.0 0.0 8.0 1.2000000000000002 -0.8999999999999999 8.0 3.2 -2.4 2 0.0 1.0 4 4 8.0 3.2 -2.4 B 3 4 8.0 3.2 -2.4 8.0 5.2 -3.9 6.5 6.4 -4.8 4.0 6.4 -4.8 2 0.0 1.0 4 4 4.0 6.4 -4.8 B 3 4 4.0 6.4 -4.8 1.5 6.4 -4.8 0.0 5.2 -3.9 0.0 3.2 -2.4 2 0.0 1.0 4 4 0.0 3.2 -2.4 B 3 4 0.0 3.2 -2.4 0.0 1.2000000000000002 -0.8999999999999999 1.5 0.0 0.0 4.0 0.0 0.0 2 0.0 1.0 4 4
prism 0.0 1.7999999999999998 2.4000000000000004
boolean common
sphere 7.875 2.8000000000000003 -3.3499999999999996 0.0 0.0 1.0 1.0 0.0 0.0 2.0 -1.5707963267948966 1.5707963267948966
end
case hemi_bulge_fuse
plane 0.0 0.0 0.0 0.0 0.0 1.0 1.0 0.0 0.0
wire S 4 0.0 0.0 0.0 L 10.0 0.0 0.0 B 2 3 10.0 0.0 0.0 12.0 3.0 0.0 10.0 6.0 0.0 2 0.0 1.0 3 3 10.0 6.0 0.0 L 0.0 6.0 0.0 L
prism 0.0 0.0 3.0
boolean fuse
sphere 11.25 3.0 -0.5 0.0 0.0 1.0 1.0 0.0 0.0 1.5 0.0 1.5707963267948966
end
case hemi_bulge_cut
plane 0.0 0.0 0.0 0.0 0.0 1.0 1.0 0.0 0.0
wire S 4 0.0 0.0 0.0 L 10.0 0.0 0.0 B 2 3 10.0 0.0 0.0 12.0 3.0 0.0 10.0 6.0 0.0 2 0.0 1.0 3 3 10.0 6.0 0.0 L 0.0 6.0 0.0 L
prism 0.0 0.0 3.0
boolean cut
sphere 11.25 3.0 -0.5 0.0 0.0 1.0 1.0 0.0 0.0 1.5 0.0 1.5707963267948966
end
case hemi_bulge_common
plane 0.0 0.0 0.0 0.0 0.0 1.0 1.0 0.0 0.0
wire S 4 0.0 0.0 0.0 L 10.0 0.0 0.0 B 2 3 10.0 0.0 0.0 12.0 3.0 0.0 10.0 6.0 0.0 2 0.0 1.0 3 3 10.0 6.0 0.0 L 0.0 6.0 0.0 L
prism 0.0 0.0 3.0
boolean common
sphere 11.25 3.0 -0.5 0.0 0.0 1.0 1.0 0.0 0.0 1.5 0.0 1.5707963267948966
end
case side_hemi_bulge_fuse
plane 0.0 0.0 0.0 0.0 0.0 1.0 1.0 0.0 0.0
wire S 4 0.0 0.0 0.0 L 10.0 0.0 0.0 B 2 3 10.0 0.0 0.0 12.0 3.0 0.0 10.0 6.0 0.0 2 0.0 1.0 3 3 10.0 6.0 0.0 L 0.0 6.0 0.0 L
prism 0.0 0.0 3.0
boolean fuse
sphere 10.6 4.6 1.5 1.0 0.0 0.0 0.0 1.0 0.0 0.9 0.0 1.5707963267948966
end
case side_hemi_bulge_cut
plane 0.0 0.0 0.0 0.0 0.0 1.0 1.0 0.0 0.0
wire S 4 0.0 0.0 0.0 L 10.0 0.0 0.0 B 2 3 10.0 0.0 0.0 12.0 3.0 0.0 10.0 6.0 0.0 2 0.0 1.0 3 3 10.0 6.0 0.0 L 0.0 6.0 0.0 L
prism 0.0 0.0 3.0
boolean cut
sphere 10.6 4.6 1.5 1.0 0.0 0.0 0.0 1.0 0.0 0.9 0.0 1.5707963267948966
end
case side_hemi_bulge_common
plane 0.0 0.0 0.0 0.0 0.0 1.0 1.0 0.0 0.0
wire S 4 0.0 0.0 0.0 L 10.0 0.0 0.0 B 2 3 10.0 0.0 0.0 12.0 3.0 0.0 10.0 6.0 0.0 2 0.0 1.0 3 3 10.0 6.0 0.0 L 0.0 6.0 0.0 L
prism 0.0 0.0 3.0
boolean common
sphere 10.6 4.6 1.5 1.0 0.0 0.0 0.0 1.0 0.0 0.9 0.0 1.5707963267948966
end
case dome_touch_cut
plane 0.0 0.0 0.0 0.0 0.0 1.0 1.0 0.0 0.0
wire S 2 0.0 0.0 0.0 L 4.0 0.0 0.0 B 2 3 4.0 0.0 0.0 2.0 4.0 0.0 0.0 0.0 0.0 2 0.0 1.0 3 3
prism 0.0 0.0 3.0
boolean cut
sphere 2.0 3.0 1.5 0.0 0.0 1.0 1.0 0.0 0.0 1.0 -1.5707963267948966 1.5707963267948966
end
case dome_touch_common
plane 0.0 0.0 0.0 0.0 0.0 1.0 1.0 0.0 0.0
wire S 2 0.0 0.0 0.0 L 4.0 0.0 0.0 B 2 3 4.0 0.0 0.0 2.0 4.0 0.0 0.0 0.0 0.0 2 0.0 1.0 3 3
prism 0.0 0.0 3.0
boolean common
sphere 2.0 3.0 1.5 0.0 0.0 1.0 1.0 0.0 0.0 1.0 -1.5707963267948966 1.5707963267948966
end
case knot_turn_cut
plane 0.0 0.0 0.0 0.0 0.0 1.0 1.0 0.0 0.0
wire S 4 0.0 0.0 0.0 L 10.0 0.0 0.0 L 10.0 2.0 0.0 B 2 5 10.0 2.0 0.0 7.0 3.0 0.0 5.0 4.0 0.0 3.0 5.0 0.0 0.0 6.0 0.0 3 0.0 1.0 2.0 3 2 3 0.0 6.0 0.0 L
prism 0.0 0.0 3.0
boolean cut
sphere 6.5 6.0 1.5 0.0 0.0 1.0 1.0 0.0 0.0 2.5 -1.5707963267948966 1.5707963267948966
end
case knot_turn_common
plane 0.0 0.0 0.0 0.0 0.0 1.0 1.0 0.0 0.0
wire S 4 0.0 0.0 0.0 L 10.0 0.0 0.0 L 10.0 2.0 0.0 B 2 5 10.0 2.0 0.0 7.0 3.0 0.0 5.0 4.0 0.0 3.0 5.0 0.0 0.0 6.0 0.0 3 0.0 1.0 2.0 3 2 3 0.0 6.0 0.0 L
prism 0.0 0.0 3.0
boolean common
sphere 6.5 6.0 1.5 0.0 0.0 1.0 1.0 0.0 0.0 2.5 -1.5707963267948966 1.5707963267948966
end
case cap_turn_cut
plane 0.0 0.0 0.0 0.0 0.0 1.0 1.0 0.0 0.0
wire S 4 0.0 0.0 0.0 L 10.0 0.0 0.0 B 2 3 10.0 0.0 0.0 12.0 3.0 0.0 10.0 6.0 0.0 2 0.0 1.0 3 3 10.0 6.0 0.0 L 0.0 6.0 0.0 L
prism 0.0 0.0 3.0
boolean cut
sphere 11.0 3.0 3.0 0.0 0.0 1.0 1.0 0.0 0.0 1.0 -1.5707963267948966 1.5707963267948966
end
case cap_turn_common
plane 0.0 0.0 0.0 0.0 0.0 1.0 1.0 0.0 0.0
wire S 4 0.0 0.0 0.0 L 10.0 0.0 0.0 B 2 3 10.0 0.0 0.0 12.0 3.0 0.0 10.0 6.0 0.0 2 0.0 1.0 3 3 10.0 6.0 0.0 L 0.0 6.0 0.0 L
prism 0.0 0.0 3.0
boolean common
sphere 11.0 3.0 3.0 0.0 0.0 1.0 1.0 0.0 0.0 1.0 -1.5707963267948966 1.5707963267948966
end
