bulge_ball_fuse done 1 1 0
S 194.56811704506313 229.60389803972174 5.4177318558540755 2.9999955455975211 1.4999981681471042 7 16 11 7 16 11 1
bulge_ball_cut done 1 1 0
S 190.37949332303981 227.36507180402353 5.2921615080982063 2.9999946513732381 1.4999975914683028 7 13 9 7 13 9 1
bulge_ball_common done 1 1 0
S 1.6213614018711366 8.2186477961512292 10.663319559268656 3.0000006451467107 1.4999732212962484 2 1 1 2 1 1 1
lens_ball_fuse done 1 1 0
S 51.365438020951551 78.336515414445174 5.000000016024944 4.9539518929556197 2.0000000292622251 6 10 7 5 9 7 1
lens_ball_cut done 1 1 0
S 49.220778450775754 78.161793968092269 5.0000000158941216 5.0445364922615328 2.0000000110946425 5 13 9 5 13 9 1
lens_ball_common done 1 1 0
S 1.1792210283691835 6.0337695973586136 4.999999939830869 3.1410441794270185 2.0000010672281592 2 7 5 2 7 5 1
blob_cap_ball_fuse done 1 1 0
S 159.66786244326281 187.07865577410752 4.0791406595544251 3.9999995267967092 1.5219176578819578 7 18 12 7 18 12 1
blob_cap_ball_cut done 1 1 0
S 155.47907538038433 181.78446268447669 3.9701404530403628 3.9999994880166851 1.4921993112267142 7 15 10 7 15 10 1
blob_cap_ball_common done 1 1 0
S 1.2709678700884179 6.9619242331536331 7.6528313948931439 4.0000000392494321 2.4542745197133935 4 6 4 4 6 4 1
knot_tilt_ball_fuse done 1 1 0
S 121.09631957951292 168.7273235038966 4.1150344131519612 2.6693639490282015 -0.12702223839475729 7 16 11 7 16 11 1
knot_tilt_ball_cut done 1 1 0
S 119.32945070820033 167.60039566763322 4.1352509585333266 2.6348523645666688 -0.10113718579116474 7 16 11 7 16 11 1
knot_tilt_ball_common done 1 1 0
S 0.67706720489838268 4.6931091024785614 2.6206463049981314 4.7405725674950432 -1.6804279001367173 2 4 3 2 4 3 1
ball_wave_fuse done 1 1 0
S 199.875489919171 236.01089845603218 5.0157634499787287 3.3503416936369113 1.4999962064829031 7 19 13 7 19 13 1
ball_wave_cut done 1 1 0
S 2.4264483872913218 10.143899778986381 6.3041706593640736 6.8731843820817335 1.4999034355611507 2 7 5 2 7 5 1
ball_wave_common done 1 1 0
S 1.7626885641146155 8.6541378688644777 6.769569807993836 6.2833726752931716 1.5000165586716523 3 4 3 2 3 3 1
dome_ball_fuse done 1 1 0
S 120.85653315857373 128.89251846980389 1.9999999985257051 0.519448790480314 4.0243487450198145 4 9 6 4 9 6 1
dome_ball_cut done 1 1 0
S 7.7591973694792635 27.278952558885251 1.9999999600470562 0.80293252816166072 0.7352772337864808 4 9 6 4 9 6 1
dome_ball_common done 1 1 0
S 8.2408022407278221 24.618798020937419 2.0000000136231777 0.79723884627974839 2.2200312181909094 4 9 6 4 9 6 1
tilt_blob_low_fuse done 1 1 0
S 187.49363500856856 218.13491932030394 4.6438172875848593 3.8751355250923547 -1.5688278457008711 7 18 12 7 18 12 1
tilt_blob_low_cut done 1 1 0
S 153.98332541133726 180.51596985578703 3.9406375462472436 4.1091096522590993 -1.1812037634203354 7 18 12 7 18 12 1
tilt_blob_low_common done 1 1 0
S 2.7663414477997867 13.604476823542024 7.3040653524098529 3.593198775080924 -2.2463614466354289 4 9 6 4 9 6 1
hemi_bulge_fuse done 1 1 0
S 197.83636688658081 238.79889739245212 5.516141133273706 2.9999999540877833 1.4558746383622785 8 18 12 8 18 12 1
hemi_bulge_cut done 1 1 0
S 190.76778652612643 224.54588189758888 5.3036825793964129 2.9999999459407047 1.5075038128256484 7 15 10 7 15 10 1
hemi_bulge_common done 1 1 0
S 1.2322254607332379 7.6629655092220839 10.573007920137353 3.0000001283374833 0.33828641567875706 3 3 2 3 3 2 1
side_hemi_bulge_fuse done 1 1 0
S 193.21633581289947 228.53948812665288 5.3731179257127408 3.0106854401651595 1.5000000054196687 8 19 13 8 19 13 1
side_hemi_bulge_cut done 1 1 0
S 191.68952245924888 226.08707615222653 5.3287974299926812 2.9980264865545152 1.5000000060707261 8 16 11 8 16 11 1
side_hemi_bulge_common done 1 1 0
S 0.31048426970049697 4.3506993652367418 10.710462479538396 4.2184074106140974 1.4999999509834925 3 4 3 3 4 3 1
dome_touch_cut done 1 1 0
S 16 40.413980961508734 2 0.79999999999999982 1.5 4 6 4 4 6 4 1
dome_touch_common done 0 1 0
knot_turn_cut done 1 1 0
S 119.99226331634515 166.35701360963182 4.1265470352544273 2.183214698762812 1.5000007069050969 7 13 9 7 13 9 1
knot_turn_common done 1 1 0
S 0.016720009321249889 1.4847542924779584 5.4416722713940926 3.7691738212777999 1.5000024598472248 2 1 1 2 1 1 1
cap_turn_cut done 1 1 1
S 190.99619412543419 225.15414906073613 5.309789918094272 3.0000001213737582 1.494095493957164 7 17 11 7 17 11 1
cap_turn_common done 1 1 1
S 1.0037823213644264 6.0386859248511566 10.609972224693552 2.9999999362532099 2.6234780696882578 3 5 3 3 5 3 1
