box_slab_fuse done 1 1 0
S 969.0625 1194.8124999999998 5.0000000000000027 2.2491776846178659 2.1103595614317969 16 36 24 16 36 24 1
box_slab_cut done 2 1 0
S 15 62.999999999999993 5 0.66666666666666663 0.5 5 9 6 5 9 6 1
S 324.06249999999994 322.3125 5.0000000000000009 5.8201542912246866 2.2050385728061719 7 15 10 7 15 10 1
box_slab_common done 1 1 0
S 60.937500000000014 137.1875 5 1.7051282051282053 1.278846153846154 6 12 8 6 12 8 1
box_drill_fuse done 1 1 0
S 425.13274122871832 385.13274122871837 4.9999999999999982 4.9999999999999991 2.0000000000000004 10 18 12 10 18 12 1
box_drill_cut done 1 1 0
S 349.73451754256325 385.13274122871832 5 5.0000000000000009 2 7 15 10 7 15 10 1
box_drill_common done 1 1 0
S 50.26548245743669 75.398223686155035 5 5 1.9999999999999998 3 3 2 3 3 2 1
tilt_box_fuse done 1 1 0
S 242.8125 336.4375 5 4.7322072072072086 0.94903474903474927 16 36 24 16 36 24 1
tilt_box_cut done 2 1 0
S 3.0625000000000036 22.02083333333335 4.9999999999999991 3.5361111111111105 2.7333333333333338 5 9 6 5 9 6 1
S 89.75 126.91666666666669 5 4.3254565150108331 -0.450510677808728 7 15 10 7 15 10 1
tilt_box_common done 1 1 0
S 27.187500000000004 71.562500000000014 5 3.8606321839080469 1.6206896551724139 6 12 8 6 12 8 1
cyl_box_fuse done 1 1 0
S 456.54866776461631 397.69911184307756 5.0000000000000009 5 2 10 18 12 10 18 12 1
cyl_box_cut done 2 1 0
S 28.274333882308145 75.398223686155092 5.0000000000000009 5 -0.50000000000000011 3 3 2 3 3 2 1
S 28.274333882308145 75.398223686155092 5.0000000000000009 5 4.5 3 3 2 3 3 2 1
cyl_box_common done 1 1 0
S 113.09733552923257 131.94689145077132 5.0000000000000009 5.0000000000000009 2 3 3 2 3 3 2 1
box_cyl_fuse done 1 1 0
S 456.54866776461631 397.69911184307762 5 5 1.9999999999999998 10 18 12 10 18 12 1
box_cyl_cut done 1 1 0
S 286.90266447076743 378.84955592153869 4.9999999999999991 4.9999999999999982 2 7 15 10 7 15 10 1
box_cyl_common done 1 1 0
S 113.09733552923257 131.94689145077132 5.0000000000000009 5.0000000000000009 2 3 3 2 3 3 2 1
rods_fuse done 1 1 0
S 134.107237699054 180.68331779228131 5.0000026148248944 4.9999930270108512 1.9999968273843942 7 12 8 7 12 8 1
rods_cut done 2 1 0
S 29.354903688113357 55.514195694835465 8.9204810361136051 5.0000002429268919 1.9999999820574361 4 6 4 3 5 4 1
S 29.35533656200262 55.5149571415389 1.0795414411122632 5.0000078567638724 2.0000000712275035 3 3 2 3 3 2 1
rods_common done 1 1 0
S 26.113898088322951 47.081421849494767 4.9999729903937924 5.0000097467704627 2.0000136064771041 4 6 4 3 5 4 1
dee_slab_fuse done 1 1 0
S 1393.0071935114861 1363.9584554105149 6.1545577661372386 3.1133891395239703 2.6830764136406255 15 39 26 15 39 26 1
dee_slab_cut done 1 1 0
S 763.0071935114853 596.21329562059668 7.1078533560765385 5.3124970537992864 3.1645111153359902 11 27 18 11 27 18 1
dee_slab_common done 1 1 0
S 72.61225550774904 160.82914053692363 5.9611321264493951 1.7162912330335929 1.2713226091036636 7 15 10 7 15 10 1
halves_box_fuse done 1 1 0
S 139.17203492627021 166.90271963057586 5.8073182456958783 5 2.5 11 27 18 10 24 16 1
halves_box_cut done 1 1 0
S 76.172034926270229 126.63357720852186 4.6141119645569448 5 2.4999999999999996 7 15 10 6 12 8 1
halves_box_common done 1 1 0
S 22.002735498410864 49.90700487904148 6.3359192049334556 5 2.4999999999999996 5 9 6 4 6 4 1
plate_bore_fuse done 1 1 0
S 488.5486677646162 469.69911184307756 -5.453981220114911e-17 -9.3923335795289588e-17 1.5000000000000004 10 18 12 10 18 12 1
plate_bore_cut done 1 1 0
S 347.17699835307559 432 -5.3724028095703471e-17 -1.8062318258214599e-16 1.5 7 15 10 7 15 10 1
plate_bore_common done 1 1 0
S 47.123889803846865 125.66370614359168 2.6386824023993639e-16 2.5396794882331931e-17 1.5000000000000002 4 6 4 4 6 4 1
ball_box_fuse done 1 1 0
S 456.5486677646162 388.2743338823081 5 5 2.3870662631207917 7 15 10 7 15 10 1
ball_box_cut done 1 1 0
S 56.548667764616248 84.823001646924411 5 5 5.125 2 3 2 2 3 2 1
ball_box_common done 1 1 0
S 56.548667764616269 84.823001646924411 5 5 2.875 2 3 2 2 3 2 1
dome_box_fuse done 1 1 0
S 710.63886825718509 516.04665801213605 2.2349995251096071 1.5428765933106676 3.1926442630116649 9 21 14 8 18 12 1
dome_box_cut done 1 1 0
S 62.638868261547813 123.29505414931364 -0.50643422868184063 -1.1170687758687501 1.0475461584084176 5 9 6 4 6 4 1
dome_box_common done 1 1 0
S 71.402418410493397 102.74978948554258 0.44427720689079442 0.97996574339202158 1.8969220842559065 4 9 6 4 9 6 1
frustum_bore_fuse done 1 1 0
S 90.058989402907443 126.23026060930769 5 4.9999999999999991 1.7790697674418599 6 8 5 6 8 5 1
frustum_bore_cut done 1 1 0
S 14.660765716752387 75.964778151871002 5.0000000000000009 5.0000000000000009 0.64285714285714235 3 5 3 3 5 3 1
frustum_bore_common done 1 1 0
S 39.793506945470718 61.91514868978949 5 4.9999999999999991 1.6578947368421055 4 5 3 4 5 3 1
frustum_box_fuse done 1 1 0
S 169.26949008690383 249.64587578606049 7.7908028981302353 5.0000000000000009 1.8102682811924866 10 24 16 10 24 16 1
frustum_box_cut done 1 1 0
S 49.269490132674925 90.890206835120196 4.8457013368412474 5.0000000000000009 1.3481606728260873 6 12 8 6 12 8 1
frustum_box_common done 1 1 0
S 5.1847822757279003 21.968568226989721 6.4662556946424035 4.9999999960333321 1.7310339621775139 5 9 6 4 6 4 1
spike_ball_fuse done 1 1 0
S 34.575549484516614 71.040349932453637 -1.5412829579432077e-16 8.3577376870112413e-17 2.7443195286004989 3 5 3 3 5 3 1
spike_ball_cut done 1 1 0
S 20.438382543362515 44.788289972423009 -3.2592296056784825e-16 5.7875092824868093e-17 1.1840722183048045 3 5 3 3 5 3 1
spike_ball_common done 1 1 0
S 0.50556848056941073 3.6363429571417973 -9.9848893060085659e-16 1.6837544038093458e-18 3.9152318613770496 2 5 3 2 5 3 1
ring_box_fuse done 1 1 0
S 1053.2691198116415 827.21528139796521 1.3492140278206734e-17 -1.15902146446231e-16 1.8577982815773493 9 17 11 9 17 11 1
ring_box_cut done 1 1 0
S 157.26911981164153 268.93059892429983 -3.5692242820635916e-15 7.0020025957944008e-16 -0.37666923580670958 3 5 3 3 5 3 1
ring_box_common done 1 1 0
S 64.796979212869559 204.8728506347158 -3.1718241302661966e-17 -1.200419478927572e-16 0.91421606215370199 2 3 2 2 3 2 1
ring_pin_fuse done 1 1 0
S 227.53871244381355 311.0317263093869 0.12027035385013046 4.3204343570582328e-10 3.0859276836109042e-08 5 12 7 5 12 7 1
ring_pin_cut done 1 1 0
S 216.93583723787881 305.64009842873094 -0.1182294960018991 4.5341322962819147e-10 3.2368511220694179e-08 2 9 5 2 9 5 1
ring_pin_common done 1 1 0
S 5.1302991742737509 16.865067468558316 4.99936174455343 7.0521543992649736e-09 6.7465233203594243e-08 5 7 4 3 5 4 1
both_fuse done 1 1 0
S 456.54866776461625 388.2743338823081 5 5 2.3870662631207917 7 15 10 7 15 10 1
both_cut done 1 1 0
S 343.45133223538369 388.2743338823081 5 4.9999999999999991 1.8559327635388867 7 15 10 7 15 10 1
both_common done 1 1 0
S 56.548667764616269 84.823001646924411 5 5 2.875 2 3 2 2 3 2 1
slab_ball_fuse done 1 1 0
S 702.99490798532975 1005.7092892855338 5.000000001550875 0.90445021846334384 7.6502860047328669 8 18 12 8 18 12 1
slab_ball_cut done 1 1 0
S 589.8975727983177 949.16062129588647 5.0000000019599771 0.11923633039167546 8.3501322823740534 7 15 10 7 15 10 1
slab_ball_common done 1 1 0
S 40.102430093407627 79.388046243698554 4.9999999954347043 5.3154582358135114 4.4206111355003523 3 3 2 3 3 2 1
chain_drill_fuse done 1 1 0
S 920.81385751100527 1225.7974318293168 4.9999999999999805 2.1020277042584072 2.1124807540633004 17 42 28 17 42 28 1
chain_drill_cut done 2 1 0
S 15 62.999999999999993 5 0.66666666666666663 0.5 5 9 6 5 9 6 1
S 275.81385751099702 342.5368857041683 4.9999999999998641 5.9535668503815184 2.2286826253543421 8 21 14 8 21 14 1
chain_drill_common done 1 1 0
S 58.920660031556544 131.33530939940141 4.9999999999999947 1.6394308669985891 1.3113818307019522 7 15 10 7 15 10 1
cyl_tangent_fuse done 2 1 0
S 159.99999999999997 192 10 5 2 7 15 10 6 12 8 1
S 169.64600329384891 169.64600329384891 5.0000000000000009 5.0000000000000009 2.0000000000000004 3 5 4 3 3 2 1
cyl_tangent_cut done 1 1 0
S 169.64600329384891 169.64600329384891 5.0000000000000009 5.0000000000000009 2.0000000000000004 3 5 4 3 3 2 1
cyl_tangent_common done 0 1 0
ball_touch_fuse done 2 1 0
S 31.999999999999996 64 4.9999999999999991 5.0000000000000009 8 6 12 9 6 12 9 1
S 113.09733552923255 113.09733552923255 5 5 4 1 3 2 1 3 2 1
ball_touch_cut done 1 1 0
S 113.09733552923255 113.09733552923255 5 5 4 1 3 2 1 3 2 1
ball_touch_common done 0 1 0
box_kiss_fuse done 2 1 0
S 75.398223686155035 100.53096491487338 12 5 1.9999999999999996 3 4 4 3 4 4 1
S 400 360 5 4.9999999999999991 2.0000000000000004 7 15 10 6 12 8 1
box_kiss_cut done 1 1 0
S 399.99999999999989 360 5.0000000000000009 5 2.0000000000000004 7 15 10 6 12 8 1
box_kiss_common done 0 1 0
dee_turn_fuse done 1 1 0
S 951.67691984439386 628.28593677915546 3.9488719116564099 7.1158612886439814 2.8780495056619251 11 25 16 9 20 13 1
dee_turn_cut done 1 1 0
S 551.67691984439512 601.23661574536482 3.1867388221372281 8.6499920180866887 3.5146898827214414 10 23 15 10 23 15 1
dee_turn_common done 1 1 0
S 283.9425291748401 284.50165916828212 4.3125428278541529 6.2492739314931836 2.0000000000000062 7 15 10 7 15 10 1
