cup_ball_fuse done 1 1 0
S 108.82132639023042 221.48012431315607 1.786131318568221 1.8314748841682733 3.7714007556791072 6 15 10 6 15 10 1
cup_ball_cut done 1 1 0
S 86.372167838423877 194.29949216700885 1.4128738730983494 2.0548048343512995 3.0910820575871933 6 15 10 6 15 10 1
cup_ball_common done 1 1 0
S 4.7343461311441564 18.066323846471146 2.8684475122608286 0.77888484698197025 5.7623064952963272 6 15 10 4 11 8 1
shaft_box_fuse done 1 1 0
S 173.71858729765319 204.74676479232122 3.8315009044745785 3.7528978371952846 0.68145041214416902 14 36 24 14 36 24 1
shaft_box_cut done 1 1 0
S 112.96858729025266 197.83336486842362 3.6363243464307318 3.043417809949934 0.85670366637378703 12 30 20 12 30 20 1
shaft_box_common done 1 1 0
S 35.471665615751135 68.824016513238675 4.0289983145730792 4.389492819116362 0.79211688049332152 11 27 18 10 25 17 1
dome_pin_fuse done 1 1 1
S 81.15781021773789 111.99807115847236 -8.0191017388123772e-15 2.2634650266143862e-16 1.2000000000000133 5 8 5 3 5 3 1
dome_pin_cut done 1 1 1
S 63.296808784528352 124.18745065440025 -1.4824767921673578e-14 1.4013228136098761e-16 1.1291972735093754 4 7 4 4 7 4 1
dome_pin_common done 1 1 1
S 17.861001433209218 37.070793312359697 1.485601487003163e-15 2.6380426797283664e-17 1.4509146341463437 3 5 3 3 5 3 1
chain_dome_fuse done 1 1 0
S 210.20987074248919 387.90132055427659 0.13801484096360195 -0.4583678309623947 2.0420957500115504 14 33 22 14 33 22 1
chain_dome_cut done 2 1 0
S 13.457849844179403 46.985729863376605 2.037765306173732e-10 1.7858156984219422 1.8486323415360304 3 6 4 3 6 4 1
S 34.752020912610398 78.506128504821334 -0.33056834781245931 -1.3081737645320914 0.91476887772496807 7 15 10 7 15 10 1
chain_dome_common done 1 1 0
S 22.196605691263734 74.635660515173171 -0.48582073319665758 0.77571664027145126 1.3883378123334884 11 27 18 10 24 16 1
dome_slab_fuse done 1 1 0
S 316.63409748376131 501.15086711949056 0.42557008583091227 0.1331370445724048 1.4047423441466338 13 30 20 12 28 19 1
dome_slab_cut done 2 1 0
S 16.756241507185972 52.346186359925532 -1.3352291771080257e-13 1.7087267181614367 1.7830678436980794 4 9 6 4 9 6 1
S 30.377855973823376 72.354596132609117 1.3679568652325783e-09 -1.4400245906131599 0.79455274727325376 5 9 6 4 7 5 1
dome_slab_common done 1 1 0
S 34.023712722895517 79.847204029050758 -5.8431001219684185e-10 0.4441908551405272 1.2748475822646865 8 17 11 6 13 9 1
bead_slab_fuse done 1 1 0
S 658.01984749991311 723.38610287100778 2.4064103483533126 0.30179383995453796 1.3633966150860912 13 25 16 11 21 14 1
bead_slab_cut done 2 1 0
S 67.192077455630951 144.16585225560908 1.0739220769450961 3.4774530105194845 2.259807468338761 5 8 5 3 4 3 1
S 100.82776992317443 196.71755546500685 2.8395621052272748 -1.0767961596837894 -0.86979137352405111 3 5 3 3 5 3 1
bead_slab_common done 1 1 0
S 100.06272511285576 210.73775645519896 1.7758798196221872 1.4290659880930296 0.69855435481644002 4 9 6 4 9 6 1
knob_box_fuse done 1 1 0
S 96.105987942713739 149.32980770236981 1.327763135619884 0.92929080900772121 2.4796577461062661 9 21 14 9 21 14 1
knob_box_cut done 1 1 0
S 48.152717697138328 119.48517587407349 1.6541686838320862 0.85887449395986248 2.9329020547347873 8 20 13 8 20 13 1
knob_box_common done 1 1 0
S 14.847282168142211 40.068415983785279 1.0000000030906833 1.3516183326789806 2.3689719523336987 5 8 5 5 8 5 1
rounded_rod_fuse done 1 1 0
S 431.51658888554584 420.3495408493622 4.0204759899521845 4.0204759899521845 3.9999999999999991 15 33 22 15 33 22 1
rounded_rod_cut done 1 1 0
S 413.84513020910316 445.08958299638181 3.9145986873518916 3.9145986873518899 4.0000000000000009 12 30 20 12 30 20 1
rounded_rod_common done 1 1 0
S 14.137166941154069 41.233403578366037 6.5 6.5 3.9999999999999996 3 3 2 3 3 2 1
