case apex valid 2 3 2 2 1 1
props 12.566370614359176 35.220717412637121 1.7669748230352865e-17 -9.0030152429795397e-18 0.75000000000000022 11.780972450961963 9.7084539817877125e-16 -6.106226635438361e-16 11.780972450961647 3.4870257105962978e-16 15.079644737231167
face 1 cone 22.654346798277953 -2.2204460492503131e-16 -2.4010137436540252e-17 1.0000000000000002
face 2 plane 12.566370614359169 2.2204460492503131e-16 1.3507541256170367e-16 0
edge 1 degenerated closed 2.5271763906946993e-15 4.0221261464419637e-16 -9.8513678220140591e-32 3
edge 2 regular open 3.6055512754639891 1.0000000000000002 -2.4492935982947069e-16 1.5
edge 3 regular closed 12.566370614359172 -2 2.4492935982947064e-16 0
vertex 1 4.0221261464419637e-16 -9.8513678220140591e-32 3
vertex 2 2 -4.8985871965894128e-16 0
end
case apex_at_base valid 2 3 2 2 1 1
props 4.7123889803846897 18.849555921538762 -1.884773144570973e-16 5.5644365839745016e-17 1.5 2.2972896279375874 8.474848092251285e-18 2.2204460492503131e-16 2.2972896279375199 -4.917250481527334e-17 3.1808625617596973
face 1 cone 11.780972450961727 1.1102230246251565e-16 3.055760391385776e-17 1.3333333333333335
face 2 plane 7.0685834705770363 4.4408920985006262e-16 4.6241135749819279e-17 2
edge 1 regular closed 9.4247779607693811 -1.5 1.8369701987210297e-16 2
edge 2 regular open 2.5 0.75 -1.8369701987210297e-16 1
edge 3 degenerated closed 0 0 0 0
vertex 1 1.5 -3.6739403974420594e-16 2
vertex 2 0 0 0
end
case frustum valid 2 3 3 3 1 1
props 21.991148575128552 45.511728065337266 1.0000000000000002 2 4.1785714285714288 29.300961481606464 7.1054273576010019e-15 2.8421709430404007e-14 29.300961481606066 0 29.216811678385312
face 1 cone 29.8037647973883 1 2 4.333333333333333
face 2 plane 3.1415926535897909 0.99999999999999967 2 6
face 3 plane 12.566370614359169 1.0000000000000002 2 2.9999999999999996
edge 1 regular closed 6.2831853071795836 2.2204460492503131e-16 2 6
edge 2 regular open 3.1622776601683795 2.5 1.9999999999999998 4.5
edge 3 regular closed 12.566370614359172 -1 2.0000000000000004 3
vertex 1 2 1.9999999999999998 6
vertex 2 3 1.9999999999999996 3
end
case frustum_widening valid 2 3 3 3 1 1
props 5.1050880620834134 40.16207620366918 -4.5397660837983535e-16 6.2072263435180098e-17 0.31730769230769235 5.1490464448666406 6.8276347823237821e-16 1.0541781123243606e-17 5.1490464448664754 -1.0835658659069199e-17 10.121818830784697
face 1 cone 17.385529465143179 0 1.0041819286061385e-17 0.2857142857142857
face 2 plane 19.634954084936208 4.4408920985006262e-16 3.6601958319727342e-17 0.5
face 3 plane 3.1415926535897922 1.1102230246251565e-16 6.7537706280851835e-17 0
edge 1 regular closed 15.707963267948966 -2.5 3.0616169978683831e-16 0.5
edge 2 regular open 1.5811388300841898 1.75 -4.2862637970157361e-16 0.25000000000000006
edge 3 regular closed 6.2831853071795862 -1 1.2246467991473532e-16 0
vertex 1 2.5 -6.1232339957367663e-16 0.5
vertex 2 1 -2.4492935982947064e-16 0
end
case nearly_cylinder valid 2 3 3 3 1 1
props 12.578646455403895 31.434338050788561 2.4713505383680982e-16 2.685739070634768e-17 2.0006507238787079 19.919258917928126 -1.6049323995178981e-16 -8.8615556352824291e-16 19.919258917928069 -9.5520449143671608e-17 6.2954691435604344
face 1 cone 25.145013824401207 0 -3.7119190602696459e-17 2.0003253619651864
face 2 plane 3.1477315727975612 -2.2204460492503131e-16 5.0674225244675141e-17 4
face 3 plane 3.1415926535897922 1.1102230246251565e-16 6.7537706280851835e-17 0
edge 1 regular closed 6.2893212303311286 -1.0009765625 1.2258427432871455e-16 4
edge 2 regular open 4.0000001192092878 1.00048828125 -2.450489542434499e-16 2
edge 3 regular closed 6.2831853071795862 -1 1.2246467991473532e-16 0
vertex 1 1.0009765625 -2.4516854865742911e-16 4
vertex 2 1 -2.4492935982947064e-16 0
end
case flat valid 2 3 3 3 1 1
props 7.9848813278740636 157.29966972475887 2.7808128362522532e-16 7.340716339226759e-17 0.057889344262295118 41.263299858033605 2.9909411975992082e-15 1.8405131699216232e-16 41.263299858032717 2.8541881736171744e-17 82.506077064902527
face 1 cone 28.494370927577375 0 -1.0249952943776096e-16 0.06018518518518523
face 2 plane 50.265482457436676 4.4408920985006262e-16 2.7015082512340734e-16 0.12500000000000008
face 3 plane 78.539816339744831 8.8817841970012523e-16 7.3203916639454684e-17 0
edge 1 regular closed 25.132741228718345 -4 4.8985871965894128e-16 0.12500000000000008
edge 2 regular open 1.0077822185373186 4.5 -1.1021821192326179e-15 0.062500000000000042
edge 3 regular closed 31.415926535897931 -5 6.1232339957367663e-16 0
vertex 1 4 -9.7971743931788257e-16 0.12500000000000008
vertex 2 5 -1.2246467991473533e-15 0
end
case needle valid 2 3 2 2 1 1
props 0.032724923474893676 1.5831161092661661 -4.9696166897867456e-18 1.6374031800046128e-18 2 0.078558991099593384 -1.3454151946606861e-21 2.1684043449710089e-19 0.078558991099593384 -2.4301732081456741e-20 3.8349519697141449e-05
face 1 cone 1.570844262963081 -6.9388939039072284e-18 -9.4315079365146593e-19 2.6666666666666674
face 2 plane 0.012271846303085126 6.9388939039072284e-18 4.2211066425532397e-18 0
edge 1 degenerated closed 1.2772748036126979e-18 2.0328459868169074e-19 -4.9790366618297365e-35 8
edge 2 regular open 8.0002441368998234 0.03125 -7.6540424946709591e-18 4
edge 3 regular closed 0.39269908169872414 -0.0625 7.6540424946709575e-18 0
vertex 1 2.0328459868169074e-19 -4.9790366618297365e-35 8
vertex 2 0.0625 -1.5308084989341915e-17 0
end
case millimetre valid 2 3 3 3 1 1
props 2.1991148575128554e-08 4.5511728065337272e-05 1.836633416819144e-20 9.6451211837756042e-20 0.0011785714285714286 2.930096148160654e-14 1.3981379494486399e-30 -1.2989158276539116e-30 2.9300961481606123e-14 1.1220391989040192e-31 2.9216811678385278e-14
face 1 cone 2.9803764797388308e-05 2.1684043449710089e-19 2.5689080512764091e-20 0.0013333333333333333
face 2 plane 3.1415926535897925e-06 2.1684043449710089e-19 6.7282853795280636e-20 0.0030000000000000001
face 3 plane 1.2566370614359172e-05 -4.3368086899420177e-19 1.2083321695247371e-19 0
edge 1 regular closed 0.006283185307179584 -0.0009999999999999998 1.2246467991473529e-19 0.0030000000000000005
edge 2 regular open 0.0031622776601683794 0.0015 -3.6739403974420592e-19 0.0015
edge 3 regular closed 0.012566370614359173 -0.002 2.4492935982947063e-19 0
vertex 1 0.0009999999999999998 -2.4492935982947058e-19 0.0030000000000000005
vertex 2 0.002 -4.8985871965894126e-19 0
end
case large valid 2 3 3 3 1 1
props 228550865.54865751 2187309.9980796743 7.5108609429693468e-14 6.9687263489631905e-15 322.42268041237116 18250153403099.641 0.00031486135549726411 -0.0047191541219494997 18250153403099.461 0.00045558030837045485 11495283869026.008
face 1 cone 1613969.3387995374 -5.6843418860808015e-14 -1.7762920736757434e-14 381.81818181818193
face 2 plane 70685.83470577035 0 7.0780296576618088e-15 900
face 3 plane 502654.82457436691 -5.6843418860808015e-14 2.3445798754897669e-14 0
edge 1 regular closed 942.47779607693792 -150 1.8369701987210297e-14 900
edge 2 regular open 934.07708461347022 275 -6.7355573953104432e-14 450
edge 3 regular closed 2513.2741228718351 -400 4.8985871965894129e-14 0
vertex 1 150 -3.6739403974420595e-14 900
vertex 2 400 -9.7971743931788257e-14 0
end
case far valid 2 3 3 3 1 1
props 16.493361431346912 39.694824019159341 10000.000000000002 -20000 5000.9642857142862 18.740161895751953 -4.76837158203125e-07 2.384185791015625e-07 18.740160942077637 -2.384185791015625e-07 20.08655834197998
face 1 cone 26.34305524140272 10000 -20000 5001.2000000000007
face 2 plane 0.78539816339744772 10000 -20000 5003
face 3 plane 12.566370614359169 10000 -20000 5000
edge 1 regular closed 3.1415926535897913 9999.5 -20000 5003
edge 2 regular open 3.3541019662496847 10001.25 -20000 5001.5
edge 3 regular closed 12.566370614359172 9998 -20000 5000
vertex 1 10000.5 -20000 5003
vertex 2 10002 -20000 5000
end
case rotated_0 valid 2 3 2 2 1 1
props 1.0471975511965981 7.5844755917481592 -2.9264889696340943 1.5073757530467731 0.23883409865749045 0.2065355988136548 0.0010220214257747884 0.033094053513663679 0.19645208570021389 0.0033205025806123389 0.3038706625438401
face 1 cone 4.442882938158367 -2.9019852928454588 1.5098343373956973 0.31844546487665398
face 2 plane 3.1415926535897922 -3.0000000000000004 1.4999999999999998 1.1102230246251565e-16
edge 1 degenerated closed 1.2750513632128866e-16 -2.705955878536376 1.5295030121870921 0.95533639462996189
edge 2 regular open 1.4142135623730951 -2.3863958881199987 1.6184221043717744 0.33085676520227841
edge 3 regular closed 6.2831853071795862 -3.9331641022963786 1.2926588034435433 0.29362286422540507
vertex 1 -2.705955878536376 1.5295030121870921 0.95533639462996189
vertex 2 -2.0668358977036214 1.7073411965564567 -0.29362286422540507
end
case rotated_1 valid 2 3 2 2 1 1
props 2.4543692606170264 12.576433210149805 -1.708116726545633 1.6522495139054294 0.81546448843227393 0.964740123374348 0.092657977173844941 0.15904815443370612 0.8293972728497927 0.08079100159475372 0.9210085983334686
face 1 cone 7.6676946889157538 -1.7961037569294516 1.6075551234714931 0.73874621193979917
face 2 plane 4.908738521234052 -1.4441556353941774 1.7863326852072396 1.0456193179096989
edge 1 regular closed 7.8539816339744846 -0.97711405774372961 0.63477497199357003 1.1808487447512164
edge 2 regular open 1.9525624189766633 -2.2055986065223125 2.0939451992104545 0.51769494553409046
edge 3 degenerated closed 0 -2.5 1.25 0.125
vertex 1 -1.9111972130446246 2.9378903984209086 0.91038989106818125
vertex 2 -2.5 1.25 0.125
end
case rotated_2 valid 2 3 3 3 1 1
props 10.995574287564274 32.986722862692822 -1.5714702778373417 1.4780817779831024 0.28264041829020436 11.102535002630415 2.0417882525663877 0.13940046597242706 11.550259091628028 0.15551972051665697 9.2829912259837712
face 1 cone 19.634954084936204 -1.4667185679753587 1.5949462126011942 0.29061918720558755
face 2 plane 0.78539816339744806 -0.66679641993839711 2.4873655315029852 0.35154796801396909
face 3 plane 12.566370614359169 -1.9999999999999998 0.99999999999999967 0.25
edge 1 regular closed 3.1415926535897931 -0.30454352839762522 2.1721756327706947 0.21216299641559982
edge 2 regular open 2.5 -2.239030438821128 2.5316575125822189 0.64923641300290758
edge 3 regular closed 12.566370614359172 -0.55098843383691243 -0.26075959492916234 -0.30753988639347707
vertex 1 -1.029049311479169 2.8025554302352758 0.4909329396123383
vertex 2 -3.4490115661630876 2.2607595949291621 0.80753988639347685
end
case rotated_3 valid 2 3 3 3 1 1
props 30.925052683774531 69.665673315995292 -0.99234880992596064 2.095439274241381 -0.52497406990669482 56.474281614807609 7.368248396146754 -4.9286746894631435 73.222381761001827 -13.062576483266032 62.431800625518179
face 1 cone 39.624193566042884 -1.051129474039797 1.9396515688029052 -0.42076654602276181
face 2 plane 28.274333882308145 -0.75188245673299436 2.7327526146715098 -0.95127757670460245
face 3 plane 1.7671458676442591 -1.5 0.75000000000000011 0.37500000000000017
edge 1 regular closed 18.849555921538762 -1.3137249401189686 1.2436889468121843 -3.4943116733938346
edge 2 regular open 3.3634060117684275 -0.77478967625026407 2.6720410997478328 1.3012575220784686
edge 3 regular closed 4.7123889803846906 -1.6404606208464934 0.37773408303516876 -0.26075852417230794
vertex 1 -0.19003997334702147 4.2218162825308347 1.5917565199846284
vertex 2 -1.3595393791535069 1.1222659169648312 1.0107585241723078
end
case rotated_4 valid 2 3 2 2 1 1
props 3.1415926535897931 13.076180919385891 -1.0026984992813519 0.79315092192981573 -0.19032981615552971 1.5315187930388854 0.00082840400343897613 -0.0019507766840348717 1.4415329177857448 0.21192222927563953 1.0324789225023761
face 1 cone 9.9345882657960995 -1.0035979990418027 0.89086789590642101 -0.42043975487403973
face 2 plane 3.1415926535897922 -1 0.50000000000000022 0.5
edge 1 degenerated closed 5.3756859215305595e-16 -1.0107939971254081 1.6726036877192634 -2.2613192646221196
edge 2 regular open 3.1622776601683795 -0.64644076371306713 0.76643237770492656 -1.0178964571230475
edge 3 regular closed 6.2831853071795862 -1.7179124696992736 1.1397389323094105 0.77447364962397613
vertex 1 -1.0107939971254081 1.6726036877192634 -2.2613192646221196
vertex 2 -0.28208753030072625 -0.13973893230941031 0.22552635037602395
end
case rotated_5 valid 2 3 2 2 1 1
props 5.7268616081063968 19.503467385089252 -0.29894870159459902 -0.2545353077869682 -1.9431992715920261 3.9654514145012421 0.018968764163798835 0.096555316459617124 3.9254084029753216 -0.24230416164828794 2.7396270425709872
face 1 cone 14.594728863855197 -0.32128773475075495 -0.19847582914397177 -1.6578437969706896
face 2 plane 4.9087385212340529 -0.23193160212613231 -0.42271374371595799 -2.7992656954560347
edge 1 regular closed 7.8539816339744855 -1.3997677494283005 -0.86840847597559434 -2.8031307556676834
edge 2 regular open 3.7165171868296265 0.217952272588018 0.13649049427183951 -1.0852003176221929
edge 3 degenerated closed 0 -0.5 0.25 0.625
vertex 1 0.93590454517603627 0.022980988543679089 -2.7954006352443859
vertex 2 -0.5 0.25 0.625
end
case rotated_6 valid 2 3 3 3 1 1
props 21.991148575128555 46.903993025923143 0.63927094692314823 -0.68730649289456791 -0.1286373914959151 32.220015064007569 1.9200466223821078 2.4545450585448796 31.94154937029564 -2.6389823657090927 30.632253896515063
face 1 cone 33.552224248166532 0.79553717839325067 -0.85531474671324059 -0.3434154205282498
face 2 plane 0.7853981633974485 1.9888429459831269 -2.1382868667831003 -1.9835385513206247
face 3 plane 12.566370614359169 -2.2204460492503131e-16 0 0.75000000000000011
edge 1 regular closed 3.141592653589794 1.8143150330130207 -2.5604559420734603 -1.7802818676352368
edge 2 regular open 4.2720018726587652 1.4307412554168288 -0.013720745165651565 -1.1249109848737819
edge 3 regular closed 12.566370614359172 -0.69811165188042457 -1.6886763011614385 1.5630267347415505
vertex 1 2.163370858953233 -1.7161177914927404 -2.186795235006012
vertex 2 0.69811165188042446 1.6886763011614385 -0.063026734741550919
end
case rotated_7 valid 2 3 3 3 1 1
props 55.665094830794153 89.313354043108532 3.219655854282276 -1.5690902521539605 0.44167401378604165 150.41847738322986 -3.9337040119343101 -1.2922361966221558 144.21602806648116 0.62676171610491593 142.51399246319636
face 1 cone 59.271874293156117 2.9047483343127496 -1.4163534861150806 0.49184860166344713
face 2 plane 28.274333882308149 4.507913890521249 -2.193922476858468 0.23641433610574578
face 3 plane 1.7671458676442591 0.5 -0.25000000000000006 0.87500000000000011
edge 1 regular closed 18.849555921538762 4.1248675788820606 -2.0081369646911118 -2.7332252491988962
edge 2 regular open 5.0311529493745271 2.7433608900351176 -1.3380771835338312 2.4117319088682745
edge 3 regular closed 4.7123889803846906 0.40423842209020278 -0.20355362195816101 0.1325901036738395
vertex 1 4.8909602021604375 -2.3797079890258237 3.2060539214103887
vertex 2 0.59576157790979722 -0.29644637804183899 1.6174098963261605
end
case rotated_8 valid 2 3 2 2 1 1
props 5.2359877559829888 19.160634898003885 2.1120974929281719 -0.59094124942170467 1.5634437464170612 2.430401734932401 0.26689039045077489 -1.6535699963937738 5.6723118484812929 0.13521990871711864 4.8563561126442352
face 1 cone 16.019042244414091 2.4827966572375626 -0.62125499922893945 1.7512583285560814
face 2 plane 3.1415926535897922 1 -0.49999999999999983 0.99999999999999989
edge 1 degenerated closed 1.319594852403489e-17 5.4483899717126878 -0.86376499768681836 3.2537749856682447
edge 2 regular open 5.0990195135927845 3.1061383410880086 -1.141024030994042 2.2857952713737908
edge 3 regular closed 6.2831853071795862 1.2361132895366711 0.41828306430126594 0.68218444292066294
vertex 1 5.4483899717126878 -0.86376499768681836 3.2537749856682447
vertex 2 0.76388671046332879 -1.4182830643012658 1.3178155570793371
end
case rotated_9 valid 2 3 2 2 1 1
props 8.9993539555957618 27.057976304735462 3.3722556653155298 -0.19453967761436203 4.7584209161545186 10.64932718096901 -0.49502158049583311 -3.2380742458730651 12.171002853352547 -0.9606710225753945 6.0338485858075472
face 1 cone 22.149237783501409 3.1642272580582489 -0.25625749121276642 4.3547074810262396
face 2 plane 4.908738521234052 3.9963408870873733 -0.0093862368191494072 5.969561221539359
edge 1 regular closed 7.8539816339744828 3.219995061023464 0.93641042960429577 6.2250134169408557
edge 2 regular open 5.6402570863392389 3.1363433565756416 -0.85259145162129713 3.4195545130689307
edge 3 degenerated closed 0 1.5 -0.75 1.125
vertex 1 4.7726867131512831 -0.95518290324259447 5.7141090261378622
vertex 2 1.5 -0.75 1.125
end
case rotated_10 valid 2 3 3 3 1 1
props 32.986722862692829 61.92596256556358 1.8222108113637521 -1.1375302658729332 3.1654279379488606 89.241040264788523 -0.3253392474320691 4.5311036075440256 89.409946524034581 3.5050718697991954 40.84535993323891
face 1 cone 48.574193787806962 1.7787512319193359 -1.1711487753085392 3.6336436561141379
face 2 plane 0.7853981633974485 1.4468780797983407 -1.4278719382713478 7.209109140285344
face 3 plane 12.566370614359169 1.9999999999999993 -1 1.25
edge 1 regular closed 3.141592653589794 1.0467909212422537 -1.7220424672143042 7.1508513900718489
edge 2 regular open 6.1846584384264904 2.723656936289387 -0.47850964677828373 4.3751989456764102
edge 3 regular closed 12.566370614359172 0.39965136577565241 -2.176682115771825 1.0169689991460198
vertex 1 1.8469652383544279 -1.1337014093283917 7.2673668904988391
vertex 2 3.6003486342243471 0.17668211577182455 1.4830310008539802
end
case rotated_11 valid 2 3 3 3 1 1
props 80.405136977813768 111.07581780371032 0.98712485336759492 -3.7602391897284955 4.6711050516112627 298.7385723493785 -17.34815718159507 22.779243012527331 280.40904624071868 37.796475571484962 259.56479216670277
face 1 cone 81.034338053757921 1.1622998703460841 -3.4695799151283548 4.2894507824773269
face 2 plane 28.274333882308145 0.27049978391013929 -4.9492998585472563 6.2324179707955452
face 3 plane 1.7671458676442591 2.5 -1.2499999999999998 1.375
edge 1 regular closed 18.849555921538762 1.5572159382967956 -7.3573187921485363 4.9891133607107214
edge 2 regular open 6.8784082460988021 0.58105229546341108 -1.594638095772829 4.580774366700787
edge 3 regular closed 4.7123889803846906 2.8216790385966641 -1.85200473340032 1.0641738474787941
vertex 1 -1.0162163704765146 -2.541280924945978 7.4757225808803671
vertex 2 2.1783209614033368 -0.6479952665996801 1.6858261525212057
end
