S box coarse done 6 0 24 8 12 0 0 0 0 0 3.972054645195637e-15 0.40000000000000002 0 0 2800 8000.0000000000009
S box fine done 6 0 24 8 12 0 0 0 0 0 3.972054645195637e-15 0.040000000000000001 0 0 2800 8000.0000000000009
S plate_hole coarse done 7 0 130 60 120 0 0 0 0 0 0.021873377705840174 0.40000000000000002 0.021873377705839372 0.021873377705839303 2238.018745155855 3860.0003363917776
S plate_hole fine done 7 0 194 92 184 0 0 0 0 0 0.008388608456461227 0.040000000000000001 0.0083886084564618792 0.0083886084564608332 2237.8219413043053 3859.1550584635143
S cylinder coarse done 3 0 106 52 100 0 0 0 0 0 0.036455629509730691 0.12 0.036455629509730664 0.036455629509730691 531.62962418352129 933.3310907214759
S cylinder fine done 3 0 262 130 256 0 0 0 0 0 0.0058388658383683525 0.012 0.005838865838368487 0.0058388658383679015 533.67948178504241 941.01072891652132
S tall_cylinder coarse done 3 0 106 52 100 0 0 0 0 0 0.0072911259019462936 0.40000000000000002 0.0072911259019462884 0.0072911259019462493 256.93850220254836 124.44414542953018
S tall_cylinder fine done 3 0 170 84 164 0 0 0 0 0 0.002796202818819963 0.040000000000000001 0.0027962028188199804 0.0027962028188199817 257.35288962978461 125.19550358798676
S thin_disc coarse done 3 0 106 52 100 0 0 0 0 0 0.072911259019462035 0.20000000000000001 0.072911259019461327 0.072911259019461383 653.56026401403528 155.55518178691261
S thin_disc fine done 3 0 286 142 280 0 0 0 0 0 0.0097877348002652752 0.02 0.0097877348002656066 0.0097877348002644027 658.90441881614925 156.87468566028332
S stadium_slot coarse done 10 0 144 64 128 0 0 0 0 0 0.029164503607785185 0.20000000000000001 0.029164503607785903 0.029164503607784997 397.69857532983735 283.5553163436237
S stadium_slot fine done 10 0 224 104 208 0 0 0 0 0 0.0093249232378449648 0.02 0.0093249232378440679 0.0093249232378442848 398.44506997123608 284.21865373483735
S rounded_rectangle coarse done 11 0 250 116 232 0 0 0 0 0 0.0072911259019467376 0.080000000000000002 0.0072911259019466769 0.0072911259019464714 185.62213298448748 132.01256831895057
S rounded_rectangle fine done 11 0 378 180 360 0 0 0 0 0 0.0027962028188204683 0.0080000000000000002 0.0027962028188205073 0.0027962028188203147 185.66760565300117 132.00311655693775
S notch coarse done 8 0 84 36 68 0 0 0 0 0 0.0072911259019470707 0.10000000000000001 0.0072911259019465199 0.0072911259019464714 249.42471111081505 233.77779272852348
S notch fine done 8 0 116 52 100 0 0 0 0 0 0.0027962028188209679 0.01 0.0027962028188205238 0.0027962028188204258 249.42476813281965 233.7402248206007
S lens coarse done 4 0 52 24 44 0 0 0 0 0 0.028728951361789577 0.059999999999999998 0.028728951361789639 0.028728951361789434 41.548508851246169 15.857782374977864
S lens fine done 4 0 156 76 148 0 0 0 0 0 0.0028674106338485491 0.0060000000000000001 0.002867410633848334 0.002867410633848877 42.036036290957071 16.300912612498013
S scallop coarse done 6 0 136 64 124 0 0 0 0 0 0.016775666177810868 0.059999999999999998 0.01677566617781092 0.016775666177810677 72.454987229082775 26.975292054736123
S scallop fine done 6 0 312 152 300 0 0 0 0 0 0.0029768204795274401 0.0060000000000000001 0.0029768204795275442 0.0029768204795272979 72.829713647675817 27.145585457932256
S holes_mixed coarse done 12 0 304 142 292 0 0 0 0 0 0.014582251803892445 0.20000000000000001 0.01458225180389246 0.014582251803892277 1086.117001992628 1127.0001177371232
S holes_mixed fine done 12 0 464 222 452 0 0 0 0 0 0.0055924056376403892 0.02 0.0055924056376406121 0.0055924056376401854 1086.0186855998597 1126.7042704622313
S tilted_prism coarse done 9 0 142 64 128 0 0 0 0 0 0.0072911259019465269 0.12 0.0072911259019471557 0.0072911259019466934 389.11732959490854 344.44448182130861
S tilted_prism fine done 9 0 206 96 192 0 0 0 0 0 0.0027962028188205606 0.012 0.002796202818820928 0.0027962028188204258 389.12686412689902 344.35056205150181
S far_prism coarse done 3 0 106 52 100 0 0 0 0 0 0.01458225180417224 0.040000000000000001 0.014582251804546198 0.014582251803928914 62.496273325584191 37.333105870819054
S far_prism fine done 3 0 286 142 280 0 0 0 0 0 0.001957546961872223 0.0040000000000000001 0.0019575469648092027 0.0019575469617507668 62.786761115674771 37.64988679608598
S cone_apex coarse done 2 0 115 84 165 1 0 0 0 0 0.044540522470764267 0.029999999999999999 0.017022122277224258 0.014582251803892499 34.969008564214484 12.391340317805899
S cone_apex fine done 2 0 521 431 859 1 0 0 0 0 0.0080701987553627973 0.0030000000000000001 0.0020918973203046714 0.0014676378983802252 35.194507993661176 12.545437660125549
S frustum coarse done 3 0 166 109 214 0 0 0 0 0 0.030240637170131202 0.029999999999999999 0.0226429064207775 0.014582251803892499 45.224687001728718 21.667232582057764
S frustum fine done 3 0 636 488 972 0 0 0 0 0 0.0046704227048181531 0.0030000000000000001 0.0025838907428120121 0.0014676378983802252 45.478896712331711 21.951948802682729
S cone_inverted coarse done 2 0 122 89 175 1 0 0 0 0 0.031520733012215675 0.02 0.011080493464376008 0.0094316851601361495 18.728130330986836 4.6535171899232344
S cone_inverted fine done 2 0 549 454 905 1 0 0 0 0 0.0057326782924432829 0.002 0.0013637932613174955 0.00097785691548479825 18.836647003351178 4.7053046675125092
S cone_tilted coarse done 3 0 166 104 204 0 0 0 0 0 0.037742701932600736 0.025000000000000001 0.0058907249549831533 0.012038183319508455 39.910734387705737 5.0573237805719256
S cone_tilted fine done 3 0 544 376 748 0 0 0 0 0 0.0089173858128130251 0.0025000000000000001 0.00065772012092909897 0.0012430787810780997 40.136114856067742 5.0995780291254196
S sphere coarse done 1 0 507 490 978 2 0 0 0 0 0.037416574051187132 0.050000000000000003 0.036056442576363618 0.024076366639016022 311.70294121619338 516.09438488307649
S sphere fine done 1 0 5106 5055 10108 2 0 0 0 0 0.01031630883992055 0.0050000000000000001 0.010290831661429427 0.0024671981713426661 313.91622395549274 522.8390718847005
S hemisphere coarse done 2 0 302 261 519 1 0 0 0 0 0.037416574051186854 0.050000000000000003 0.036056442576363465 0.024076366639016022 233.88759941454785 258.04719244153824
S hemisphere fine done 2 0 2764 2638 5273 1 0 0 0 0 0.0046990659423159636 0.0050000000000000001 0.0046963548623344927 0.0024671981713426661 235.44830151511897 261.43320270834408
S sphere_zone coarse done 3 0 317 252 500 0 0 0 0 0 0.050984224109165158 0.050000000000000003 0.04307947733164548 0.024037445485070918 284.71900986521672 402.51049580224964
S sphere_zone fine done 3 0 2406 2207 4410 0 0 0 0 0 0.0056032565343234284 0.0050000000000000001 0.0044425023876225192 0.0024950641249978922 286.40222457839889 406.72922407225769
S sphere_far coarse done 1 0 507 490 978 2 0 0 0 0 0.014966629622516828 0.02 0.014422577032014402 0.00963054665674834 49.872470594601118 33.02996859513577
S sphere_far fine done 1 0 5106 5055 10108 2 0 0 0 0 0.004126523536076762 0.002 0.0041163326651328875 0.00098687926967366835 50.226595832881237 33.461411896455878
S torus coarse done 1 0 891 832 1664 0 0 0 0 0 0.052964048596945805 0.080000000000000002 0.052678662146477651 0.038522186622425458 470.69497936464023 466.13468937348131
S torus fine done 1 0 5151 5000 10000 0 0 0 0 0 0.0078901644951993866 0.0080000000000000002 0.0078823682312090301 0.0039475170741489762 473.23471352985212 472.18433098747653
S torus_segment coarse done 3 0 339 270 536 0 0 0 0 0 0.059258605609817376 0.080000000000000002 0.058910303322423266 0.038788292918978229 504.45295586518375 625.7398063161786
S torus_segment fine done 3 0 1803 1598 3192 0 0 0 0 0 0.0083681065440643909 0.0080000000000000002 0.0083593736772727169 0.0039540664269210879 507.62102792889272 631.36940187260734
S torus_inner_half coarse done 3 0 462 392 780 0 0 0 0 0 0.045992425012548063 0.080000000000000002 0.025061087612152439 0.037726740640544598 409.66982260242145 248.74120624942833
S torus_inner_half fine done 3 0 2462 2262 4520 0 0 0 0 0 0.0069869900471511521 0.0080000000000000002 0.0039465431434579385 0.0039465431434573262 412.43971616838905 249.30311352230191
S torus_wedge coarse done 3 0 349 286 568 0 0 0 0 0 0.054403281273044765 0.080000000000000002 0.054106969500648937 0.039966677775794324 174.69311473288377 148.33941056308782
S torus_wedge fine done 3 0 1783 1650 3296 0 0 0 0 0 0.00784862056418212 0.0080000000000000002 0.007840906605456081 0.0039465431434575482 175.70258714084798 150.30198281099797
S torus_tilted coarse done 1 0 891 832 1664 0 0 0 0 0 0.026482024298473458 0.040000000000000001 0.026339331073238926 0.019261093311212729 117.67374484116006 58.266836171685334
S torus_tilted fine done 1 0 5151 5000 10000 0 0 0 0 0 0.0039450822476001504 0.0040000000000000001 0.0039411841156045428 0.0019737585370744881 118.30867838246294 59.02304137343598
S face_holes coarse done 1 0 62 62 66 0 62 0 0 0 1.7763568394002505e-15 0.20000000000000001 0 0.010936688852919652 367.88891318385083 0
S face_holes fine done 1 0 94 94 98 0 94 0 0 0 1.831026719408895e-15 0.02 0 0.0041943042282304166 367.82786533347604 0
S face_lens_tilted coarse done 1 0 12 12 10 0 12 0 0 0 6.2803698347351007e-16 0.059999999999999998 4.4408920985006262e-16 0.028728951361789434 7.9288911874889276 -2.1143709833303803
S face_lens_tilted fine done 1 0 38 38 36 0 38 0 0 0 1.2560739669470201e-15 0.0060000000000000001 6.6613381477509392e-16 0.002867410633848877 8.1504563062490085 -2.1734550149997354
