pipe_coax_fuse done 1 1 0
S 30.892327760299633 60.202713746565621 -6.4689247758579998e-17 9.2699470827680866e-17 0.94279661016949146 6 8 5 6 8 5 1
pipe_coax_cut done 1 1 0
S 2.6179938779914935 27.215990883872792 -1.081388591697596e-15 1.6402335735726872e-16 0.32499999999999996 3 5 3 3 5 3 1
pipe_coax_common done 1 1 0
S 12.042771838760872 28.415972498737116 9.2189990767058459e-18 9.0778892685300846e-17 0.88586956521739157 4 5 3 4 5 3 1
pipe_ends_cut done 2 1 0
S 7.0685834705770336 23.56194490192345 -2.9056919312135838e-16 4.5455312594240698e-17 -0.50000000000000011 3 3 2 3 3 2 1
S 9.1629785729702284 37.840750459506495 -2.0749332921928661e-16 1.1751252997966879e-16 2.3071428571428578 4 5 3 4 5 3 1
bite_cut done 1 1 0
S 14.255441565088564 36.106854954917225 -0.043506772635346733 -0.010876731810582166 0.79679037159013277 4 6 4 4 6 4 1
bite_common done 1 1 0
S 0.40532084145282238 4.0043064881542048 1.5301702531919514 0.38254404557615762 0.39616108210005058 4 6 4 3 4 3 1
rod_cut done 1 1 0
S 12.372705855112159 43.979144139100562 -1.3194347035500397e-07 -0.044841036019580921 0.75015536173694353 4 9 6 4 9 6 1
rod_common done 1 1 0
S 2.2880623338378143 10.819570629122811 8.2463505875833729e-07 0.24247884073601178 0.9779998133309642 4 6 4 3 5 4 1
rod_ends_cut done 2 1 0
S 1.9975600023828397 9.7534032926623144 -2.7246055037887964 0.25430739161953986 1.012599788325274 3 3 2 3 3 2 1
S 1.997560544909081 9.7534042453657808 2.7246052122472246 0.25430747409472582 1.0125998305146038 4 6 4 3 5 4 1
tip_rod_cut done 2 1 0
S 0.0043050571972779684 0.17081283174522038 5.3064087354937312e-09 5.6245050250997908e-09 2.8091626161233103 2 3 2 2 3 2 1
S 6.6513798853588746 21.899784915917589 -2.7946578960738268e-07 -6.1062445462967901e-08 0.66433003538530799 3 3 2 3 3 2 1
apex_rod_common done 1 1 0
S 0.092555071152539289 1.2046671187754727 5.2454914037922613e-08 0.027637320430012206 2.4648497007094168 2 3 2 2 3 2 1
hole_box_cut done 1 1 0
S 14.03899217072939 38.33967850352694 -1.1071394695381937e-16 -3.5045188032832692e-18 0.79108391608391593 6 8 5 6 8 5 1
hole_box_common done 1 1 0
S 0.62177354602298029 12.97259498039698 1.7632548760394222e-15 5.5463149704804249e-17 0.66447368421052688 3 5 3 3 5 3 1
stadium_cut done 1 1 0
S 7.2752036748463986 33.817532641365865 -0.084729000925312478 -0.45667806266072009 0.69188041081774032 9 21 14 8 19 13 1
stadium_common done 1 1 0
S 7.3855619035920395 22.407061738459209 0.083462952635583759 0.44985418682318912 0.87814605114634503 9 21 14 8 19 13 1
pipe_tilt_common done 1 1 0
S 12.042771838760874 28.415972498737119 -1.9359898061082276e-16 0.53152173913043477 0.70869565217391284 4 5 3 4 5 3 1
ball_coax_fuse done 1 1 0
S 23.261813463659387 48.597838502780363 4.2000004135380232e-16 1.1662454392307114e-18 1.3897706133688394 3 5 3 3 5 3 1
ball_coax_cut done 1 1 0
S 9.1246465225054649 35.836067835640577 5.6212921356649205e-15 -1.3627140937415075e-17 0.44431867833497657 3 5 3 3 5 3 1
ball_coax_common done 1 1 0
S 5.5361191942470498 16.45890284059892 -4.8130019705306771e-16 2.7539223665450404e-17 1.3484034425715732 3 5 3 3 5 3 1
ball_apex_common done 1 1 0
S 0.22111117411566283 2.068296468555106 -2.824373095793773e-16 1.1231243065475218e-17 2.2895898033750348 2 5 3 2 5 3 1
ball_side_cut done 1 1 0
S 13.611284990221579 37.827034286135579 -0.097014597243220549 -0.027718438590244657 0.78946136405699951 4 9 6 4 9 6 1
ball_side_common done 1 1 0
S 1.0494788896475555 6.4351152229296948 1.2582371662831784 0.35949609677784078 0.73711509256178653 3 6 4 2 5 4 1
dome_cone_cut done 1 1 0
S 13.289183322322229 43.108032111857952 3.341734394649467e-17 2.3160054875603365e-17 0.76571709728877613 3 5 3 3 5 3 1
dome_cone_common done 1 1 0
S 3.4659774968233403 13.486743718695983 -4.0840840937208886e-16 5.4161587641457421e-17 0.68973781210156437 3 5 3 3 5 3 1
ball_tilt_common done 1 1 0
S 1.289181929552913 7.1151893917183724 1.1004791146826487 -0.17069466004984624 0.93402356632889105 4 9 6 3 8 6 1
cones_apex_fuse done 1 1 0
S 13.613568165555769 42.236425865316974 -2.6096858924828856e-16 1.6944891618100887e-18 1.9999999999999998 4 5 3 4 5 3 1
cones_apex_common done 1 1 0
S 0.52359877559829837 3.5124073655203607 0 0 2 2 5 3 2 5 3 1
frusta_cross_common done 1 1 0
S 9.9483767363676794 23.845222134781402 -1.6739761481386928e-16 2.2971951135726787e-17 1.0000000000000002 4 5 3 4 5 3 1
frusta_stack_fuse done 1 1 0
S 19.765853778835783 49.680377187005021 6.740248331578313e-17 3.4744390110148812e-17 1.2334437086092715 5 6 4 5 6 4 1
frusta_stack_common done 0 1 0
cones_cross_fuse done 1 1 0
S 15.953426774794183 41.083223944462659 -0.1363558402138966 0.021790009966752819 0.80779506822461455 7 12 8 7 12 8 1
cones_cross_cut done 1 1 0
S 12.550035136213644 43.465573482773358 0.061346422348091213 -0.040097301115304976 0.75567179903964232 4 9 6 4 9 6 1
cones_cross_common done 1 1 0
S 2.1107331798463487 10.326850970295126 -0.36475457804689765 0.23841263033227436 0.96434086971313548 4 6 4 3 5 4 1
cones_ends_cut done 2 1 0
S 0.063911032944617419 0.98978030103651737 1.5900357167691979 0.26443922770833589 1.0416456926917033 4 6 4 3 5 4 1
S 1.228751101297282 6.9547455114895333 -1.8530773494082147 0.26915308572462815 1.0590896941404013 3 3 2 3 3 2 1
cones_lean_common done 1 1 0
S 3.3489914503546547 14.526423080235034 0.71872255193292489 0.23954153454359203 0.41936429090577548 5 9 6 4 8 6 1
cones_parallel_common done 1 1 0
S 1.3769458676255533 8.286082872645796 1.2624762242242131 0.36070749316092587 0.3936047228610991 4 6 4 3 4 3 1
rod_ruling_common done 0 1 1
ball_inscribed_cut done 1 1 0
S 35.931965975433258 82.466807156732088 -7.9615122202588237e-17 2.6291223105674266e-17 0.91393442622950805 3 8 5 3 8 5 1
apex_to_apex_fuse done 2 1 1
S 7.0685834705770336 22.874416615418667 -4.711932861427433e-17 -6.9721027459908168e-17 5.25 2 3 2 2 3 2 1
S 7.0685834705770336 22.874416615418667 -1.5706442871424776e-17 4.7395533149026405e-17 0.74999999999999989 2 3 2 2 3 2 1
cones_equal_fuse done 1 1 0
S 14.660765716752369 36.782407461071145 2.5747347421371323e-16 9.3155941394878777e-17 0.7857142857142857 3 3 2 3 3 2 1
