case oh_bar_fuse
torus 0.0 0.0 0.0 0.0 0.0 1.0 1.0 0.0 0.0 2.5 1.5 -1.5707963267948966 1.5707963267948966 6.283185307179586
boolean fuse
plane 0.0 0.0 -1.0 0.0 0.0 1.0 1.0 0.0 0.0
wire P 4 -0.5 -5.0 -1.0 0.5 -5.0 -1.0 0.5 5.0 -1.0 -0.5 5.0 -1.0
prism 0.0 0.0 2.0
end
case oh_bar_cut
torus 0.0 0.0 0.0 0.0 0.0 1.0 1.0 0.0 0.0 2.5 1.5 -1.5707963267948966 1.5707963267948966 6.283185307179586
boolean cut
plane 0.0 0.0 -1.0 0.0 0.0 1.0 1.0 0.0 0.0
wire P 4 -0.5 -5.0 -1.0 0.5 -5.0 -1.0 0.5 5.0 -1.0 -0.5 5.0 -1.0
prism 0.0 0.0 2.0
end
case oh_bar_common
torus 0.0 0.0 0.0 0.0 0.0 1.0 1.0 0.0 0.0 2.5 1.5 -1.5707963267948966 1.5707963267948966 6.283185307179586
boolean common
plane 0.0 0.0 -1.0 0.0 0.0 1.0 1.0 0.0 0.0
wire P 4 -0.5 -5.0 -1.0 0.5 -5.0 -1.0 0.5 5.0 -1.0 -0.5 5.0 -1.0
prism 0.0 0.0 2.0
end
case oh_side_common
torus 0.0 0.0 0.0 0.0 0.0 1.0 1.0 0.0 0.0 2.5 1.5 -1.5707963267948966 1.5707963267948966 6.283185307179586
boolean common
plane 0.0 0.0 0.5 0.0 0.0 1.0 1.0 0.0 0.0
wire P 4 1.0 -6.0 0.5 6.0 -6.0 0.5 6.0 6.0 0.5 1.0 6.0 0.5
prism 0.0 0.0 2.5
end
case oh_lid_fuse
torus 0.0 0.0 0.0 0.0 0.0 1.0 1.0 0.0 0.0 2.5 1.5 -1.5707963267948966 1.5707963267948966 6.283185307179586
boolean fuse
plane 0.0 0.0 1.5 0.0 0.0 1.0 1.0 0.0 0.0
wire P 4 -5.0 -5.0 1.5 5.0 -5.0 1.5 5.0 5.0 1.5 -5.0 5.0 1.5
prism 0.0 0.0 1.5
end
case ih_slab_cut
torus 0.0 0.0 0.0 0.0 0.0 1.0 1.0 0.0 0.0 2.5 1.5 1.5707963267948966 4.71238898038469 6.283185307179586
boolean cut
plane 0.0 0.0 -0.5 0.0 0.0 1.0 1.0 0.0 0.0
wire P 4 -5.0 -5.0 -0.5 5.0 -5.0 -0.5 5.0 5.0 -0.5 -5.0 5.0 -0.5
prism 0.0 0.0 1.0
end
case ih_column_common
torus 0.0 0.0 0.0 0.0 0.0 1.0 1.0 0.0 0.0 2.5 1.5 1.5707963267948966 4.71238898038469 6.283185307179586
boolean common
plane 0.0 0.0 -3.0 0.0 0.0 1.0 1.0 0.0 0.0
wire P 4 -0.75 -0.75 -3.0 0.75 -0.75 -3.0 0.75 0.75 -3.0 -0.75 0.75 -3.0
prism 0.0 0.0 6.0
end
case column_ih_cut
plane 0.0 0.0 -3.0 0.0 0.0 1.0 1.0 0.0 0.0
wire P 4 -0.75 -0.75 -3.0 0.75 -0.75 -3.0 0.75 0.75 -3.0 -0.75 0.75 -3.0
prism 0.0 0.0 6.0
boolean cut
torus 0.0 0.0 0.0 0.0 0.0 1.0 1.0 0.0 0.0 2.5 1.5 1.5707963267948966 4.71238898038469 6.283185307179586
end
case ub_side_fuse
torus 0.0 0.0 0.0 0.0 0.0 1.0 1.0 0.0 0.0 2.5 1.5 0.5 2.25 6.283185307179586
boolean fuse
plane 0.0 0.0 -1.0 0.0 0.0 1.0 1.0 0.0 0.0
wire P 4 2.0 -6.0 -1.0 6.0 -6.0 -1.0 6.0 6.0 -1.0 2.0 6.0 -1.0
prism 0.0 0.0 2.0
end
case ub_side_cut
torus 0.0 0.0 0.0 0.0 0.0 1.0 1.0 0.0 0.0 2.5 1.5 0.5 2.25 6.283185307179586
boolean cut
plane 0.0 0.0 -1.0 0.0 0.0 1.0 1.0 0.0 0.0
wire P 4 2.0 -6.0 -1.0 6.0 -6.0 -1.0 6.0 6.0 -1.0 2.0 6.0 -1.0
prism 0.0 0.0 2.0
end
case ub_side_common
torus 0.0 0.0 0.0 0.0 0.0 1.0 1.0 0.0 0.0 2.5 1.5 0.5 2.25 6.283185307179586
boolean common
plane 0.0 0.0 -1.0 0.0 0.0 1.0 1.0 0.0 0.0
wire P 4 2.0 -6.0 -1.0 6.0 -6.0 -1.0 6.0 6.0 -1.0 2.0 6.0 -1.0
prism 0.0 0.0 2.0
end
case ub_lid_fuse
torus 0.0 0.0 0.0 0.0 0.0 1.0 1.0 0.0 0.0 2.5 1.5 0.5 2.25 6.283185307179586
boolean fuse
plane 0.0 0.0 1.1671097953318819 0.0 0.0 1.0 1.0 0.0 0.0
wire P 4 -2.0 -2.0 1.1671097953318819 2.0 -2.0 1.1671097953318819 2.0 2.0 1.1671097953318819 -2.0 2.0 1.1671097953318819
prism 0.0 0.0 0.8328902046681181
end
case ub_lid_common
torus 0.0 0.0 0.0 0.0 0.0 1.0 1.0 0.0 0.0 2.5 1.5 0.5 2.25 6.283185307179586
boolean common
plane 0.0 0.0 1.1671097953318819 0.0 0.0 1.0 1.0 0.0 0.0
wire P 4 -2.0 -2.0 1.1671097953318819 2.0 -2.0 1.1671097953318819 2.0 2.0 1.1671097953318819 -2.0 2.0 1.1671097953318819
prism 0.0 0.0 0.8328902046681181
end
case ub_hole_cut
torus 0.0 0.0 0.0 0.0 0.0 1.0 1.0 0.0 0.0 2.5 1.5 0.5 2.25 6.283185307179586
boolean cut
plane 0.0 0.0 0.0 0.0 0.0 1.0 1.0 0.0 0.0
wire P 4 -1.25 -1.25 0.0 1.25 -1.25 0.0 1.25 1.25 0.0 -1.25 1.25 0.0
prism 0.0 0.0 2.0
end
case ub_top_fuse
torus 0.0 0.0 0.0 0.0 0.0 1.0 1.0 0.0 0.0 2.5 1.5 0.5 2.25 6.283185307179586
boolean fuse
plane 0.0 0.0 1.5 0.0 0.0 1.0 1.0 0.0 0.0
wire P 4 -5.0 -5.0 1.5 5.0 -5.0 1.5 5.0 5.0 1.5 -5.0 5.0 1.5
prism 0.0 0.0 1.5
end
case hw_bar_fuse
torus 0.0 0.0 0.0 0.0 0.0 1.0 1.0 0.0 0.0 2.5 1.5 0.0 6.283185307179586 3.141592653589793
boolean fuse
plane 0.0 0.0 -2.0 0.0 0.0 1.0 1.0 0.0 0.0
wire P 4 -5.0 -0.5 -2.0 5.0 -0.5 -2.0 5.0 0.5 -2.0 -5.0 0.5 -2.0
prism 0.0 0.0 4.0
end
case hw_bar_cut
torus 0.0 0.0 0.0 0.0 0.0 1.0 1.0 0.0 0.0 2.5 1.5 0.0 6.283185307179586 3.141592653589793
boolean cut
plane 0.0 0.0 -2.0 0.0 0.0 1.0 1.0 0.0 0.0
wire P 4 -5.0 -0.5 -2.0 5.0 -0.5 -2.0 5.0 0.5 -2.0 -5.0 0.5 -2.0
prism 0.0 0.0 4.0
end
case hw_bar_common
torus 0.0 0.0 0.0 0.0 0.0 1.0 1.0 0.0 0.0 2.5 1.5 0.0 6.283185307179586 3.141592653589793
boolean common
plane 0.0 0.0 -2.0 0.0 0.0 1.0 1.0 0.0 0.0
wire P 4 -5.0 -0.5 -2.0 5.0 -0.5 -2.0 5.0 0.5 -2.0 -5.0 0.5 -2.0
prism 0.0 0.0 4.0
end
case slab_hw_cut
plane 0.0 0.0 -0.5 0.0 0.0 1.0 1.0 0.0 0.0
wire P 4 -5.0 -5.0 -0.5 5.0 -5.0 -0.5 5.0 5.0 -0.5 -5.0 5.0 -0.5
prism 0.0 0.0 1.0
boolean cut
torus 0.0 0.0 0.0 0.0 0.0 1.0 1.0 0.0 0.0 2.5 1.5 0.0 6.283185307179586 3.141592653589793
end
case qw_box_cut
torus 0.0 0.0 0.0 0.0 0.0 1.0 1.0 0.0 0.0 2.5 1.5 0.0 6.283185307179586 1.5707963267948966
boolean cut
plane 0.0 0.0 -2.0 0.0 0.0 1.0 1.0 0.0 0.0
wire P 4 1.75 -1.0 -2.0 5.0 -1.0 -2.0 5.0 1.25 -2.0 1.75 1.25 -2.0
prism 0.0 0.0 2.5
end
case qw_box_common
torus 0.0 0.0 0.0 0.0 0.0 1.0 1.0 0.0 0.0 2.5 1.5 0.0 6.283185307179586 1.5707963267948966
boolean common
plane 0.0 0.0 -2.0 0.0 0.0 1.0 1.0 0.0 0.0
wire P 4 1.75 -1.0 -2.0 5.0 -1.0 -2.0 5.0 1.25 -2.0 1.75 1.25 -2.0
prism 0.0 0.0 2.5
end
case qw_hole_common
torus 0.0 0.0 0.0 0.0 0.0 1.0 1.0 0.0 0.0 2.5 1.5 0.0 6.283185307179586 1.5707963267948966
boolean common
plane 0.0 0.0 -2.0 0.0 0.0 1.0 1.0 0.0 0.0
wire P 4 -1.25 -1.25 -2.0 1.25 -1.25 -2.0 1.25 1.25 -2.0 -1.25 1.25 -2.0
prism 0.0 0.0 4.0
end
case qw_far_fuse
torus 0.0 0.0 0.0 0.0 0.0 1.0 1.0 0.0 0.0 2.5 1.5 0.0 6.283185307179586 1.5707963267948966
boolean fuse
plane 0.0 0.0 -2.0 0.0 0.0 1.0 1.0 0.0 0.0
wire P 4 -5.0 -5.0 -2.0 -1.5 -5.0 -2.0 -1.5 5.0 -2.0 -5.0 5.0 -2.0
prism 0.0 0.0 4.0
end
case qw_back_fuse
torus 0.0 0.0 0.0 0.0 0.0 1.0 1.0 0.0 0.0 2.5 1.5 0.0 6.283185307179586 1.5707963267948966
boolean fuse
plane 0.0 0.0 -2.0 0.0 0.0 1.0 1.0 0.0 0.0
wire P 4 0.5 -3.0 -2.0 5.0 -3.0 -2.0 5.0 0.0 -2.0 0.5 0.0 -2.0
prism 0.0 0.0 4.0
end
case qw_back_common
torus 0.0 0.0 0.0 0.0 0.0 1.0 1.0 0.0 0.0 2.5 1.5 0.0 6.283185307179586 1.5707963267948966
boolean common
plane 0.0 0.0 -2.0 0.0 0.0 1.0 1.0 0.0 0.0
wire P 4 0.5 -3.0 -2.0 5.0 -3.0 -2.0 5.0 0.0 -2.0 0.5 0.0 -2.0
prism 0.0 0.0 4.0
end
case qw_touch_fuse
torus 0.0 0.0 0.0 0.0 0.0 1.0 1.0 0.0 0.0 2.5 1.5 0.0 6.283185307179586 1.5707963267948966
boolean fuse
plane 0.0 0.0 -2.0 0.0 0.0 1.0 1.0 0.0 0.0
wire P 4 4.0 -3.0 -2.0 6.0 -3.0 -2.0 6.0 3.0 -2.0 4.0 3.0 -2.0
prism 0.0 0.0 4.0
end
case oh_tilt_common
torus 0.0 0.0 0.0 0.0 0.6 0.8 1.0 -0.0 0.0 2.5 1.5 -1.5707963267948966 1.5707963267948966 6.283185307179586
boolean common
plane 0.0 0.0 0.75 0.0 0.0 1.0 1.0 0.0 0.0
wire P 4 -6.0 -6.0 0.75 6.0 -6.0 0.75 6.0 6.0 0.75 -6.0 6.0 0.75
prism 0.0 0.0 4.25
end
case hw_tilt_cut
torus 0.25 0.5 0.0 0.0 0.6 0.8 0.0 -0.8 0.6 2.5 1.5 0.0 6.283185307179586 3.141592653589793
boolean cut
plane 0.0 0.0 -0.25 0.0 0.0 1.0 1.0 0.0 0.0
wire P 4 -6.0 -6.0 -0.25 6.0 -6.0 -0.25 6.0 6.0 -0.25 -6.0 6.0 -0.25
prism 0.0 0.0 0.5
end
case hw_tilt_common
torus 0.25 0.5 0.0 0.0 0.6 0.8 0.0 -0.8 0.6 2.5 1.5 0.0 6.283185307179586 3.141592653589793
boolean common
plane 0.0 0.0 -0.25 0.0 0.0 1.0 1.0 0.0 0.0
wire P 4 -6.0 -6.0 -0.25 6.0 -6.0 -0.25 6.0 6.0 -0.25 -6.0 6.0 -0.25
prism 0.0 0.0 0.5
end
