oh_bar_fuse done 1 1 0
S 133.08181243206499 155.96901852002244 4.6857510402684513e-10 -8.7006284042931307e-10 1.9195107582267185e-11 13 27 18 13 27 18 1
oh_bar_cut done 1 1 0
S 113.08181282438305 182.38218943733474 1.2527606731081396e-10 2.2138311860952277e-16 2.4970239563685286e-11 7 15 10 7 15 10 1
oh_bar_common done 1 1 0
S 15.47674112770736 49.597254186419882 -5.6902288747302988e-17 6.8865537960835184e-16 -1.8244841218041335e-10 6 12 8 6 12 8 1
oh_side_common done 1 1 0
S 12.783649361634897 43.507891378736872 2.0813026565173169 1.335591177450373e-07 0.93921650029983483 5 9 6 4 6 4 1
oh_lid_fuse done 1 1 0
S 278.55855395209034 362.29636689047834 -7.9712003733053938e-17 6.7065924165626404e-18 1.2115944572933381 8 15 10 8 15 10 1
ih_slab_cut done 2 1 0
S 7.1009007109069113 42.917698793377923 -5.9412850078237087e-16 2.8767301444127344e-17 1.1219614622167078 3 3 2 3 3 2 1
S 7.1009007109069113 42.917698793377909 -2.8142928984428093e-16 6.3418841318053479e-17 -1.1219614622167076 3 3 2 3 3 2 1
ih_column_common done 1 1 0
S 6.7432114795978171 22.385876129053059 -5.9940366860139329e-17 -8.6437610579428385e-17 5.1122831971485346e-09 10 24 16 10 24 16 1
column_ih_cut done 6 1 0
S 0.0016970533589691843 0.17039766570720169 0.72521794279713359 0.7252179427971337 4.4004345066168939e-08 3 3 2 3 3 2 1
S 0.001697053358969186 0.1703976657072015 0.7252179427971337 -0.72521794279713347 4.4004350376809972e-08 3 3 2 3 3 2 1
S 0.001697053358969202 0.17039766570720169 -0.72521794279713381 -0.72521794279713381 4.4004342768742815e-08 3 3 2 3 3 2 1
S 0.0016970533589692098 0.17039766570720177 -0.72521794279713392 0.72521794279713414 4.4004349804700163e-08 3 3 2 3 3 2 1
S 3.375 13.5 -3.0755196154609743e-18 0 -2.25 6 12 8 6 12 8 1
S 3.375 13.5 -3.0755196154609743e-18 0 2.25 6 12 8 6 12 8 1
ub_side_fuse done 1 1 0
S 119.3902804677851 239.28648584117948 3.1675969937315291 2.2317857439151786e-17 0.20538341557535431 9 21 14 9 21 14 1
ub_side_cut done 1 1 0
S 23.390280475266199 96.547186174687468 -0.2488087529311456 3.6505054403011826e-17 1.048332174271527 5 9 6 5 9 6 1
ub_side_common done 1 1 0
S 2.1496504009508954 19.548572918964808 2.7072804704660784 -3.3150394143386999e-09 0.85505631759441547 5 9 6 4 6 4 1
ub_lid_fuse done 1 1 0
S 37.120866841581332 106.60510947875837 2.6851119676693197e-09 1.9150111023042468e-08 1.2177848336035257 7 15 10 7 15 10 1
ub_lid_common done 1 1 0
S 1.7453079864959327 22.309713259572653 -6.9023656439071657e-08 -1.733893350016196e-07 1.2928754611557722 6 15 10 6 15 10 1
ub_hole_cut done 1 1 0
S 22.730650978335412 90.959719555255063 7.0674065833326346e-11 -6.0213709842723205e-17 1.0429479594415336 10 27 18 10 27 18 1
ub_top_fuse done 2 1 0
S 25.539930942671489 98.835058825697445 8.346256738379932e-16 1.1432684550766752e-17 1.0320644902205185 4 5 3 3 3 2 1
S 150 259.99999999999994 6.0692192012841887e-17 -1.2584252151670187e-16 2.25 7 13 9 6 12 8 1
hw_bar_fuse done 1 1 0
S 88.37974871760936 157.9062295297754 -1.7390084128621928e-15 1.0694383618267782 4.6739934625663173e-10 7 15 10 7 15 10 1
hw_bar_cut done 1 1 0
S 48.379748615321354 79.023938663153004 -2.3749859244591103e-16 1.9536416752357297 1.172848728932897e-09 3 3 2 3 3 2 1
hw_bar_common done 2 1 0
S 3.568405470748512 19.126408825413801 2.4760930554471754 0.25121222166048113 1.2037071418349943e-07 3 3 2 3 3 2 1
S 3.5684170354267675 19.126470262727686 -2.4760911475813701 0.25121218172795534 -5.4292301178774186e-08 3 3 2 3 3 2 1
slab_hw_cut done 1 1 0
S 76.881964850307128 217.47256700064551 -2.4151368453332363e-17 -0.53390570102810464 -3.7545604741576474e-17 11 27 18 10 24 16 1
qw_box_cut done 1 1 0
S 22.970522809269454 51.212772033644718 1.5232041321023244 1.9682655118256636 0.085476378920290363 6 12 8 6 12 8 1
qw_box_common done 1 1 0
S 4.7877395129698126 16.964565601123663 2.7499260191204988 0.61461927713124687 -0.410096889127822 6 12 8 5 10 7 1
qw_hole_common done 1 1 0
S 1.1873855507399966 9.7265235268285863 0.87657396235402585 0.87657387646692198 -7.7824234239151783e-08 5 9 6 5 9 6 1
qw_far_fuse done 2 1 0
S 27.758262378063819 51.148183445239155 1.7347888797016593 1.7347888797016593 1.0163961050371633e-16 3 3 2 3 3 2 1
S 140.00000000000003 177.99999999999997 -3.2499999999999996 -7.1536676482597913e-17 5.0753052554292863e-17 6 12 8 6 12 8 1
qw_back_fuse done 1 1 0
S 81.758262378063819 124.01101650408509 2.4053192811748105 -0.40173646248512401 -2.5025467050063161e-17 8 15 10 8 15 10 1
qw_back_common done 0 1 0
qw_touch_fuse done 2 1 0
S 27.758262378063819 51.148183445239155 1.7347888797016593 1.7347888797016593 1.0163961050371633e-16 3 3 2 3 3 2 1
S 48 88 5 0 2.3129646346357427e-18 6 12 9 6 12 9 1
oh_tilt_common done 1 1 0
S 39.082794201965008 81.800164721171868 1.3349344560907367e-06 -1.2860591007864903 1.5302988046716284 4 6 4 3 4 3 1
hw_tilt_cut done 2 1 0
S 24.258562368480778 52.318315413212176 1.9347753204395122 1.7723312106334121 -1.2638026432381992 4 6 4 3 4 3 1
S 24.258747356181061 52.318733336012301 1.9347702017476565 -0.77232720632669627 1.2638039519859616 4 6 4 3 4 3 1
hw_tilt_common done 1 1 0
S 6.9992825460687929 39.18084022037781 2.3314785883274989 0.49999197788789718 -9.9543446579834157e-06 5 9 6 5 9 6 1
