case bulge_tilt_fuse
plane 0.0 0.0 0.0 0.0 0.0 1.0 1.0 0.0 0.0
wire S 4 0.0 0.0 0.0 L 10.0 0.0 0.0 B 2 3 10.0 0.0 0.0 12.0 3.0 0.0 10.0 6.0 0.0 2 0.0 1.0 3 3 10.0 6.0 0.0 L 0.0 6.0 0.0 L
prism 0.0 0.0 5.0
boolean fuse
plane 6.0 3.0 2.0 0.0 0.6 0.8 1.0 -0.0 0.0
wire P 4 6.0 -3.4000000000000004 6.8 14.0 -3.4000000000000004 6.8 14.0 9.4 -2.8 6.0 9.4 -2.8
prism 0.0 3.5999999999999996 4.800000000000001
end
case bulge_tilt_cut
plane 0.0 0.0 0.0 0.0 0.0 1.0 1.0 0.0 0.0
wire S 4 0.0 0.0 0.0 L 10.0 0.0 0.0 B 2 3 10.0 0.0 0.0 12.0 3.0 0.0 10.0 6.0 0.0 2 0.0 1.0 3 3 10.0 6.0 0.0 L 0.0 6.0 0.0 L
prism 0.0 0.0 5.0
boolean cut
plane 6.0 3.0 2.0 0.0 0.6 0.8 1.0 -0.0 0.0
wire P 4 6.0 -3.4000000000000004 6.8 14.0 -3.4000000000000004 6.8 14.0 9.4 -2.8 6.0 9.4 -2.8
prism 0.0 3.5999999999999996 4.800000000000001
end
case bulge_tilt_common
plane 0.0 0.0 0.0 0.0 0.0 1.0 1.0 0.0 0.0
wire S 4 0.0 0.0 0.0 L 10.0 0.0 0.0 B 2 3 10.0 0.0 0.0 12.0 3.0 0.0 10.0 6.0 0.0 2 0.0 1.0 3 3 10.0 6.0 0.0 L 0.0 6.0 0.0 L
prism 0.0 0.0 5.0
boolean common
plane 6.0 3.0 2.0 0.0 0.6 0.8 1.0 -0.0 0.0
wire P 4 6.0 -3.4000000000000004 6.8 14.0 -3.4000000000000004 6.8 14.0 9.4 -2.8 6.0 9.4 -2.8
prism 0.0 3.5999999999999996 4.800000000000001
end
case dome_side_fuse
plane 0.0 0.0 0.0 0.0 0.0 1.0 1.0 0.0 0.0
wire S 2 0.0 0.0 0.0 L 4.0 0.0 0.0 B 2 3 4.0 0.0 0.0 2.0 4.0 0.0 0.0 0.0 0.0 2 0.0 1.0 3 3
prism 0.0 0.0 5.0
boolean fuse
plane 1.0 0.0 0.0 1.0 0.0 0.0 0.0 1.0 0.0
wire P 4 1.0 -1.0 1.0 1.0 3.0 1.0 1.0 3.0 6.0 1.0 -1.0 6.0
prism 2.0 0.0 0.0
end
case dome_side_cut
plane 0.0 0.0 0.0 0.0 0.0 1.0 1.0 0.0 0.0
wire S 2 0.0 0.0 0.0 L 4.0 0.0 0.0 B 2 3 4.0 0.0 0.0 2.0 4.0 0.0 0.0 0.0 0.0 2 0.0 1.0 3 3
prism 0.0 0.0 5.0
boolean cut
plane 1.0 0.0 0.0 1.0 0.0 0.0 0.0 1.0 0.0
wire P 4 1.0 -1.0 1.0 1.0 3.0 1.0 1.0 3.0 6.0 1.0 -1.0 6.0
prism 2.0 0.0 0.0
end
case dome_side_common
plane 0.0 0.0 0.0 0.0 0.0 1.0 1.0 0.0 0.0
wire S 2 0.0 0.0 0.0 L 4.0 0.0 0.0 B 2 3 4.0 0.0 0.0 2.0 4.0 0.0 0.0 0.0 0.0 2 0.0 1.0 3 3
prism 0.0 0.0 5.0
boolean common
plane 1.0 0.0 0.0 1.0 0.0 0.0 0.0 1.0 0.0
wire P 4 1.0 -1.0 1.0 1.0 3.0 1.0 1.0 3.0 6.0 1.0 -1.0 6.0
prism 2.0 0.0 0.0
end
case blob_lean_fuse
plane 0.0 0.0 0.0 0.0 0.0 1.0 1.0 0.0 0.0
wire S 4 4.0 0.0 0.0 B 3 4 4.0 0.0 0.0 6.5 0.0 0.0 8.0 1.5 0.0 8.0 4.0 0.0 2 0.0 1.0 4 4 8.0 4.0 0.0 B 3 4 8.0 4.0 0.0 8.0 6.5 0.0 6.5 8.0 0.0 4.0 8.0 0.0 2 0.0 1.0 4 4 4.0 8.0 0.0 B 3 4 4.0 8.0 0.0 1.5 8.0 0.0 0.0 6.5 0.0 0.0 4.0 0.0 2 0.0 1.0 4 4 0.0 4.0 0.0 B 3 4 0.0 4.0 0.0 0.0 1.5 0.0 1.5 0.0 0.0 4.0 0.0 0.0 2 0.0 1.0 4 4
prism 0.0 0.0 5.0
boolean fuse
plane 6.5 3.0 1.0 0.6 0.0 0.8 0.0 1.0 -0.0
wire P 4 7.3 2.0 0.4 7.3 4.0 0.4 5.7 4.0 1.6 5.7 2.0 1.6
prism 3.5999999999999996 0.0 4.800000000000001
end
case blob_lean_cut
plane 0.0 0.0 0.0 0.0 0.0 1.0 1.0 0.0 0.0
wire S 4 4.0 0.0 0.0 B 3 4 4.0 0.0 0.0 6.5 0.0 0.0 8.0 1.5 0.0 8.0 4.0 0.0 2 0.0 1.0 4 4 8.0 4.0 0.0 B 3 4 8.0 4.0 0.0 8.0 6.5 0.0 6.5 8.0 0.0 4.0 8.0 0.0 2 0.0 1.0 4 4 4.0 8.0 0.0 B 3 4 4.0 8.0 0.0 1.5 8.0 0.0 0.0 6.5 0.0 0.0 4.0 0.0 2 0.0 1.0 4 4 0.0 4.0 0.0 B 3 4 0.0 4.0 0.0 0.0 1.5 0.0 1.5 0.0 0.0 4.0 0.0 0.0 2 0.0 1.0 4 4
prism 0.0 0.0 5.0
boolean cut
plane 6.5 3.0 1.0 0.6 0.0 0.8 0.0 1.0 -0.0
wire P 4 7.3 2.0 0.4 7.3 4.0 0.4 5.7 4.0 1.6 5.7 2.0 1.6
prism 3.5999999999999996 0.0 4.800000000000001
end
case blob_lean_common
plane 0.0 0.0 0.0 0.0 0.0 1.0 1.0 0.0 0.0
wire S 4 4.0 0.0 0.0 B 3 4 4.0 0.0 0.0 6.5 0.0 0.0 8.0 1.5 0.0 8.0 4.0 0.0 2 0.0 1.0 4 4 8.0 4.0 0.0 B 3 4 8.0 4.0 0.0 8.0 6.5 0.0 6.5 8.0 0.0 4.0 8.0 0.0 2 0.0 1.0 4 4 4.0 8.0 0.0 B 3 4 4.0 8.0 0.0 1.5 8.0 0.0 0.0 6.5 0.0 0.0 4.0 0.0 2 0.0 1.0 4 4 0.0 4.0 0.0 B 3 4 0.0 4.0 0.0 0.0 1.5 0.0 1.5 0.0 0.0 4.0 0.0 0.0 2 0.0 1.0 4 4
prism 0.0 0.0 5.0
boolean common
plane 6.5 3.0 1.0 0.6 0.0 0.8 0.0 1.0 -0.0
wire P 4 7.3 2.0 0.4 7.3 4.0 0.4 5.7 4.0 1.6 5.7 2.0 1.6
prism 3.5999999999999996 0.0 4.800000000000001
end
case wave_tiltx_fuse
plane 0.0 0.0 0.0 0.0 0.0 1.0 1.0 0.0 0.0
wire S 4 0.0 0.0 0.0 L 10.0 0.0 0.0 L 10.0 6.0 0.0 B 2 5 10.0 6.0 0.0 8.0 8.0 0.0 5.0 5.0 0.0 2.0 8.0 0.0 0.0 6.0 0.0 4 0.0 1.0 2.0 3.0 3 1 1 3 0.0 6.0 0.0 L
prism 0.0 0.0 5.0
boolean fuse
plane 3.0 8.4 0.7000000000000002 0.0 -0.8 0.6 1.0 0.0 0.0
wire P 4 3.0 7.2 -0.8999999999999999 7.0 7.2 -0.8999999999999999 7.0 9.3 1.9000000000000004 3.0 9.3 1.9000000000000004
prism 0.0 -4.800000000000001 3.5999999999999996
end
case wave_tiltx_cut
plane 0.0 0.0 0.0 0.0 0.0 1.0 1.0 0.0 0.0
wire S 4 0.0 0.0 0.0 L 10.0 0.0 0.0 L 10.0 6.0 0.0 B 2 5 10.0 6.0 0.0 8.0 8.0 0.0 5.0 5.0 0.0 2.0 8.0 0.0 0.0 6.0 0.0 4 0.0 1.0 2.0 3.0 3 1 1 3 0.0 6.0 0.0 L
prism 0.0 0.0 5.0
boolean cut
plane 3.0 8.4 0.7000000000000002 0.0 -0.8 0.6 1.0 0.0 0.0
wire P 4 3.0 7.2 -0.8999999999999999 7.0 7.2 -0.8999999999999999 7.0 9.3 1.9000000000000004 3.0 9.3 1.9000000000000004
prism 0.0 -4.800000000000001 3.5999999999999996
end
case wave_tiltx_common
plane 0.0 0.0 0.0 0.0 0.0 1.0 1.0 0.0 0.0
wire S 4 0.0 0.0 0.0 L 10.0 0.0 0.0 L 10.0 6.0 0.0 B 2 5 10.0 6.0 0.0 8.0 8.0 0.0 5.0 5.0 0.0 2.0 8.0 0.0 0.0 6.0 0.0 4 0.0 1.0 2.0 3.0 3 1 1 3 0.0 6.0 0.0 L
prism 0.0 0.0 5.0
boolean common
plane 3.0 8.4 0.7000000000000002 0.0 -0.8 0.6 1.0 0.0 0.0
wire P 4 3.0 7.2 -0.8999999999999999 7.0 7.2 -0.8999999999999999 7.0 9.3 1.9000000000000004 3.0 9.3 1.9000000000000004
prism 0.0 -4.800000000000001 3.5999999999999996
end
case capsule_turned_fuse
plane 0.0 0.0 0.0 0.0 0.0 1.0 1.0 0.0 0.0
wire S 4 0.0 -1.0 0.0 L 3.0 -1.0 0.0 A 3.0 0.0 0.0 1.0 1 3.0 1.0 0.0 L 0.0 1.0 0.0 B 3 6 0.0 1.0 0.0 -1.0 1.0 0.0 -1.5 0.5 0.0 -1.5 -0.5 0.0 -1.0 -1.0 0.0 0.0 -1.0 0.0 3 0.0 1.0 2.0 4 2 4
prism 0.0 0.0 2.0
boolean fuse
plane -0.5 0.0 0.0 0.0 0.0 1.0 0.9230769230769231 0.38461538461538464 -0.0
wire P 4 -2.057692307692308 -1.4615384615384617 0.0 0.7115384615384617 -0.30769230769230765 0.0 0.13461538461538464 1.0769230769230769 0.0 -2.6346153846153846 -0.07692307692307698 0.0
prism 0.0 0.0 1.0
end
case capsule_turned_cut
plane 0.0 0.0 0.0 0.0 0.0 1.0 1.0 0.0 0.0
wire S 4 0.0 -1.0 0.0 L 3.0 -1.0 0.0 A 3.0 0.0 0.0 1.0 1 3.0 1.0 0.0 L 0.0 1.0 0.0 B 3 6 0.0 1.0 0.0 -1.0 1.0 0.0 -1.5 0.5 0.0 -1.5 -0.5 0.0 -1.0 -1.0 0.0 0.0 -1.0 0.0 3 0.0 1.0 2.0 4 2 4
prism 0.0 0.0 2.0
boolean cut
plane -0.5 0.0 0.0 0.0 0.0 1.0 0.9230769230769231 0.38461538461538464 -0.0
wire P 4 -2.057692307692308 -1.4615384615384617 0.0 0.7115384615384617 -0.30769230769230765 0.0 0.13461538461538464 1.0769230769230769 0.0 -2.6346153846153846 -0.07692307692307698 0.0
prism 0.0 0.0 1.0
end
case capsule_turned_common
plane 0.0 0.0 0.0 0.0 0.0 1.0 1.0 0.0 0.0
wire S 4 0.0 -1.0 0.0 L 3.0 -1.0 0.0 A 3.0 0.0 0.0 1.0 1 3.0 1.0 0.0 L 0.0 1.0 0.0 B 3 6 0.0 1.0 0.0 -1.0 1.0 0.0 -1.5 0.5 0.0 -1.5 -0.5 0.0 -1.0 -1.0 0.0 0.0 -1.0 0.0 3 0.0 1.0 2.0 4 2 4
prism 0.0 0.0 2.0
boolean common
plane -0.5 0.0 0.0 0.0 0.0 1.0 0.9230769230769231 0.38461538461538464 -0.0
wire P 4 -2.057692307692308 -1.4615384615384617 0.0 0.7115384615384617 -0.30769230769230765 0.0 0.13461538461538464 1.0769230769230769 0.0 -2.6346153846153846 -0.07692307692307698 0.0
prism 0.0 0.0 1.0
end
case capsule_stand_fuse
plane 0.0 0.0 0.0 0.0 0.0 1.0 1.0 0.0 0.0
wire S 4 0.0 -1.0 0.0 L 3.0 -1.0 0.0 A 3.0 0.0 0.0 1.0 1 3.0 1.0 0.0 L 0.0 1.0 0.0 B 3 6 0.0 1.0 0.0 -1.0 1.0 0.0 -1.5 0.5 0.0 -1.5 -0.5 0.0 -1.0 -1.0 0.0 0.0 -1.0 0.0 3 0.0 1.0 2.0 4 2 4
prism 0.0 0.0 2.0
boolean fuse
plane -0.5 0.0 2.0 0.0 0.0 1.0 0.9230769230769231 0.38461538461538464 -0.0
wire P 4 -2.057692307692308 -1.4615384615384617 2.0 0.7115384615384617 -0.30769230769230765 2.0 0.13461538461538464 1.0769230769230769 2.0 -2.6346153846153846 -0.07692307692307698 2.0
prism 0.0 0.0 1.0
end
case capsule_stand_cut
plane 0.0 0.0 0.0 0.0 0.0 1.0 1.0 0.0 0.0
wire S 4 0.0 -1.0 0.0 L 3.0 -1.0 0.0 A 3.0 0.0 0.0 1.0 1 3.0 1.0 0.0 L 0.0 1.0 0.0 B 3 6 0.0 1.0 0.0 -1.0 1.0 0.0 -1.5 0.5 0.0 -1.5 -0.5 0.0 -1.0 -1.0 0.0 0.0 -1.0 0.0 3 0.0 1.0 2.0 4 2 4
prism 0.0 0.0 2.0
boolean cut
plane -0.5 0.0 2.0 0.0 0.0 1.0 0.9230769230769231 0.38461538461538464 -0.0
wire P 4 -2.057692307692308 -1.4615384615384617 2.0 0.7115384615384617 -0.30769230769230765 2.0 0.13461538461538464 1.0769230769230769 2.0 -2.6346153846153846 -0.07692307692307698 2.0
prism 0.0 0.0 1.0
end
case capsule_stand_common
plane 0.0 0.0 0.0 0.0 0.0 1.0 1.0 0.0 0.0
wire S 4 0.0 -1.0 0.0 L 3.0 -1.0 0.0 A 3.0 0.0 0.0 1.0 1 3.0 1.0 0.0 L 0.0 1.0 0.0 B 3 6 0.0 1.0 0.0 -1.0 1.0 0.0 -1.5 0.5 0.0 -1.5 -0.5 0.0 -1.0 -1.0 0.0 0.0 -1.0 0.0 3 0.0 1.0 2.0 4 2 4
prism 0.0 0.0 2.0
boolean common
plane -0.5 0.0 2.0 0.0 0.0 1.0 0.9230769230769231 0.38461538461538464 -0.0
wire P 4 -2.057692307692308 -1.4615384615384617 2.0 0.7115384615384617 -0.30769230769230765 2.0 0.13461538461538464 1.0769230769230769 2.0 -2.6346153846153846 -0.07692307692307698 2.0
prism 0.0 0.0 1.0
end
case lens_pin_fuse
plane 0.0 0.0 0.0 0.0 0.0 1.0 1.0 0.0 0.0
wire P 4 0.0 0.0 0.0 10.0 0.0 0.0 10.0 10.0 0.0 0.0 10.0 0.0
wire S 2 3.0 5.0 0.0 B 3 4 3.0 5.0 0.0 4.0 2.0 0.0 6.0 2.0 0.0 7.0 5.0 0.0 2 0.0 1.0 4 4 7.0 5.0 0.0 B 3 4 7.0 5.0 0.0 6.0 8.0 0.0 4.0 8.0 0.0 3.0 5.0 0.0 2 0.0 1.0 4 4
prism 0.0 0.0 4.0
boolean fuse
plane 5.0 2.6 -1.2000000000000002 0.0 0.6 0.8 0.0 -0.8 0.6
wire P 4 2.5 3.0000000000000004 -1.5000000000000002 2.5 2.1999999999999997 -0.9000000000000004 7.5 2.1999999999999997 -0.9000000000000004 7.5 3.0000000000000004 -1.5000000000000002
prism 0.0 4.8 6.4
end
case lens_pin_cut
plane 0.0 0.0 0.0 0.0 0.0 1.0 1.0 0.0 0.0
wire P 4 0.0 0.0 0.0 10.0 0.0 0.0 10.0 10.0 0.0 0.0 10.0 0.0
wire S 2 3.0 5.0 0.0 B 3 4 3.0 5.0 0.0 4.0 2.0 0.0 6.0 2.0 0.0 7.0 5.0 0.0 2 0.0 1.0 4 4 7.0 5.0 0.0 B 3 4 7.0 5.0 0.0 6.0 8.0 0.0 4.0 8.0 0.0 3.0 5.0 0.0 2 0.0 1.0 4 4
prism 0.0 0.0 4.0
boolean cut
plane 5.0 2.6 -1.2000000000000002 0.0 0.6 0.8 0.0 -0.8 0.6
wire P 4 2.5 3.0000000000000004 -1.5000000000000002 2.5 2.1999999999999997 -0.9000000000000004 7.5 2.1999999999999997 -0.9000000000000004 7.5 3.0000000000000004 -1.5000000000000002
prism 0.0 4.8 6.4
end
case lens_pin_common
plane 0.0 0.0 0.0 0.0 0.0 1.0 1.0 0.0 0.0
wire P 4 0.0 0.0 0.0 10.0 0.0 0.0 10.0 10.0 0.0 0.0 10.0 0.0
wire S 2 3.0 5.0 0.0 B 3 4 3.0 5.0 0.0 4.0 2.0 0.0 6.0 2.0 0.0 7.0 5.0 0.0 2 0.0 1.0 4 4 7.0 5.0 0.0 B 3 4 7.0 5.0 0.0 6.0 8.0 0.0 4.0 8.0 0.0 3.0 5.0 0.0 2 0.0 1.0 4 4
prism 0.0 0.0 4.0
boolean common
plane 5.0 2.6 -1.2000000000000002 0.0 0.6 0.8 0.0 -0.8 0.6
wire P 4 2.5 3.0000000000000004 -1.5000000000000002 2.5 2.1999999999999997 -0.9000000000000004 7.5 2.1999999999999997 -0.9000000000000004 7.5 3.0000000000000004 -1.5000000000000002
prism 0.0 4.8 6.4
end
case bulge_offset_fuse
plane 1.0 -2.0 0.5 0.0 0.6 0.8 1.0 -0.0 0.0
wire S 4 1.0 -2.0 0.5 L 11.0 -2.0 0.5 B 2 3 11.0 -2.0 0.5 13.0 0.40000000000000036 -1.2999999999999998 11.0 2.8000000000000007 -3.0999999999999996 2 0.0 1.0 3 3 11.0 2.8000000000000007 -3.0999999999999996 L 1.0 2.8000000000000007 -3.0999999999999996 L
prism 0.0 3.0 4.0
boolean fuse
plane 1.1 -2.9 -0.10000000000000009 0.0 0.6 0.8 1.0 -0.0 0.0
wire P 4 8.1 -2.0999999999999996 -0.7000000000000001 14.1 -2.0999999999999996 -0.7000000000000001 14.1 0.3000000000000004 -2.5 8.1 0.3000000000000004 -2.5
prism 0.0 2.4 3.2
end
case bulge_offset_cut
plane 1.0 -2.0 0.5 0.0 0.6 0.8 1.0 -0.0 0.0
wire S 4 1.0 -2.0 0.5 L 11.0 -2.0 0.5 B 2 3 11.0 -2.0 0.5 13.0 0.40000000000000036 -1.2999999999999998 11.0 2.8000000000000007 -3.0999999999999996 2 0.0 1.0 3 3 11.0 2.8000000000000007 -3.0999999999999996 L 1.0 2.8000000000000007 -3.0999999999999996 L
prism 0.0 3.0 4.0
boolean cut
plane 1.1 -2.9 -0.10000000000000009 0.0 0.6 0.8 1.0 -0.0 0.0
wire P 4 8.1 -2.0999999999999996 -0.7000000000000001 14.1 -2.0999999999999996 -0.7000000000000001 14.1 0.3000000000000004 -2.5 8.1 0.3000000000000004 -2.5
prism 0.0 2.4 3.2
end
case bulge_offset_common
plane 1.0 -2.0 0.5 0.0 0.6 0.8 1.0 -0.0 0.0
wire S 4 1.0 -2.0 0.5 L 11.0 -2.0 0.5 B 2 3 11.0 -2.0 0.5 13.0 0.40000000000000036 -1.2999999999999998 11.0 2.8000000000000007 -3.0999999999999996 2 0.0 1.0 3 3 11.0 2.8000000000000007 -3.0999999999999996 L 1.0 2.8000000000000007 -3.0999999999999996 L
prism 0.0 3.0 4.0
boolean common
plane 1.1 -2.9 -0.10000000000000009 0.0 0.6 0.8 1.0 -0.0 0.0
wire P 4 8.1 -2.0999999999999996 -0.7000000000000001 14.1 -2.0999999999999996 -0.7000000000000001 14.1 0.3000000000000004 -2.5 8.1 0.3000000000000004 -2.5
prism 0.0 2.4 3.2
end
case dome_turned_fuse
plane 0.0 0.0 0.0 0.0 0.6 0.8 1.0 -0.0 0.0
wire S 2 0.0 0.0 0.0 L 4.0 0.0 0.0 B 2 3 4.0 0.0 0.0 2.0 3.2 -2.4 0.0 0.0 0.0 2 0.0 1.0 3 3
prism 0.0 3.0 4.0
boolean fuse
plane 0.0 0.0 1.0 0.0 0.0 1.0 1.0 0.0 0.0
wire P 4 1.0 -5.0 1.0 3.0 -5.0 1.0 3.0 8.0 1.0 1.0 8.0 1.0
prism 0.0 0.0 8.0
end
case dome_turned_cut
plane 0.0 0.0 0.0 0.0 0.6 0.8 1.0 -0.0 0.0
wire S 2 0.0 0.0 0.0 L 4.0 0.0 0.0 B 2 3 4.0 0.0 0.0 2.0 3.2 -2.4 0.0 0.0 0.0 2 0.0 1.0 3 3
prism 0.0 3.0 4.0
boolean cut
plane 0.0 0.0 1.0 0.0 0.0 1.0 1.0 0.0 0.0
wire P 4 1.0 -5.0 1.0 3.0 -5.0 1.0 3.0 8.0 1.0 1.0 8.0 1.0
prism 0.0 0.0 8.0
end
case dome_turned_common
plane 0.0 0.0 0.0 0.0 0.6 0.8 1.0 -0.0 0.0
wire S 2 0.0 0.0 0.0 L 4.0 0.0 0.0 B 2 3 4.0 0.0 0.0 2.0 3.2 -2.4 0.0 0.0 0.0 2 0.0 1.0 3 3
prism 0.0 3.0 4.0
boolean common
plane 0.0 0.0 1.0 0.0 0.0 1.0 1.0 0.0 0.0
wire P 4 1.0 -5.0 1.0 3.0 -5.0 1.0 3.0 8.0 1.0 1.0 8.0 1.0
prism 0.0 0.0 8.0
end
case kink_lean_fuse
plane 0.0 0.0 0.0 0.0 0.6 0.8 1.0 -0.0 0.0
wire S 2 0.0 0.0 0.0 L 8.0 0.0 0.0 B 2 5 8.0 0.0 0.0 6.0 3.2 -2.4 4.0 3.2 -2.4 2.0 3.2 -2.4 0.0 0.0 0.0 3 0.0 1.0 2.0 3 2 3
prism 0.0 2.4 3.2
boolean fuse
plane 2.2 4.4 -1.6000000000000003 0.6 0.0 0.8 0.0 1.0 -0.0
wire P 4 3.0 3.4000000000000004 -2.2 3.0 5.4 -2.2 1.4000000000000004 5.4 -1.0000000000000004 1.4000000000000004 3.4000000000000004 -1.0000000000000004
prism 3.5999999999999996 0.0 4.800000000000001
end
case kink_lean_cut
plane 0.0 0.0 0.0 0.0 0.6 0.8 1.0 -0.0 0.0
wire S 2 0.0 0.0 0.0 L 8.0 0.0 0.0 B 2 5 8.0 0.0 0.0 6.0 3.2 -2.4 4.0 3.2 -2.4 2.0 3.2 -2.4 0.0 0.0 0.0 3 0.0 1.0 2.0 3 2 3
prism 0.0 2.4 3.2
boolean cut
plane 2.2 4.4 -1.6000000000000003 0.6 0.0 0.8 0.0 1.0 -0.0
wire P 4 3.0 3.4000000000000004 -2.2 3.0 5.4 -2.2 1.4000000000000004 5.4 -1.0000000000000004 1.4000000000000004 3.4000000000000004 -1.0000000000000004
prism 3.5999999999999996 0.0 4.800000000000001
end
case kink_lean_common
plane 0.0 0.0 0.0 0.0 0.6 0.8 1.0 -0.0 0.0
wire S 2 0.0 0.0 0.0 L 8.0 0.0 0.0 B 2 5 8.0 0.0 0.0 6.0 3.2 -2.4 4.0 3.2 -2.4 2.0 3.2 -2.4 0.0 0.0 0.0 3 0.0 1.0 2.0 3 2 3
prism 0.0 2.4 3.2
boolean common
plane 2.2 4.4 -1.6000000000000003 0.6 0.0 0.8 0.0 1.0 -0.0
wire P 4 3.0 3.4000000000000004 -2.2 3.0 5.4 -2.2 1.4000000000000004 5.4 -1.0000000000000004 1.4000000000000004 3.4000000000000004 -1.0000000000000004
prism 3.5999999999999996 0.0 4.800000000000001
end
case blob_tool_fuse
plane 0.0 0.0 0.0 0.0 0.0 1.0 1.0 0.0 0.0
wire P 4 0.0 0.0 0.0 10.0 0.0 0.0 10.0 10.0 0.0 0.0 10.0 0.0
prism 0.0 0.0 4.0
boolean fuse
plane 6.0 1.0 1.0 0.6 0.0 0.8 0.0 1.0 -0.0
wire S 4 6.0 5.0 1.0 B 3 4 6.0 5.0 1.0 6.0 7.5 1.0 4.8 9.0 1.9 2.8 9.0 3.4 2 0.0 1.0 4 4 2.8 9.0 3.4 B 3 4 2.8 9.0 3.4 0.7999999999999998 9.0 4.9 -0.40000000000000036 7.5 5.8 -0.40000000000000036 5.0 5.8 2 0.0 1.0 4 4 -0.40000000000000036 5.0 5.8 B 3 4 -0.40000000000000036 5.0 5.8 -0.40000000000000036 2.5 5.8 0.7999999999999998 1.0 4.9 2.8 1.0 3.4 2 0.0 1.0 4 4 2.8 1.0 3.4 B 3 4 2.8 1.0 3.4 4.8 1.0 1.9 6.0 2.5 1.0 6.0 5.0 1.0 2 0.0 1.0 4 4
prism 3.5999999999999996 0.0 4.800000000000001
end
case blob_tool_cut
plane 0.0 0.0 0.0 0.0 0.0 1.0 1.0 0.0 0.0
wire P 4 0.0 0.0 0.0 10.0 0.0 0.0 10.0 10.0 0.0 0.0 10.0 0.0
prism 0.0 0.0 4.0
boolean cut
plane 6.0 1.0 1.0 0.6 0.0 0.8 0.0 1.0 -0.0
wire S 4 6.0 5.0 1.0 B 3 4 6.0 5.0 1.0 6.0 7.5 1.0 4.8 9.0 1.9 2.8 9.0 3.4 2 0.0 1.0 4 4 2.8 9.0 3.4 B 3 4 2.8 9.0 3.4 0.7999999999999998 9.0 4.9 -0.40000000000000036 7.5 5.8 -0.40000000000000036 5.0 5.8 2 0.0 1.0 4 4 -0.40000000000000036 5.0 5.8 B 3 4 -0.40000000000000036 5.0 5.8 -0.40000000000000036 2.5 5.8 0.7999999999999998 1.0 4.9 2.8 1.0 3.4 2 0.0 1.0 4 4 2.8 1.0 3.4 B 3 4 2.8 1.0 3.4 4.8 1.0 1.9 6.0 2.5 1.0 6.0 5.0 1.0 2 0.0 1.0 4 4
prism 3.5999999999999996 0.0 4.800000000000001
end
case blob_tool_common
plane 0.0 0.0 0.0 0.0 0.0 1.0 1.0 0.0 0.0
wire P 4 0.0 0.0 0.0 10.0 0.0 0.0 10.0 10.0 0.0 0.0 10.0 0.0
prism 0.0 0.0 4.0
boolean common
plane 6.0 1.0 1.0 0.6 0.0 0.8 0.0 1.0 -0.0
wire S 4 6.0 5.0 1.0 B 3 4 6.0 5.0 1.0 6.0 7.5 1.0 4.8 9.0 1.9 2.8 9.0 3.4 2 0.0 1.0 4 4 2.8 9.0 3.4 B 3 4 2.8 9.0 3.4 0.7999999999999998 9.0 4.9 -0.40000000000000036 7.5 5.8 -0.40000000000000036 5.0 5.8 2 0.0 1.0 4 4 -0.40000000000000036 5.0 5.8 B 3 4 -0.40000000000000036 5.0 5.8 -0.40000000000000036 2.5 5.8 0.7999999999999998 1.0 4.9 2.8 1.0 3.4 2 0.0 1.0 4 4 2.8 1.0 3.4 B 3 4 2.8 1.0 3.4 4.8 1.0 1.9 6.0 2.5 1.0 6.0 5.0 1.0 2 0.0 1.0 4 4
prism 3.5999999999999996 0.0 4.800000000000001
end
case dome_tangent_fuse
plane 0.0 0.0 0.0 0.0 0.0 1.0 1.0 0.0 0.0
wire S 2 0.0 0.0 0.0 L 4.0 0.0 0.0 B 2 3 4.0 0.0 0.0 2.0 4.0 0.0 0.0 0.0 0.0 2 0.0 1.0 3 3
prism 0.0 0.0 5.0
boolean fuse
plane 0.0 0.0 -1.0 0.0 0.0 1.0 0.0 1.0 -0.0
wire P 4 5.0 2.0 -1.0 5.0 5.0 -1.0 -1.0 5.0 -1.0 -1.0 2.0 -1.0
prism 0.0 0.0 7.0
end
case dome_tangent_common
plane 0.0 0.0 0.0 0.0 0.0 1.0 1.0 0.0 0.0
wire S 2 0.0 0.0 0.0 L 4.0 0.0 0.0 B 2 3 4.0 0.0 0.0 2.0 4.0 0.0 0.0 0.0 0.0 2 0.0 1.0 3 3
prism 0.0 0.0 5.0
boolean common
plane 0.0 0.0 -1.0 0.0 0.0 1.0 0.0 1.0 -0.0
wire P 4 5.0 2.0 -1.0 5.0 5.0 -1.0 -1.0 5.0 -1.0 -1.0 2.0 -1.0
prism 0.0 0.0 7.0
end
case kink_knot_cut
plane 0.0 0.0 0.0 0.0 0.0 1.0 1.0 0.0 0.0
wire S 2 0.0 0.0 0.0 L 8.0 0.0 0.0 B 2 5 8.0 0.0 0.0 6.0 4.0 0.0 4.0 4.0 0.0 2.0 4.0 0.0 0.0 0.0 0.0 3 0.0 1.0 2.0 3 2 3
prism 0.0 0.0 4.0
boolean cut
plane 0.0 0.0 -1.0 0.0 0.0 1.0 0.0 1.0 -0.0
wire P 4 9.0 4.0 -1.0 9.0 6.0 -1.0 -1.0 6.0 -1.0 -1.0 4.0 -1.0
prism 0.0 0.0 6.0
end
case blob_rounding_cut
plane 0.0 0.0 0.0 0.0 0.6 0.8 1.0 -0.0 0.0
wire S 4 4.0 0.0 0.0 B 3 4 4.0 0.0 0.0 6.5 0.0 0.0 8.0 1.2000000000000002 -0.8999999999999999 8.0 3.2 -2.4 2 0.0 1.0 4 4 8.0 3.2 -2.4 B 3 4 8.0 3.2 -2.4 8.0 5.2 -3.9 6.5 6.4 -4.8 4.0 6.4 -4.8 2 0.0 1.0 4 4 4.0 6.4 -4.8 B 3 4 4.0 6.4 -4.8 1.5 6.4 -4.8 0.0 5.2 -3.9 0.0 3.2 -2.4 2 0.0 1.0 4 4 0.0 3.2 -2.4 B 3 4 0.0 3.2 -2.4 0.0 1.2000000000000002 -0.8999999999999999 1.5 0.0 0.0 4.0 0.0 0.0 2 0.0 1.0 4 4
prism 0.0 3.0 4.0
boolean cut
plane 0.0 3.2 2.4 0.0 -0.8 0.6 1.0 0.0 0.0
wire P 4 -6.0 -0.39999999999999947 -2.400000000000001 12.0 -0.39999999999999947 -2.400000000000001 12.0 6.8 7.200000000000001 -6.0 6.8 7.200000000000001
prism 0.0 -4.800000000000001 3.5999999999999996
end
case blob_rounding_common
plane 0.0 0.0 0.0 0.0 0.6 0.8 1.0 -0.0 0.0
wire S 4 4.0 0.0 0.0 B 3 4 4.0 0.0 0.0 6.5 0.0 0.0 8.0 1.2000000000000002 -0.8999999999999999 8.0 3.2 -2.4 2 0.0 1.0 4 4 8.0 3.2 -2.4 B 3 4 8.0 3.2 -2.4 8.0 5.2 -3.9 6.5 6.4 -4.8 4.0 6.4 -4.8 2 0.0 1.0 4 4 4.0 6.4 -4.8 B 3 4 4.0 6.4 -4.8 1.5 6.4 -4.8 0.0 5.2 -3.9 0.0 3.2 -2.4 2 0.0 1.0 4 4 0.0 3.2 -2.4 B 3 4 0.0 3.2 -2.4 0.0 1.2000000000000002 -0.8999999999999999 1.5 0.0 0.0 4.0 0.0 0.0 2 0.0 1.0 4 4
prism 0.0 3.0 4.0
boolean common
plane 0.0 3.2 2.4 0.0 -0.8 0.6 1.0 0.0 0.0
wire P 4 -6.0 -0.39999999999999947 -2.400000000000001 12.0 -0.39999999999999947 -2.400000000000001 12.0 6.8 7.200000000000001 -6.0 6.8 7.200000000000001
prism 0.0 -4.800000000000001 3.5999999999999996
end
