bulge_tilt_fuse done 1 1 0
S 1004.1696665292341 711.27084054895454 8.6524855143527581 4.3179943892707948 3.8912357661085708 12 30 20 12 30 20 1
bulge_tilt_cut done 1 1 0
S 236.16966716446336 269.76501466202558 4.2705039593910952 2.7505606187702996 2.2367856619042281 8 18 12 8 18 12 1
bulge_tilt_common done 1 1 0
S 83.830333237056209 122.82268096649983 8.3434775645660419 3.7027290888203792 3.2415364163190286 7 15 10 7 15 10 1
dome_side_fuse done 1 1 0
S 52.000000439541957 99.729842521757291 2.0000000007965717 0.91923077393554098 3.1282051146536682 12 30 20 12 30 20 1
dome_side_cut done 1 1 0
S 12.000001673330363 55.063172488996592 2.0000000137216145 0.65000002883888053 1.8888888288504235 8 18 12 8 18 12 1
dome_side_common done 1 1 0
S 14.666664841215358 36.515679192726935 1.9999999877526056 0.92272727315221148 3.0000001866939074 6 12 8 6 12 8 1
blob_lean_fuse done 1 1 0
S 276.09375341816786 260.1321282842369 4.2705082901919145 3.9446497054414258 2.5900893029184826 11 25 16 11 25 16 1
blob_lean_cut done 1 1 0
S 252.09375341816784 247.73031091387884 3.8868898954264144 4.0345828855507593 2.5129836365259912 11 25 16 11 25 16 1
blob_lean_common done 1 1 0
S 9.1562465111473799 28.658174072722367 7.1141964714577481 3.0478489900330317 2.1425288013841488 6 12 8 6 12 8 1
wave_tiltx_fuse done 1 1 0
S 366.5633721522139 328.81734680910796 5.0001903277514073 3.7045409315959601 2.4176883270164407 16 39 26 16 39 26 1
wave_tiltx_cut done 1 1 0
S 282.56827296004155 337.2548314380951 5.0002558933849075 3.0666007087475551 2.4526764146826738 12 33 22 12 33 22 1
wave_tiltx_common done 1 1 0
S 46.489836510843901 88.062470434672477 5.0000049193817624 4.7678545726096528 2.7902228795803756 9 21 14 9 21 14 1
capsule_turned_fuse done 1 1 0
S 21.670607538807701 52.331627430665847 1.0413174879620706 -0.043927093886365613 0.96010691208772048 17 39 24 13 33 22 1
capsule_turned_cut done 1 1 0
S 17.170607559692158 48.594348986525908 1.5662174771818533 -0.0050401366278656438 1.0806897799875095 11 27 18 11 27 18 1
capsule_turned_common done 1 1 0
S 2.7709850957536566 11.893150375829942 -0.4404601993027874 0.031231567376603923 0.50000000045960402 8 18 12 8 18 12 1
capsule_stand_fuse done 1 1 0
S 24.44159265358979 58.682807775421523 0.87332581939296416 -0.03540622854041052 1.2761685826152012 14 32 20 14 32 20 1
capsule_stand_cut done 1 1 0
S 19.941592653589794 46.22477796076938 1.2873794713566671 1.1204339973597419e-16 1.0000000000000002 8 19 13 6 15 11 1
capsule_stand_common done 0 1 0
lens_pin_fuse done 1 1 0
S 381.01987832302297 445.39459621292707 5.0000000085216945 5.0000000106920215 2.0000000199349075 20 60 40 20 60 40 1
lens_pin_cut done 1 1 0
S 341.01987715486979 396.60356523604804 5.0000000127249429 5.0000000193296028 2.0000000294114302 18 48 32 18 48 32 1
lens_pin_common done 2 1 0
S 4.2900587465788069 23.2666130821816 2.9737241767048683 5.0000000157831828 2.0000000012568488 7 15 10 7 15 10 1
S 4.2900588612434749 23.266613264723613 7.0262757911376665 4.9999999555623091 1.9999999410407263 7 15 10 7 15 10 1
bulge_offset_fuse done 1 1 0
S 358.61366942271718 336.22571703469981 6.9553483779144241 1.6963736068382995 0.58878741974340232 12 30 20 12 30 20 1
bulge_offset_cut done 1 1 0
S 286.61366946054363 311.04109070061844 5.9141736239542873 2.0471555508397645 0.73669625464088084 10 24 16 10 24 16 1
bulge_offset_common done 1 1 0
S 33.386330474236942 61.867804262173266 9.9716557746579486 0.63670475171690055 0.38497142816111718 6 12 8 6 12 8 1
dome_turned_fuse done 1 1 0
S 223.45417054654374 321.45283931693814 2.00000000622948 1.5137696875126954 4.7229640696908461 12 30 20 12 30 20 1
dome_turned_cut done 1 1 0
S 15.454169043035774 57.744500837714568 2.0000000721597919 1.6990978944192816 0.99429580840527554 8 18 12 8 18 12 1
dome_turned_common done 1 1 0
S 11.212498575923492 30.792686496240858 2.0000000054090314 2.7476946672497236 2.2445772777614712 6 12 8 6 12 8 1
kink_lean_fuse done 1 1 0
S 99.209614135585653 146.39863156375284 4.0020521838388179 2.7768628579493324 0.67941718613992563 13 30 20 13 30 20 1
kink_lean_cut done 2 1 0
S 0.044444434140448033 1.344166609779468 3.999999825881734 5.4571428959994028 0.78809526100677696 3 3 2 3 3 2 1
S 75.16516152497627 126.67649305602149 4.0027085636506525 2.2570155208273857 0.64085132987209803 7 15 10 7 15 10 1
kink_lean_common done 1 1 0
S 10.123697094687211 31.594180895986284 3.979885297150703 4.122517227682871 0.6330313393315038 6 12 8 6 12 8 1
blob_tool_fuse done 1 1 0
S 656.86664383134428 506.37683889884369 4.8005724026014018 4.9999998052932106 3.7193724310424989 12 27 18 12 27 18 1
blob_tool_cut done 1 1 0
S 343.36660248202566 386.90267970263176 4.9836988872027179 4.9999996643967588 1.8197213286553904 11 24 16 11 24 16 1
blob_tool_common done 1 1 0
S 56.633374646460375 112.0714930409152 5.0988343248583963 5.0000023334837937 3.0930239509726318 6 12 8 6 12 8 1
dome_tangent_fuse done 2 1 0
S 26.666666666666661 60.245523824736765 2 0.80000000000000004 2.5 4 8 6 4 8 6 1
S 126 162 2 3.5 2.5 6 12 10 6 12 10 1
dome_tangent_common done 0 1 0
kink_knot_cut done 1 1 0
S 85.333333333333329 121.99283811957886 4 1.5999999999999996 2 4 8 6 4 8 6 1
blob_rounding_cut done 1 1 0
S 237.37671164470217 220.30099110728514 4.0000000000000009 4.9688718943827865 -0.60165392078709001 7 15 10 7 15 10 1
blob_rounding_common done 1 1 0
S 23.873288355297866 72.360880054396773 4 2.0265548845890762 1.6050838365581928 5 9 6 5 9 6 1
