slot_rod_fuse done 1 1 0
S 125.34989981276037 309.46416904400718 3.9858833843289281 3.7944149804258851 1.5 19 54 36 17 48 32 1
slot_rod_cut done 1 1 0
S 116.51417047453907 299.10783485775096 3.8141864866489095 3.7029907108817888 1.5000000000000002 16 51 34 14 42 28 1
slot_rod_common done 1 1 0
S 4.0721906095263245 17.47180844459821 6.2956283951385945 4.9871476633330731 1.5 8 18 12 7 12 8 1
chain_cake_fuse done 1 1 0
S 162.34716761282476 248.73482688907012 2.1551394246608595 -3.063916965066471 11.744549786837784 24 60 40 24 60 40 1
chain_cake_cut done 1 1 0
S 144.34716761648679 248.74983812087996 2.2368348942346783 -2.8952299375829886 11.50832690559259 20 60 40 20 60 40 1
chain_cake_common done 1 1 0
S 11.891690973177969 33.596701726037338 1.390813738694971 -4.1348948108340897 13.511721004601903 13 33 22 13 33 22 1
cake_stack_fuse done 1 1 0
S 258.90578651284045 351.41325401518026 2.8901514561447219 -0.69646532238352044 10.085851024606441 27 72 48 27 72 48 1
cake_stack_cut done 1 1 0
S 146.13587838214676 229.72770186866191 1.9289398805668461 -3.3140639896337154 11.909504608423932 17 45 30 17 45 30 1
cake_stack_common done 1 1 0
S 18.001288594235223 42.607417986998186 3.9534937908818955 -0.48616820871745614 9.9157337617204213 10 24 16 10 24 16 1
flat_box_fuse done 1 1 0
S 69.09306365724072 105.36541063033516 6.1786684058585175 0.28366472883865451 10.491860040923322 11 30 20 11 30 20 1
flat_box_cut done 1 1 0
S 54.093063655604475 107.72552417095889 5.9201021565550693 0.092727819269287234 10.820822131061867 10 27 18 10 27 18 1
flat_box_common done 1 1 0
S 9.3111416547832455 29.107932193083538 6.8822581665825195 0.71322611071258957 9.5817088995560837 11 27 18 9 22 15 1
stack_rod_fuse done 1 1 0
S 135.44285972602606 212.84384328800564 4.2339947465181291 2.420105323526752 7.6619628052110036 17 39 26 17 39 26 1
stack_rod_cut done 1 1 0
S 104.02693319134843 178.30103530590787 4.0949398552511722 2.7902524666997603 7.702486416091415 14 36 24 14 36 24 1
stack_rod_common done 1 1 0
S 8.74297499184323 25.442311170978719 4.6214906965705378 1.5696422674826123 7.9621908895552016 6 12 8 6 12 8 1
cake_ball_fuse done 1 1 0
S 175.1277779989226 231.45837842832779 1.9773505547489685 -3.0697922767854817 11.882383760348151 13 36 24 13 36 24 1
cake_ball_cut done 1 1 0
S 152.67848047373593 229.45220982955991 2.31710524648626 -2.9330178612856428 11.53834228440193 13 36 24 13 36 24 1
cake_ball_common done 1 1 0
S 11.458685501802327 31.875687636373719 -0.062555387857826994 -3.9486721931806872 13.722806277007372 5 12 8 5 12 8 1
rod_flat_fuse done 1 1 0
S 89.358173758984634 143.66124683491537 6.3200785394520338 0.77842456437277319 10.549445415755754 7 18 12 7 18 12 1
rod_flat_cut done 1 1 0
S 25.953944220892915 68.050942376910712 6.9520214352297698 2.2309405988656055 10.331024651413404 7 15 10 6 13 9 1
rod_flat_common done 1 1 0
S 5.4619821601564169 22.927155001245787 6.7486698177070048 0.90262925672513294 9.146023518277115 6 12 8 4 9 7 1
flat_touch_fuse done 2 1 0
S 4.1887902047863923 12.566370614359176 10.083333333333332 2.0833333333333339 10.333333333333334 1 3 3 1 3 3 1
S 63.404205304816152 97.473342794048463 6.061398319119232 0.18385028434061093 10.638853777885455 4 6 5 4 6 5 1
flat_touch_cut done 1 1 0
S 63.404205304816152 97.473342794048463 6.061398319119232 0.18385028434061093 10.638853777885455 4 6 5 4 6 5 1
flat_touch_common done 0 1 0
