tc_through_tube done 11 0
L open 0 1
p 2.4819347291981715 0.29999999999999977 0
p 2.4812123113384308 0.29850365460894601 0.029925572622469233
p 2.4790715136817809 0.29404337580965012 0.059485434210442244
p 2.4755889296765199 0.28670017734732822 0.088334575155624359
p 2.4708861145257113 0.27659844548749829 0.11616059919860011
p 2.4651236555560581 0.26389571125962552 0.14268515399450893
p 2.4584903468974884 0.24876125466807864 0.16768374706038888
p 2.4511981800776566 0.23136563653376285 0.1909710468279909
p 2.4434804772723497 0.21187570785870427 0.21238805732363414
p 2.4355891801043028 0.19044678900728176 0.23179736668407472
p 2.4277908087270266 0.16720860228386059 0.24908087539787219
p 2.4203803173169378 0.14230728230092743 0.26409967840286164
p 2.4136750733321604 0.11591514002859901 0.27670142235336737
p 2.4079995750303005 0.08823176874278893 0.28673185248432537
p 2.4036637019125386 0.059490945650243265 0.29404222885938275
p 2.4009340707498024 0.029969672312208859 0.29849926309067132
p 2.3999999999999999 0 0.29999999999999993
L open 0 1
p -2.4819347291981715 0.30000000000000021 0
p -2.4790684993649972 0.29403706749471281 0.059516608626758588
p -2.4708748986137619 0.27657408193258437 0.11621859650435618
p -2.458467968890397 0.24870916279186889 0.16776100020098894
p -2.4434470291481314 0.21178839093116 0.21247512782439612
p -2.4277568683149564 0.16710173022125413 0.24915258593936071
p -2.4136569648727391 0.11583653134463136 0.27673435770726124
p -2.4036521110094933 0.059396332777953517 0.29406134506186915
p -2.4000000097563676 -0.00013239274261995886 0.29999997367976483
p -2.4036793083092705 -0.059618553822899004 0.29401637512094408
p -2.4137232237936987 -0.11612362974489505 0.27661399216561494
p -2.4278248246134337 -0.16731564072455896 0.24900898805040572
p -2.4434999732936351 -0.21192657255021996 0.21233729845912305
p -2.458499918636853 -0.24878353806150894 0.16765068238333242
p -2.4708923937990992 -0.27661209227835176 0.11612814195113322
p -2.4790730233094962 -0.29404652713686485 0.059469725210647598
p -2.4819347291981715 -0.29999999999999943 0
L open 0 1
p 2.4819347291981715 -0.30000000000000032 0
p 2.4812123113384308 -0.2985036546089454 0.029925572622476519
p 2.4790715136817791 -0.29404337580964712 0.059485434210456586
p 2.4755889296765186 -0.28670017734732223 0.08833457515564537
p 2.4708861145257051 -0.27659844548748741 0.11616059919862684
p 2.4651236555560505 -0.26389571125960953 0.14268515399453907
p 2.4584903468974795 -0.24876125466805779 0.16768374706041958
p 2.4511981800776459 -0.23136563653373676 0.19097104682802268
p 2.4434804772723364 -0.21187570785867282 0.21238805732366561
p 2.4355891801042913 -0.1904467890072456 0.23179736668410436
p 2.4277908087270172 -0.16720860228382942 0.24908087539789275
p 2.4203803173169294 -0.14230728230089876 0.26409967840287757
p 2.413675073332155 -0.11591514002857431 0.27670142235337825
p 2.4079995750302983 -0.088231768742770889 0.28673185248433009
p 2.4036637019125369 -0.059490945650230637 0.29404222885938514
p 2.4009340707498006 -0.029969672312201233 0.29849926309067382
p 2.3999999999999999 0 0.29999999999999999
L open 0 1
p 1.5999999999999999 0 0.29999999999999999
p 1.5942411874310429 -0.060828836720023871 0.29376839004068295
p 1.5786992131039694 -0.11759370264453146 0.27599227939526377
p 1.5570562556437231 -0.16811890399383306 0.24846736553196719
p 1.5328623063887503 -0.21173483016782288 0.21252850575478305
p 1.5091510631833576 -0.24795000968356556 0.16888101435705991
p 1.4887979123384882 -0.2758076152250335 0.11802611132244215
p 1.4747647907756463 -0.29373650331966594 0.060982475664408092
p 1.4696938659565948 -0.29999997488542574 0.00012197958670632787
p 1.4747255147918694 -0.29378543198852747 -0.060746332557245541
p 1.4887278827111647 -0.27589943709307535 -0.11781130654048264
p 1.5090621405371247 -0.24807733634251292 -0.1686939206522397
p 1.5327661463881741 -0.21189231007797754 -0.2123714950859818
p 1.5569870378462334 -0.16825793207103135 -0.2483732389670687
p 1.5786872789722506 -0.11762713862403645 -0.2759780000641226
p 1.5942268016073413 -0.060905098609379885 -0.29375257064916388
p 1.5999999999999999 0 -0.29999999999999988
L open 0 1
p 2.3999999999999999 0 -0.30000000000000004
p 2.4009335407854779 -0.029961034963447285 -0.29850013215925686
p 2.4036621264522608 -0.059478030646408858 -0.29404484379552182
p 2.4079967906642459 -0.088216209856255112 -0.28673663935104748
p 2.4136708973711829 -0.11589703634988326 -0.27670900496265249
p 2.4203744807207035 -0.14228620352439147 -0.26411103614670683
p 2.4277831448333318 -0.16718448071421108 -0.24909706629527839
p 2.4355799717744846 -0.19042070391969143 -0.23181879549244949
p 2.4434705417293157 -0.21184975597854161 -0.21241393865542635
p 2.4511878113966796 -0.23134026032475608 -0.19100179001248993
p 2.4584799400242421 -0.24873703469243927 -0.16771966976955752
p 2.4651161725764266 -0.26387894295426556 -0.14271620387704023
p 2.4708825367503611 -0.27659068164373601 -0.11617912302479748
p 2.4755868977173274 -0.28669586191160101 -0.088348631354663698
p 2.4790703562451473 -0.29404094552815829 -0.059497321160394412
p 2.4812119794725138 -0.29850297663533504 -0.029932625563213085
p 2.4819347291981715 -0.30000000000000032 0
L open 0 1
p -2.4819347291981715 -0.29999999999999943 0
p -2.4790684993649839 -0.29403706749468417 -0.059516608626899364
p -2.4708748986137103 -0.27657408193247462 -0.11621859650461791
p -2.4584679688902948 -0.24870916279162991 -0.16776100020134269
p -2.443447029147976 -0.21178839093075646 -0.21247512782479844
p -2.4277568683147646 -0.16710173022064734 -0.24915258593976775
p -2.4136569648725446 -0.11583653134379572 -0.27673435770761035
p -2.4036521110093627 -0.059396332776890194 -0.29406134506208509
p -2.4000000097563685 0.00013239274367463864 -0.29999997367976317
p -2.4036793083093815 0.059618553823788556 -0.29401637512076323
p -2.4137232237939075 0.1161236297458073 -0.27661399216523397
p -2.4278248246136918 0.16731564072537142 -0.24900898804985985
p -2.4434999732938492 0.2119265725507764 -0.21233729845856741
p -2.4584999186369951 0.24878353806184142 -0.16765068238284001
p -2.4708923937991663 0.27661209227849737 -0.11612814195078848
p -2.479073023309514 0.29404652713690271 -0.059469725210456778
p -2.4819347291981715 0.30000000000000021 0
L open 0 1
p 2.4819347291981715 0.29999999999999982 0
p 2.4812123113384308 0.29850365460894551 -0.029925572622471142
p 2.47907151368178 0.29404337580964923 -0.059485434210445817
p 2.475588929676519 0.28670017734732672 -0.088334575155629383
p 2.4708861145257099 0.27659844548749529 -0.1161605991986073
p 2.4651236555560558 0.26389571125962236 -0.14268515399451481
p 2.458490346897487 0.24876125466807603 -0.16768374706039252
p 2.4511981800776548 0.23136563653376124 -0.19097104682799282
p 2.4434804772723488 0.21187570785870402 -0.21238805732363442
p 2.4355891801043037 0.19044678900728276 -0.23179736668407394
p 2.427790808727027 0.16720860228386114 -0.24908087539787166
p 2.4203803173169378 0.14230728230092757 -0.26409967840286169
p 2.4136750733321608 0.11591514002859961 -0.27670142235336725
p 2.4079995750303027 0.088231768742789596 -0.28673185248432509
p 2.4036637019125386 0.059490945650242946 -0.29404222885938286
p 2.4009340707498001 0.029969672312209018 -0.29849926309067176
p 2.3999999999999999 0 -0.30000000000000004
L open 0 1
p 1.6000000000000001 0 0.29999999999999999
p 1.5985279505999257 0.030709456232712436 0.29842405818470846
p 1.5942418563105001 0.060825296192312708 0.29376911999389249
p 1.587480385283571 0.089892964357851574 0.28621537437467931
p 1.5787016838349499 0.11758678952637587 0.27599522230282292
p 1.5684068207974109 0.14368805254832953 0.26335099635481757
p 1.5570613450232484 0.16810867979109184 0.24847428157895601
p 1.5450859420566303 0.19080400041029993 0.23150342921221037
p 1.5328690444894848 0.21172378697373911 0.21253950390991361
p 1.5207747934280778 0.23080165033818417 0.19165227792528608
p 1.5091584015458421 0.24793949752295721 0.16889644473986309
p 1.498377939512987 0.26299982368118963 0.14432983518721437
p 1.4887945057516614 0.27581210044324217 0.11801564158812552
p 1.4807961516708243 0.28614287077767164 0.09012348758620442
p 1.4747530393215835 0.2937511735455855 0.060911951007832976
p 1.4709790496127078 0.29842258198317378 0.030723700000239433
p 1.4696938456699069 0.29999999999999999 -3.6739403974420595e-17
L open 0 1
p 1.4696938456699069 0.29999999999999999 -5.5511151231257827e-17
p 1.4709767119189401 0.29842548105813055 -0.030695801836286576
p 1.4747455239697418 0.29376051008350085 -0.060866758144869033
p 1.480781325545663 0.28616175965925345 -0.090063579470693517
p 1.4887660556734656 0.27584939627213756 -0.11792841121601683
p 1.4983296272611017 0.2630656869501502 -0.14420972217799422
p 1.5091003157325431 0.24802266871545808 -0.16877427714621368
p 1.5207097961385196 0.23090052988646387 -0.19153314003767813
p 1.5327979734230144 0.21184019021491343 -0.21242348389786364
p 1.5450154992938114 0.19093036448859338 -0.2313992197433751
p 1.5570098856786456 0.16821205290829461 -0.24840431315925401
p 1.5683857061227742 0.14373702928730425 -0.26332426422203514
p 1.5786997495335389 0.11759224265530929 -0.27599287078019852
p 1.5874754364706254 0.089910843718377625 -0.28620977880707654
p 1.5942304275474131 0.060885894636601545 -0.29375655164243869
p 1.5985202736536848 0.030789452913752614 -0.29841582807440248
p 1.5999999999999999 0 -0.29999999999999988
L open 0 1
p -1.5909939624943743 0.076152872963592896 0.2901736375679082
p -1.5844955325466383 0.10013552209597087 0.28279472775877312
p -1.5766997657811761 0.12306907098328992 0.27359461652633732
p -1.5678934638764588 0.14487435562199294 0.26270025501335958
p -1.5583528139227243 0.16549517666186436 0.25022256928264575
p -1.5483352476509069 0.18489242384226851 0.23625157113973883
p -1.5380754447614309 0.20303915298598466 0.22085086122812728
p -1.5277921500246876 0.21990516414303521 0.20406303512898966
p -1.5177012314743168 0.23543845288153772 0.18592668304817112
p -1.5080151271980646 0.24957246282241047 0.16647399240432365
p -1.4989481522772854 0.2622212815502501 0.14573952462424555
p -1.4907148432899966 0.27328440681348143 0.1237564061379543
p -1.4835486381049223 0.28262250518635151 0.10062057828353509
p -1.477677501018797 0.29008948662239387 0.076472833523815453
p -1.473307417062778 0.29554761829727155 0.051493884481126406
p -1.4706077471214121 0.29887897993521001 0.025910065473221878
p -1.4696938456699069 0.30000000000000016 -3.6739403974420595e-17
L open 0 1
p -1.4696938456699069 0.30000000000000021 -5.5511151231257827e-17
p -1.4819673587714699 0.28464928414786317 -0.094735353328228702
p -1.5128354425889807 0.24262521559038108 -0.17644546773854117
p -1.5509565353746968 0.17999808123536418 -0.24000143887303288
p -1.5845892657845766 0.099829385495424416 -0.28290297758638672
p -1.5999478420933892 0.0057774701341344317 -0.29994436811140651
p -1.5876477804230094 -0.089284903461221143 -0.28640567230259328
p -1.5554090240476257 -0.17139978260071648 -0.24621557956375756
p -1.51728618340468 -0.23605867646561571 -0.18513859133119814
p -1.4849988214510279 -0.28075333583263928 -0.105724006760251
p -1.4699017545055795 -0.29974527302573351 -0.012359934250123585
p -1.4790904842651456 -0.28830681916269207 0.08294080220549066
p -1.508057688890371 -0.24951183068133503 0.16656485316602604
p -1.5457662682223277 -0.18957977561855952 0.2325070061100501
p -1.5806799449339568 -0.11192049576631148 0.27834116420833055
p -1.5994012480216897 -0.01957948538011255 0.29936039272723414
p -1.5909939624943745 0.076152872963592896 0.29017363756790832
tc_hole_cut done 2 0
L open 0 1
p 2 0 0.5
p 1.9781447328337958 -0.20792519089036543 0.49987991407594157
p 1.9135384603291337 -0.40675236519578201 0.49808591201881869
p 1.8090921181782766 -0.58768182786477008 0.4903324184343486
p 1.6700400359380099 -0.74232496009199456 0.46933390017170462
p 1.5054814120241979 -0.86283749588909608 0.42413163140462967
p 1.3326678458501471 -0.94304403040502582 0.3391263200726371
p 1.1863892361734427 -0.98247598471733799 0.19685481759797399
p 1.1250000001814848 -0.99215674157714739 8.7965468503905608e-06
p 1.1863778045713214 -0.98247815447353026 -0.19683748807596513
p 1.3326535662949337 -0.94304906282453294 -0.33911684642286721
p 1.5054687267876212 -0.86284492685668612 -0.42412706762781605
p 1.6700306092892436 -0.74233346997383443 -0.46933200404873965
p 1.8090861207535727 -0.58769008320605243 -0.49033179046238784
p 1.9135357205350891 -0.40675851824417431 -0.49808578921560331
p 1.9781440227005378 -0.20792853077742626 -0.49987990638088192
p 2 0 -0.5
L open 0 1
p 2 0 0.5
p 1.9781447210382497 0.20792524631548873 0.49987991394403641
p 1.9135384157735178 0.40675246521044101 0.49808591001820546
p 1.8090920184812176 0.58768196503752534 0.49033240804212291
p 1.6700398552831057 0.74232512320085919 0.46933386381362058
p 1.5054811461701316 0.86283765162460568 0.42413153576276125
p 1.3326675269655772 0.94304414290354888 0.3391261084475935
p 1.1863889750259016 0.98247603420804752 0.19685442183315718
p 1.1250000001726035 0.9921567415742365 8.2427638377084635e-06
p 1.1863781261441646 0.9824780940870147 -0.19683797477742035
p 1.3326540883843552 0.9430488785252874 -0.33911719301491683
p 1.5054693374169299 0.8628445692673572 -0.42412728723480325
p 1.670031215898947 0.74233292199938261 -0.4693321264377196
p 1.8090866542958537 0.58768934954113516 -0.49033184574321126
p 1.913535945022607 0.40675801421003971 -0.4980857992262761
p 1.9781440860339066 0.20792823322416121 -0.49987990700667306
p 2 0 -0.5
tc_rings done 2 0
L closed 0 1
p 2.25 0 0.43301270189221935
p 2.097698676811246 -0.76551263850290185 0.44238524375464278
p 1.6641784865706979 -1.4142486325876427 0.46493706121943496
p 1.0154365464357189 -1.8477301999101714 0.4881149856147789
p 0.24995692815510118 -1.9999999891184026 0.4997578167502803
p -0.51556831225731026 -1.8476756096402394 0.49327308308823936
p -1.164293061953533 -1.4141340048904563 0.4708461739990335
p -1.5977198818145952 -0.76546145512039065 0.44479536182411722
p -1.7499999998583291 -1.5825195407359258e-08 0.43301270178605861
p -1.5977180405121345 0.7654658997699626 0.44479549519703004
p -1.1642900544028234 1.4141370135010463 0.47084632050485736
p -0.51556492503385387 1.8476770131258169 0.49327315623676193
p 0.24996003858866239 1.9999999896722422 0.49975780513901435
p 1.0154388963748144 1.8477292264579801 0.48811492379628546
p 1.6641799016535999 1.4142472167451088 0.4649369971901457
p 2.0976993332973652 0.76551105368982908 0.44238520542660847
p 2.25 0 0.43301270189221924
L closed 0 1
p 2.25 0 -0.4330127018922193
p 2.0976986768111563 -0.76551263850311901 -0.44238524375464799
p 1.664178486570417 -1.4142486325879244 -0.46493706121944778
p 1.015436546435496 -1.8477301999102642 -0.48811498561478489
p 0.24995692815491893 -1.9999999891184017 -0.49975781675028075
p -0.51556831225734767 -1.8476756096402236 -0.49327308308823858
p -1.1642930619534524 -1.4141340048905355 -0.47084617399903722
p -1.5977198818145024 -0.76546145512061492 -0.44479536182412394
p -1.7499999998583293 -1.5825512277804071e-08 -0.43301270178605833
p -1.5977180405121629 0.76546589976989232 -0.44479549519702782
p -1.1642900544028691 1.4141370135010014 -0.4708463205048552
p -0.51556492503388041 1.8476770131258065 -0.49327315623676132
p 0.24996003858872612 1.9999999896722409 -0.49975780513901419
p 1.0154388963749976 1.8477292264579042 -0.48811492379628063
p 1.6641799016539305 1.4142472167447773 -0.46493699719013082
p 2.0976993332975979 0.76551105368926742 -0.44238520542659487
p 2.25 0 -0.43301270189221952
tc_across_hole done 6 0
L open 0 1
p 1.75 1.7853571071357126 0
p 1.7453940355378088 1.766926645695607 0.12688443340488209
p 1.7330673169612221 1.7134012750188574 0.24285324324505969
p 1.7168245289452388 1.6300675493545647 0.33913644008171728
p 1.701004797427272 1.524906291888297 0.41119654428239572
p 1.688649051685843 1.4063419864270073 0.45930852286210122
p 1.6808778184832365 1.2809901151858099 0.48698028391612258
p 1.6774255959242812 1.1529510226198951 0.49874177631882899
p 1.6774075202989662 1.0242889111422724 0.49880255604313944
p 1.6798093245723948 0.89587815348681288 0.49065328088125465
p 1.6836971350466012 0.7679128459233493 0.47714145117012396
p 1.6882776812107445 0.64031264572899782 0.46067171153126302
p 1.6929029387094718 0.51282238733781516 0.44337308518383972
p 1.6970531770448218 0.38516289914758439 0.42721249216006441
p 1.7003216209270557 0.25713399808874016 0.41401254074123794
p 1.7024080398844958 0.1287028013444628 0.40534783486688591
p 1.703125 0 0.4023247871744916
L open 0 1
p -1.7500000000000002 1.7853571071357126 0
p -1.7330659233215031 1.7133948244450807 0.24286318843541538
p -1.7010021224876268 1.5248853122802521 0.41120760949107638
p -1.6808762912902402 1.2809547555095868 0.48698555518117614
p -1.6774080238969551 1.0242412323626868 0.49880086244940586
p -1.6836991530096226 0.76785363856695454 0.47713433030866381
p -1.6929054216010508 0.51275145918764975 0.44336360473376857
p -1.7003230588084521 0.25706618183343488 0.41400663729840498
p -1.7031249993580164 -8.7555557909336362e-05 0.40232478168039254
p -1.7003192726200382 -0.25724473160563777 0.41402217990676837
p -1.6928983696638304 -0.51295228706020868 0.44339048744012161
p -1.6836937136129659 -0.76801326063147324 0.47715352847412751
p -1.6774067096304357 -1.0243658741304771 0.49880526997192243
p -1.6808795775929062 -1.2810308450729955 0.48697419436478673
p -1.7010053198820454 -1.5249104152878667 0.41119436774953055
p -1.7330650811260333 -1.7133909572379999 0.24286915790566022
p -1.7500000000000004 -1.7853571071357117 0
L open 0 1
p 1.7500000000000002 -1.7853571071357126 0
p 1.7453940355378048 -1.7669266456955892 0.12688443340494429
p 1.7330673169612076 -1.7134012750187892 0.24285324324516688
p 1.7168245289452151 -1.6300675493544303 0.33913644008183619
p 1.7010047974272495 -1.5249062918881136 0.41119654428249208
p 1.6886490516858221 -1.4063419864267372 0.45930852286218316
p 1.680877818483222 -1.280990115185477 0.48698028391617187
p 1.6774255959242765 -1.1529510226195234 0.49874177631884453
p 1.6774075202989707 -1.0242889111418687 0.49880255604312507
p 1.6798093245724064 -0.89587815348637101 0.49065328088121568
p 1.6836971350466183 -0.76791284592285347 0.47714145117006479
p 1.6882776812107649 -0.6403126457284527 0.46067171153118924
p 1.6929029387094927 -0.51282238733722474 0.44337308518376112
p 1.6970531770448369 -0.38516289914709595 0.42721249216000434
p 1.7003216209270628 -0.25713399808840021 0.41401254074120963
p 1.7024080398844983 -0.12870280134429565 0.40534783486687814
p 1.703125 0 0.4023247871744916
L open 0 1
p 1.703125 0 -0.40232478717449155
p 1.7024080531892594 -0.12870159954298255 -0.40534777881883333
p 1.7003216681229025 -0.2571317711494801 -0.41401234719547142
p 1.6970532772286497 -0.3851595011945495 -0.42721209390905973
p 1.6929031118520277 -0.51281751841130485 -0.44337243588414749
p 1.6882778948476225 -0.64030681920762178 -0.46067092242974145
p 1.6836973617146394 -0.76790618070150396 -0.47714064769416009
p 1.679809512768456 -0.89587079267203396 -0.49065263155312089
p 1.6774076125556401 -1.0242801943606263 -0.49880226804348271
p 1.6774256012848388 -1.1529514963147551 -0.49874174325120962
p 1.6808780152745511 -1.2809946365247862 -0.48697959876357066
p 1.6886503508682531 -1.406357544705894 -0.45930385846175126
p 1.7010059340571544 -1.5249150972594319 -0.41119192307061614
p 1.7168255315240546 -1.6300732901146018 -0.33913137188117559
p 1.7330678665991228 -1.7134038183995193 -0.24284932246902463
p 1.7453941999720677 -1.7669273173637345 -0.12688217094122128
p 1.7500000000000002 -1.7853571071357126 0
L open 0 1
p -1.7500000000000004 -1.7853571071357117 0
p -1.7330659233216317 -1.7133948244456756 -0.2428631884345003
p -1.701002122487854 -1.5248853122820354 -0.41120760949013646
p -1.6808762912903703 -1.2809547555125578 -0.48698555518072945
p -1.67740802389692 -1.0242412323660022 -0.49880086244952693
p -1.6836991530095096 -0.76785363857028388 -0.47713433030906455
p -1.6929054216009471 -0.51275145919064646 -0.4433636047341693
p -1.7003230588083962 -0.2570661818360887 -0.41400663729863629
p -1.7031249993580162 8.7555555522788805e-05 -0.4023247816803931
p -1.7003192726200851 0.25724473160347383 -0.41402217990658147
p -1.6928983696638957 0.51295228705833362 -0.44339048743987086
p -1.6836937136130128 0.76801326063008535 -0.47715352847396042
p -1.6774067096304446 1.0243658741295982 -0.49880526997189406
p -1.6808795775928826 1.281030845072427 -0.48697419436487244
p -1.7010053198820012 1.5249104152875199 -0.41119436774971424
p -1.7330650811259829 1.7133909572377664 -0.24286915790601965
p -1.7500000000000002 1.7853571071357126 0
L open 0 1
p 1.7500000000000002 1.7853571071357117 0
p 1.7453940355378241 1.7669266456956705 -0.12688443340466835
p 1.733067316961268 1.7134012750190672 -0.24285324324473745
p 1.7168245289452959 1.6300675493548911 -0.33913644008142874
p 1.7010047974273288 1.5249062918887362 -0.41119654428216396
p 1.6886490516858859 1.4063419864275151 -0.45930852286194784
p 1.6808778184832605 1.2809901151863621 -0.48698028391603915
p 1.6774255959242879 1.1529510226204853 -0.49874177631880506
p 1.6774075202989593 1.0242889111428815 -0.49880255604316159
p 1.6798093245723793 0.89587815348742184 -0.490653280881308
p 1.6836971350465824 0.76791284592388531 -0.47714145117018858
p 1.6882776812107276 0.64031264572946045 -0.46067171153132547
p 1.692902938709459 0.5128223873382044 -0.44337308518389185
p 1.6970531770448132 0.38516289914788204 -0.42721249216009788
p 1.7003216209270517 0.25713399808894016 -0.41401254074125604
p 1.7024080398844947 0.12870280134456519 -0.40534783486689052
p 1.703125 0 -0.40232478717449155
tc_enclosing done 4 0
L open 0 1
p 1.0897247358851689 2.25 0
p 1.0448891627034909 2.2448041894264739 0.15282082927189627
p 0.93472157439395687 2.2338767465499343 0.2688767049569285
p 0.79395011493117662 2.2231992085658963 0.34624454136627292
p 0.64074306243585033 2.2149471691862854 0.39561221626142151
p 0.48251541362295991 2.2092517999978272 0.42627041086416606
p 0.32226736831583619 2.2056703743339603 0.44443020096009167
p 0.16114750573430278 2.2037330467895386 0.45393904928529261
p -0.00024117338413448026 2.2031250013400729 0.45688097839218067
p -0.1615316859778626 2.2037359948799335 0.45392474235903468
p -0.32255516399452877 2.2056751933046028 0.44440628145473893
p -0.48280205124117026 2.2092599835357087 0.42622801120358622
p -0.6410105810545913 2.2149590040150064 0.3955459524020471
p -0.79405133104110281 2.2232057308139863 0.34620265097600167
p -0.93465216781870319 2.2338706294631989 0.2689275349213
p -1.044834107860807 2.2447980819860232 0.15291032862527676
p -1.0897247358851689 2.25 0
L open 0 1
p -1.0897247358851698 -2.2499999999999996 0
p -1.0448891627035577 -2.2448041894264827 0.15282082927179022
p -0.93472157439418013 -2.2338767465499538 0.26887670495676474
p -0.79395011493152412 -2.2231992085659185 0.34624454136612853
p -0.64074306243668722 -2.2149471691863223 0.39561221626121312
p -0.48251541362435812 -2.2092517999978676 0.42627041086395745
p -0.32226736831769048 -2.2056703743339909 0.44443020095993802
p -0.16114750573618833 -2.2037330467895542 0.45393904928522183
p 0.00024117338222366756 -2.2031250013400729 0.456880978392181
p 0.16153168597544448 -2.2037359948799153 0.453924742359123
p 0.32255516399152961 -2.2056751933045549 0.4444062814549869
p 0.48280205123769027 -2.2092599835356097 0.42622801120410581
p 0.64101058105080067 -2.2149590040148386 0.39554595240298129
p 0.79405133103788594 -2.223205730813778 0.34620265097733494
p 0.93465216781617666 -2.2338706294629733 0.26892753492317467
p 1.0448341078599666 -2.2447980819859308 0.15291032862664386
p 1.0897247358851685 -2.25 0
L open 0 1
p 1.0897247358851685 -2.25 0
p 1.0448891627033996 -2.2448041894264645 -0.15282082927204782
p 0.93472157439356007 -2.2338767465498988 -0.26887670495721755
p 0.79395011493033707 -2.2231992085658421 -0.34624454136661914
p 0.64074306243487922 -2.2149471691862419 -0.3956122162616621
p 0.48251541362193184 -2.2092517999977979 -0.4262704108643155
p 0.32226736831464498 -2.2056703743339399 -0.4444302009601907
p 0.16114750573246706 -2.2037330467895235 -0.45393904928536055
p -0.00024117338661403193 -2.2031250013400729 -0.45688097839218073
p -0.16153168598054612 -2.2037359948799535 -0.45392474235893288
p -0.32255516399735884 -2.2056751933046521 -0.44440628145450289
p -0.48280205124419079 -2.2092599835357949 -0.4262280112031423
p -0.64101058105760589 -2.2149590040151397 -0.39554595240130025
p -0.79405133104336589 -2.2232057308141315 -0.34620265097506442
p -0.93465216782015625 -2.2338706294633259 -0.26892753492023108
p -1.0448341078613159 -2.2447980819860791 -0.15291032862445075
p -1.0897247358851698 -2.2499999999999996 0
L open 0 1
p -1.0897247358851689 2.25 0
p -1.0448891627036256 2.2448041894264898 -0.15282082927167831
p -0.93472157439439341 2.233876746549972 -0.26887670495660876
p -0.79395011493189993 2.223199208565942 -0.34624454136597355
p -0.64074306243719137 2.2149471691863445 -0.39561221626108878
p -0.4825154136249763 2.2092517999978849 -0.42627041086386552
p -0.32226736831841896 2.2056703743340038 -0.44443020095987723
p -0.16114750573701184 2.2037330467895604 -0.45393904928519196
p 0.0002411733813086621 2.2031250013400725 -0.456880978392181
p 0.1615316859755126 2.2037359948799149 -0.45392474235912306
p 0.322555163992641 2.2056751933045717 -0.44440628145489647
p 0.482802051239762 2.2092599835356683 -0.42622801120379383
p 0.6410105810536646 2.2149590040149647 -0.39554595240228246
p 0.79405133104080705 2.2232057308139668 -0.34620265097612468
p 0.93465216781897342 2.2338706294632238 -0.26892753492109311
p 1.0448341078609444 2.2447980819860383 -0.15291032862505588
p 1.0897247358851694 2.2499999999999996 0
tc_vertical_through done 4 0
L open 0 1
p 2.25 0 0.43301270189221935
p 2.2450327165715334 -0.049588031163398771 0.43553453143219462
p 2.2305119728928444 -0.096768930601414893 0.44259747851825876
p 2.2073052760012946 -0.13973018968585707 0.45296042148848747
p 2.176476313268171 -0.17707656581878978 0.46504421379371164
p 2.1390920007044958 -0.20773400124725788 0.47723446668175851
p 2.0962007759364081 -0.23074966427033805 0.48800495255336662
p 2.0491273015024971 -0.24512547922068378 0.49592098658869554
p 1.9996699518120025 -0.24999974830418686 0.49976776744508528
p 1.9500922694838732 -0.24496779215269771 0.49880267217280744
p 1.9027982707398465 -0.23032980114140178 0.49301025245545982
p 1.8598537393707564 -0.20702424209364056 0.48316325694400164
p 1.8226874663189165 -0.17623920500005411 0.4706405385417044
p 1.792255032065174 -0.13907561640865118 0.4572216198748344
p 1.7693528066045299 -0.096446206006620225 0.44497935308673942
p 1.7549537896041447 -0.049521290155215225 0.43622728393022281
p 1.75 0 0.43301270189221924
L open 0 1
p 1.7499999999999998 0 -0.43301270189221919
p 1.7549533255854153 -0.049518996442129246 -0.43622698896042345
p 1.7693527416654513 -0.096446050669008632 -0.44497931575355282
p 1.7922551091674521 -0.13907573100924769 -0.4572216568919733
p 1.8226871827080644 -0.17623894328936596 -0.47064045240899344
p 1.8598498016619907 -0.20702154959471128 -0.48316211181737323
p 1.9027984632216199 -0.23032986758947405 -0.4930102959802426
p 1.95008945339826 -0.24496719493721986 -0.4988024735874772
p 1.9996619831621945 -0.24999977117935232 -0.49976802356238759
p 2.049113193724184 -0.2451283202978749 -0.49592274903824707
p 2.0961833445800782 -0.23075693486580162 -0.48800865401327431
p 2.1390787685153003 -0.20774286058655711 -0.47723831015040796
p 2.1764663849714494 -0.17708645989655469 -0.46504780492906478
p 2.2072994992346353 -0.13973875903194988 -0.45296286285862825
p 2.230508840964319 -0.096776392911583214 -0.44259895378776226
p 2.2450313596092468 -0.049594724126382536 -0.4355352100958782
p 2.2499999999999996 0 -0.43301270189221952
L open 0 1
p 2.2499999999999996 0 0.43301270189221946
p 2.2450327165715289 0.049588031163417159 0.43553453143219623
p 2.230511972892832 0.096768930601445535 0.44259747851826481
p 2.2073052760012652 0.1397301896858989 0.45296042148849924
p 2.1764763132681231 0.17707656581883852 0.46504421379372918
p 2.1390920007044452 0.20773400124729169 0.47723446668177327
p 2.0962007759363583 0.23074966427035862 0.48800495255337661
p 2.0491273015024514 0.24512547922069255 0.49592098658870121
p 1.9996699518119616 0.24999974830418709 0.49976776744508677
p 1.9500922694838354 0.24496779215269027 0.49880267217280483
p 1.902798270739811 0.23032980114138746 0.49301025245545349
p 1.8598537393707293 0.20702424209362222 0.48316325694399409
p 1.8226874663188954 0.17623920500003473 0.47064053854169663
p 1.792255032065162 0.13907561640863314 0.45722161987482857
p 1.7693528066045241 0.096446206006606611 0.44497935308673608
p 1.7549537896041421 0.049521290155207856 0.43622728393022153
p 1.75 0 0.43301270189221924
L open 0 1
p 1.7499999999999998 0 -0.43301270189221919
p 1.7549540206312289 0.049522434146936752 -0.43622743173826906
p 1.7693534170290648 0.096447665279965247 -0.4449797054563055
p 1.7922565663600909 0.13907790841245218 -0.45722237593435994
p 1.8226897761352312 0.17624155256604762 -0.47064146907631105
p 1.8598523971875554 0.20702330663256208 -0.48316285073457144
p 1.9028016234591774 0.23033120125504924 -0.49301085293759433
p 1.9500924006174749 0.24496779022744936 -0.49880268135659245
p 1.9996646795527675 0.2499997748693715 -0.49976794202992736
p 2.0491154423168769 0.24512786969750397 -0.49592246896282799
p 2.0961850932750465 0.23075620591280055 -0.48800828405311458
p 2.1390800148001228 0.2077420262197141 -0.47723794771079497
p 2.1764672184481744 0.17708562919465115 -0.46504750327396593
p 2.2073000956168056 0.13973787443584249 -0.4529626108784382
p 2.2305091057966475 0.096775762012770133 -0.44259882907302062
p 2.2450314049660269 0.049594500160677159 -0.4355351873303151
p 2.2499999999999996 0 -0.43301270189221952
tc_skew done 4 0
L open 0 1
p 1.8745487908387433 0 0.48400619223309377
p 1.8188586487560194 -0.13836085686822225 0.46804271170704725
p 1.738238945234635 -0.26109928379435476 0.43738970622884243
p 1.6426133194263164 -0.36485876379697763 0.38637673145043605
p 1.5446656679370938 -0.45059947010743828 0.31169804414841867
p 1.4569712477221428 -0.52383307249434119 0.21435410855358517
p 1.3887984775817834 -0.59291306878716055 0.099835889618247603
p 1.3446732687470231 -0.66597981060523748 -0.023622461809897875
p 1.3256989998167661 -0.7482844049208921 -0.1476681769667082
p 1.333158222463825 -0.84096715867849303 -0.26538380378154552
p 1.3735396690756823 -0.93972383605373677 -0.37049248789037198
p 1.4638994136741954 -1.0246941844633122 -0.45231290660641366
p 1.6043827793168095 -1.039264233881541 -0.49211868570887141
p 1.7343260777136758 -0.96757474060426651 -0.49980320248982252
p 1.8270062815663184 -0.85028047685536512 -0.4997696980195917
p 1.8819292834457375 -0.710983558944285 -0.49986181515712497
p 1.9000000000000001 -0.56224163434446761 -0.4996555124592903
L open 0 1
p 1.9000000000000001 -0.56224163434446761 -0.4996555124592903
p 1.8987156616170302 -0.52174789233117158 -0.49904409549147699
p 1.8949020521262632 -0.4814122272376743 -0.49797981946553677
p 1.88863423215943 -0.44140308696472186 -0.49632987750607804
p 1.8800090594925338 -0.40187525953665759 -0.49395442610174833
p 1.8691456764158887 -0.36296944366736816 -0.4907096077873504
p 1.8561857905208266 -0.32481186828057335 -0.48645093783994497
p 1.8412937489030923 -0.28751396098445536 -0.48103705498894395
p 1.8246564057828838 -0.25117206550062565 -0.47433383614018287
p 1.8064827835416006 -0.21586720804743673 -0.46621887511399107
p 1.7870012866257201 -0.1816613520853472 -0.45658525624630519
p 1.7664517851360799 -0.14858907959778794 -0.44534286166978021
p 1.745086975801168 -0.11666669478886144 -0.43242363540360301
p 1.7231646329940902 -0.085886428641063522 -0.41778216513772004
p 1.7009432950645471 -0.056218135631809232 -0.40139723602847927
p 1.6786782352711473 -0.027611748993585601 -0.38327300986203322
p 1.6566174409703835 0 -0.36343970360194827
L open 0 1
p 1.6566174409703829 0 -0.36343970360194822
p 1.6027723502735622 0.066617589499901653 -0.30546306937924333
p 1.5550524438050295 0.12907213873438911 -0.23822618326236
p 1.515825285020278 0.18925375897983418 -0.16380637290208441
p 1.4865084106314512 0.24883949795053487 -0.084501343479412488
p 1.4678317572535078 0.30901219031156535 -0.0024910982920623628
p 1.4602796241863525 0.37035004835473556 0.080428416731203364
p 1.4646868046566226 0.43266733603041102 0.16282615907538173
p 1.4829689030333664 0.49466627770111782 0.24349293360574006
p 1.5191877819076318 0.55260681519186927 0.32090988306151202
p 1.5802812624949083 0.59589792454309332 0.39142916051465354
p 1.667038072675697 0.60052198007578161 0.44494052349975549
p 1.7537395257793829 0.55409994204069268 0.4734352766976595
p 1.8202334391250223 0.47643637194413807 0.48576774254894212
p 1.8654447692110083 0.38389530729057131 0.49080215308181085
p 1.8915381893068934 0.2840464488806772 0.49232796481357982
p 1.8999999999999999 0.18118398654971857 0.4915786487329582
L open 0 1
p 1.8999999999999999 0.18118398654971857 0.4915786487329582
p 1.8998975225024033 0.16970406757379874 0.49136204537330996
p 1.8995908537024164 0.15822834049486745 0.49111690091536697
p 1.8990811436141841 0.14676046904843004 0.49084233719717774
p 1.8983695532349187 0.13530408603784722 0.49053736516110691
p 1.8974572608155014 0.12386279248590266 0.49020088753924979
p 1.8963454681310807 0.11244015678637043 0.48983170153884514
p 1.8950354067516748 0.10103971385558208 0.48942850152768891
p 1.8935283443127715 0.089664964283994425 0.48898988171954844
p 1.8918255907859287 0.078319373487756833 0.48851433885957551
p 1.8899285047493748 0.067006370860278414 0.4880002749097202
p 1.8878384996586095 0.055729348923795725 0.48744599973414465
p 1.8855570501170043 0.044491662480939963 0.4868497337846367
p 1.8830856981464021 0.033296627766304467 0.48620961078602315
p 1.8804260594577196 0.022147521598012067 0.48552368042158389
p 1.8775798297215454 0.011047580529282551 0.48478991101846519
p 1.8745487908387433 0 0.48400619223309382
tc_tilted done 13 0
L open 0 1
p 3.4819347291981715 2.2399999999999998 2.8200000000000003
p 3.4818144788707976 2.247129501263212 2.8299206183894889
p 3.4814544709382695 2.2538468716089977 2.84011960183734
p 3.4808569532271152 2.2601385690991878 2.8505747425391985
p 3.4800256104565745 2.2659930216532658 2.8612638770444674
p 3.4789654760870858 2.2714004659533429 2.8721649463537084
p 3.4776828495521661 2.2763527970505972 2.8832560509510858
p 3.4761852188736722 2.2808434286731991 2.894515500771881
p 3.4744811886604641 2.2848671642357075 2.9059218601050576
p 3.4725804134904528 2.2884200785499385 2.9174539874308891
p 3.4704935366760408 2.2914994102373134 2.9290910701936377
p 3.4682321344129519 2.2941034648426779 2.9408126545093003
p 3.4658086653124549 2.2962315286496011 2.9525986698084039
p 3.4632364253169756 2.297883793197145 2.9644294484138651
p 3.4605295079990945 2.2990612904981091 2.9762857400539029
p 3.4577027702439516 2.2997658389587552 2.9881487213100137
p 3.4547718033150243 2.2999999999999998 3
L open 0 1
p 3.4547718033150252 2.3000000000000003 3
p 3.4503520215079573 2.2995067314477193 3.0171960629210259
p 3.4457920482888467 2.2980328271352928 3.0342992497653993
p 3.4411439686429439 2.2955870751059182 3.051266869609826
p 3.4364620929845802 2.2921780270841201 3.0680587966630282
p 3.4318013477923448 2.2878117651834744 3.0846426885246574
p 3.4272212598021525 2.2824945081539614 3.1009794660124443
p 3.4227850582506609 2.276233789111537 3.1170251965681008
p 3.4185585451278575 2.2690387041058502 3.1327334820186006
p 3.4146091922215809 2.26092052827634 3.1480556499637777
p 3.4110048530350614 2.2518933577781839 3.1629408873593872
p 3.407812128121809 2.2419748280457386 3.1773363560989187
p 3.4050944223821014 2.2311869589610875 3.1911873303974323
p 3.4029097328654547 2.2195571774953873 3.2044373957807526
p 3.4013082056232955 2.207119568390596 3.2170287494832803
p 3.4003295001562064 2.1939164034492613 3.2289026420577116
p 3.4000000000000004 2.1799999999999997 3.2399999999999993
L open 0 1
p -1.4819347291981715 2.2400000000000002 2.8199999999999998
p -1.4818144788707979 2.2471295012632124 2.8299206183894889
p -1.4814544709382695 2.2538468716089981 2.84011960183734
p -1.4808569532271152 2.2601385690991873 2.8505747425391981
p -1.4800256104565743 2.2659930216532658 2.8612638770444674
p -1.4789654760870865 2.2714004659533424 2.8721649463537084
p -1.4776828495521666 2.2763527970505963 2.8832560509510854
p -1.4761852188736726 2.2808434286731991 2.894515500771881
p -1.4744811886604643 2.2848671642357079 2.9059218601050585
p -1.472580413490453 2.2884200785499389 2.9174539874308891
p -1.4704935366760412 2.2914994102373134 2.9290910701936381
p -1.4682321344129525 2.2941034648426779 2.9408126545093003
p -1.4658086653124558 2.2962315286496007 2.9525986698084039
p -1.4632364253169752 2.2978837931971445 2.9644294484138651
p -1.4605295079990948 2.2990612904981087 2.9762857400539029
p -1.4577027702439525 2.2997658389587547 2.9881487213100137
p -1.4547718033150245 2.2999999999999998 3
L open 0 1
p -1.4547718033150245 2.3000000000000003 3
p -1.4425937191551741 2.2964501708420491 3.04601423800435
p -1.4300577066584488 2.2859137773993079 3.0908477675325301
p -1.4182972581627582 2.2685476108508231 3.1337242795277023
p -1.4085663808722182 2.2445309511584237 3.1737947172736192
p -1.4021291484892355 2.214170726212306 3.2100735509243794
p -1.400005525243502 2.1781509901121394 3.2413756952575676
p -1.4025712565289705 2.1376697074494477 3.2665465269206435
p -1.4093838262957341 2.0940626062321943 3.2848722972926181
p -1.4193730024865334 2.0487262783577989 3.2960164691615041
p -1.4312482349250968 2.0027224117007285 3.2999876471278276
p -1.4437836486410283 1.9568253716190713 3.2968769979383392
p -1.4558607951706946 1.9118271705936933 3.2867499826470667
p -1.4664904603997557 1.868584212546728 3.2696848161832839
p -1.4748085763937224 1.8281019623647774 3.2458679709871365
p -1.4801115944054808 1.791529395043947 3.2157313362749411
p -1.4819347291981713 1.7600000000000002 3.1799999999999997
L open 0 1
p 3.4819347291981719 1.7599999999999998 3.1800000000000002
p 3.4812123113384308 1.7791524198863291 3.2030426508633476
p 3.47907151368178 1.8004565598785547 3.2240143728541519
p 3.4755889296765194 1.8236406032155279 3.2426877665329092
p 3.4708861145257073 1.8484176031291828 3.2588875466513927
p 3.4651236555560514 1.8744945233890313 3.2724855499513947
p 3.4584903468974808 1.9016012445018007 3.2834037504491684
p 3.4511981800776454 1.9294901188698175 3.2915962193826571
p 3.4434804772723382 1.9579322681072546 3.2970358705741352
p 3.4355891801042917 1.9867209888046597 3.2997059667516311
p 3.4277908087270177 2.0156816434116669 3.2995898616886135
p 3.4203803173169307 2.044613981201004 3.2966641121028415
p 3.4136750733321559 2.0732887413891627 3.2909102218998489
p 3.4079995750302987 2.1014536964963773 3.2823245432331287
p 3.4036637019125378 2.1288325807954465 3.2709283504776456
p 3.4009340707498001 2.1551238200046439 3.2567812138598597
p 3.3999999999999964 2.1800000000000028 3.2400000000000042
L open 0 1
p 2.6000000000000045 2.1800000000000033 3.2400000000000051
p 2.594241187431038 2.1275979646483685 3.2715120140645704
p 2.5786992131039539 2.0715204055214893 3.2913500451029392
p 2.5570562556437002 2.0145852961240589 3.2996452348218761
p 2.5328623063887243 1.9581292393185517 3.2970637027045107
p 2.5091510631833258 1.9029686008673063 3.2838748172957608
p 2.4887979123384585 1.8501695746133549 3.2599054581929243
p 2.4747647907756267 1.8016002827428219 3.2250278825232463
p 2.4696938659565943 1.7600732078435799 3.1800975686004835
p 2.4747255147919005 1.7285238548747504 3.1276741931471488
p 2.4887278827112205 1.7085936664012054 3.0712906170232754
p 2.5090621405371971 1.700321778534637 3.0138912652835304
p 2.5327661463882545 1.703063254886056 2.9572381899778182
p 2.5569870378462936 1.7163697109629803 2.9022561680688277
p 2.5786872789722817 1.7403114890623461 2.8497938831230409
p 2.594226801607352 1.7750243787230344 2.8015410026462568
p 2.6000000000000045 1.8199999999999963 2.7599999999999953
L open 0 1
p 3.399999999999995 1.8199999999999961 2.7599999999999949
p 3.4009335407854766 1.7969310927336946 2.7791765152506556
p 3.40366212645226 1.7759906692055705 2.800450943351418
p 3.4079967906642428 1.7573850485043769 2.8235404144329008
p 3.4136708973711776 1.7412569679425145 2.8481710178397859
p 3.4203744807206968 1.7277044154924783 2.8740828931972406
p 3.4277831448333207 1.7167941756514762 2.9010330353922682
p 3.4355799717744726 1.7085721595687873 2.9287973859578109
p 3.4434705417293046 1.7030718320239175 2.9571787026627399
p 3.4511878113966694 1.7003267177327026 2.9860027241848197
p 3.4584799400242332 1.7003785703843128 3.0150664849997777
p 3.4651161725764186 1.7032671233103585 3.0441544026708929
p 3.4708825367503575 1.7090199808701261 3.0730111105663771
p 3.4755868977173252 1.7176341316579133 3.1013386120632105
p 3.4790703562451459 1.7290688508812302 3.1288267103885667
p 3.4812119794725134 1.7432380433538004 3.155155685530624
p 3.4819347291981719 1.7599999999999998 3.1800000000000002
L open 0 1
p -1.4819347291981713 1.7600000000000002 3.1799999999999997
p -1.4790684993649881 1.7290603808281315 3.1288089535953301
p -1.4708748986137254 1.7090095765512701 3.0729695719558725
p -1.4584679688903242 1.7003760696458969 3.0150166975140262
p -1.443447029148019 1.703084210560492 2.9570929322987727
p -1.4277568683148167 1.7168270642595556 2.9009389693807632
p -1.4136569648725961 1.7412901603002755 2.8481144326403962
p -1.4036521110093958 1.7760461267410528 2.8003887236166736
p -1.4000000097563678 1.8201059299869429 2.7599205854100872
p -1.4036793083093713 1.8712850179865081 2.7290157676091447
p -1.4137232237939128 1.9269305084975283 2.7090346284203251
p -1.4278248246137066 1.9844471197504334 2.7004034251248852
p -1.4434999732938663 2.0421388789655448 2.7029742177026885
p -1.4584999186370138 2.098436421019839 2.7166093312566479
p -1.4708923937991749 2.151612788652367 2.7411302310722965
p -1.4790730233095166 2.1995553865832678 2.7759963035495092
p -1.4819347291981713 2.2400000000000002 2.8199999999999998
L open 0 1
p 3.4819347291981719 2.2399999999999998 2.8200000000000003
p 3.4812123113384299 2.2208475801136736 2.7969573491366546
p 3.47907151368178 2.1995434401214506 2.775985627145853
p 3.475588929676519 2.176359396784481 2.7573122334670987
p 3.4708861145257086 2.1515823968708285 2.7411124533486149
p 3.4651236555560549 2.1255054766109831 2.7275144500486124
p 3.4584903468974844 2.0983987554982146 2.7165962495508369
p 3.4511981800776521 2.0705098811301985 2.7084037806173451
p 3.4434804772723426 2.0420677318927618 2.7029641294258671
p 3.4355891801042975 2.0132790111953591 2.7002940332483703
p 3.427790808727023 1.9843183565883473 2.7004101383113865
p 3.4203803173169334 1.9553860187990089 2.7033358878971563
p 3.4136750733321577 1.9267112586108461 2.7090897781001497
p 3.4079995750303018 1.8985463035036285 2.7176754567668704
p 3.4036637019125378 1.8711674192045593 2.7290716495223508
p 3.4009340707497997 1.8448761799953597 2.7432187861401376
p 3.3999999999999995 1.8199999999999998 2.7599999999999998
L open 0 1
p 2.6000000000000001 1.8199999999999998 2.7599999999999998
p 2.5971136048088184 1.8562786039525752 2.7366671882308493
p 2.5889275419619677 1.8948851104267721 2.7190180699170234
p 2.5765833380839651 1.9346320592147834 2.7072081810789301
p 2.5614442468994918 1.9746563781172264 2.7010724125793226
p 2.5447493330369211 2.0145227405842441 2.7003517169325812
p 2.5275939798606721 2.053940897363284 2.7048892026168989
p 2.51098498235101 2.0926347619084744 2.7146601954462097
p 2.4959148883489615 2.130232906958442 2.7297420019315348
p 2.4834090380168821 2.1661724100323254 2.7502266467230925
p 2.4744986397845055 2.199636106175749 2.7760682668789483
p 2.4700750730331467 2.2295845073714933 2.8068913520598522
p 2.4706465980854375 2.2549379887481966 2.8418651777947894
p 2.4761447932601843 2.2748681038439678 2.8798021422659317
p 2.4859507079045819 2.2889811363863042 2.9194400507096105
p 2.4991239339587752 2.2972874162196479 2.9597484284356281
p 2.5146271467425585 2.2999999999999998 3
L open 0 1
p 2.5146271467425585 2.2999999999999998 3
p 2.5216423091070927 2.2995235959983065 3.0169005880705657
p 2.5288162856463021 2.2981036582838672 3.0336781414305967
p 2.5360803251972799 2.2957489956028385 3.050324177847783
p 2.5433613986723582 2.2924631149292001 3.0668230131777596
p 2.5505817201259164 2.2882458295561761 3.0831525268118107
p 2.5576585142126609 2.2830945861029992 3.0992847796097034
p 2.5645040664564185 2.277005568149038 3.1151864787817001
p 2.5710260975093528 2.269974644261235 3.1308192929981677
p 2.5771285073423678 2.2619982382347503 3.1461400298195628
p 2.5827125400682558 2.2530742094206548 3.1611006963539596
p 2.5876784248600506 2.2432028410684501 3.1756484728636933
p 2.5919275531878299 2.2323880446651483 3.1897256378570256
p 2.5953652573580963 2.220638898306559 3.2032694920151634
p 2.5979042601006785 2.2079716471904214 3.2162123371193099
p 2.5994688697089501 2.194412304374906 3.2284815749568341
p 2.5999999999999992 2.1799999999999993 3.2399999999999993
L open 0 1
p -0.59099396249437386 2.2350264809116198 3.1864471862761703
p -0.58779433628099487 2.2429427129694322 3.1760080698474171
p -0.58420960639635688 2.250329911711459 3.1653328135096017
p -0.58027964010334387 2.2571921769612451 3.1544415298740489
p -0.57604409545960622 2.2635335731572916 3.1433529026888638
p -0.57154211974728508 2.2693580158565383 3.1320842778415576
p -0.56681210392206383 2.274669176016582 3.1206517372066402
p -0.56189148988107462 2.2794703950360216 3.1090701547099049
p -0.55681662734921389 2.2837646035323402 3.0973532339811047
p -0.55162267718340119 2.2875542368367263 3.0855135269667411
p -0.54634355789432698 2.2908411401852273 3.073562432874672
p -0.54101193218523114 2.2936264565856481 3.0615101768222508
p -0.53565923030725249 2.2959104903395904 3.0493657675597179
p -0.53031570703089548 2.2976925391990393 3.037136933640542
p -0.52501052903315049 2.298970688136893 3.0248300374104384
p -0.51977188949981579 2.2997415577108407 3.0124499661867619
p -0.51462714674255849 2.2999999999999998 3
L open 0 1
p -0.51462714674255849 2.3000000000000003 3
p -0.4801826738605145 2.2821035546075423 2.8979335715048014
p -0.47024392651071711 2.2273986457648767 2.8043220671267823
p -0.49076523431101232 2.1442322319299452 2.7369466507253759
p -0.53025853217923347 2.0478334376561773 2.7038379382086153
p -0.57219664440631912 1.9468491557007772 2.7047458946346161
p -0.59829053707152891 1.8475755106268152 2.7416073324141239
p -0.59119014043597806 1.7655133656891326 2.8128743183650653
p -0.55633674514266751 1.7158606737573978 2.9037459571029793
p -0.51349254161719582 1.7000129987431589 3.0027926983139062
p -0.47958178005771956 1.7188083384982791 3.1045525994266132
p -0.47038260915861835 1.7741722515812 3.1974887994993706
p -0.49139202231199397 1.8575189037056421 3.2640059420324699
p -0.53096260375382842 1.9537791330018845 3.2964180081068615
p -0.57269407937585071 2.0545045240441535 3.2950072138244137
p -0.59840573378940332 2.1534075212383414 3.2578102634530892
p -0.59099396249437397 2.2350264809116198 3.1864471862761699
tc_miss done 0 0
tc_tangent_hole done 0 0
tc_tangent_outer done 0 0
tc_tangent_over done 0 0
tc_saddle done 4 0
L open 0 1
p 2.166666666666667 1.247219128924647 0
p 2.1549887857100227 1.2393369380455233 0.11770924378971943
p 2.1210162340848706 1.2154783164101999 0.22874811543701376
p 2.0678512327767309 1.1752015476969033 0.32674514991271808
p 2.0004255647858353 1.1184144939329463 0.40598830778070216
p 1.9250426416548094 1.0461676236809847 0.46210237900390816
p 1.8483979779757798 0.96115180242912512 0.49300218820006425
p 1.7761578756975234 0.8673006715337005 0.49945213608413574
p 1.7119139249636153 0.76865744850796935 0.48452345405435171
p 1.6571487647720882 0.66839400882778388 0.45229881531537475
p 1.6119218248027143 0.56854110456950191 0.40677221439818134
p 1.5755583641102409 0.47007022809182614 0.35127904519910974
p 1.5472085113781926 0.37335893329746689 0.28848736859358087
p 1.5260491837129422 0.27833252241537243 0.22045379226889511
p 1.5114171999146491 0.18471938478163469 0.14882733688347113
p 1.502830309399489 0.092102705310047564 0.07495363949992867
p 1.5 0 0
L open 0 1
p 2.1666666666666661 -1.2472191289246479 0
p 2.1549887857100343 -1.2393369380455292 0.1177092437896652
p 2.121016234084911 -1.2154783164102319 0.22874811543691598
p 2.0678512327768077 -1.1752015476969639 0.32674514991260706
p 2.000425564785937 -1.1184144939330358 0.40598830778060674
p 1.9250426416549207 -1.0461676236810995 0.46210237900384488
p 1.8483979779758835 -0.96115180242924891 0.49300218820003916
p 1.7761578756976146 -0.86730067153383039 0.49945213608414218
p 1.7119139249636917 -0.76865744850809647 0.48452345405438318
p 1.6571487647721415 -0.6683940088278898 0.45229881531541655
p 1.6119218248027354 -0.5685411045695532 0.40677221439820821
p 1.5755583641102429 -0.47007022809183074 0.35127904519911235
p 1.5472085113781819 -0.37335893329742553 0.28848736859355245
p 1.5260491837129353 -0.27833252241533862 0.22045379226886813
p 1.511417199914646 -0.18471938478160851 0.1488273368834519
p 1.5028303093994886 -0.092102705310037461 0.074953639499919844
p 1.5 0 0
L open 0 1
p 2.1666666666666661 -1.2472191289246479 0
p 2.1549887857100423 -1.2393369380455346 -0.11770924378962697
p 2.1210162340849408 -1.2154783164102534 -0.22874811543684642
p 2.067851232776869 -1.1752015476970126 -0.32674514991251724
p 2.0004255647860338 -1.1184144939331233 -0.40598830778051576
p 1.9250426416550415 -1.0461676236812227 -0.46210237900377688
p 1.8483979779760149 -0.96115180242940679 -0.49300218820000691
p 1.7761578756977541 -0.86730067153402624 -0.49945213608415229
p 1.7119139249638171 -0.76865744850830631 -0.48452345405443392
p 1.65714876477225 -0.66839400882810673 -0.45229881531550165
p 1.611921824802824 -0.56854110456977114 -0.40677221439832001
p 1.5755583641103146 -0.47007022809204757 -0.35127904519924469
p 1.5472085113782377 -0.37335893329764458 -0.28848736859370228
p 1.5260491837129671 -0.27833252241550466 -0.22045379226899453
p 1.5114171999146593 -0.18471938478171734 -0.14882733688353472
p 1.5028303093994917 -0.092102705310092736 -0.074953639499967334
p 1.5 0 0
L open 0 1
p 2.1666666666666665 1.2472191289246473 0
p 2.1549887857100405 1.239336938045533 -0.11770924378963597
p 2.1210162340849323 1.2154783164102489 -0.22874811543686163
p 2.0678512327768521 1.1752015476969992 -0.32674514991254167
p 2.000425564786005 1.1184144939330976 -0.40598830778054323
p 1.9250426416550086 1.0461676236811897 -0.46210237900379525
p 1.84839797797598 0.96115180242936504 -0.4930021882000154
p 1.776157875697747 0.8673006715340158 -0.49945213608415173
p 1.711913924963818 0.76865744850830886 -0.48452345405443442
p 1.657148764772258 0.66839400882812372 -0.45229881531550847
p 1.6119218248028324 0.56854110456979068 -0.40677221439832995
p 1.5755583641103219 0.4700702280920705 -0.35127904519925868
p 1.5472085113782441 0.37335893329766739 -0.28848736859371849
p 1.5260491837129697 0.2783325224155207 -0.22045379226900474
p 1.5114171999146613 0.18471938478173128 -0.14882733688354749
p 1.5028303093994921 0.0921027053100964 -0.074953639499967945
p 1.5 0 0
tc_near_outer_in done 4 0
L open 0 1
p 2.499999727521494 0.00116721568550562 0
p 2.4999997191759777 0.0011602190042783796 0.00010631631495382763
p 2.4999996953869177 0.0011397850419087765 0.00020996647983997577
p 2.4999996582435919 0.0011068069033053933 0.00030972961864673011
p 2.4999996100719311 0.0010622445150812818 0.00040457323084989246
p 2.4999995533669557 0.0010071098477838823 0.00049363860491609618
p 2.4999994907251977 0.00094245213812493638 0.00057622623180612095
p 2.4999994247771333 0.0008693431112104025 0.00065178121847820638
p 2.4999993581196085 0.00078886220277037231 0.00071987870139136791
p 2.4999992932482686 0.00070208178138898532 0.00078020926000871142
p 2.4999992324899836 0.00061005237073434452 0.00083256433030074687
p 2.4999991779352806 0.00051378787178843173 0.00087682161824870447
p 2.4999991313707692 0.00041425078507702283 0.00091293051334784801
p 2.4999990942115673 0.0003123374328996032 0.00094089750211079077
p 2.4999990674337362 0.00020886318155928317 0.00096077158157080943
p 2.499999051506701 0.00010454766359271336 0.00097262967278515878
p 2.4999990463256836 0 0.000976562034338387
L open 0 1
p 2.499999727521494 -0.0011672156855059054 0
p 2.4999997191759777 -0.0011602190042800532 0.00010631631495484583
p 2.4999996953869177 -0.0011397850419135366 0.00020996647984473503
p 2.4999996582435919 -0.0011068069033136532 0.00030972961865701116
p 2.4999996100719315 -0.0010622445150925695 0.00040457323086656103
p 2.4999995533669557 -0.0010071098477971855 0.00049363860493916052
p 2.4999994907251977 -0.00094245213813899426 0.00057622623183482087
p 2.4999994247771333 -0.00086934311122394549 0.00065178121851113381
p 2.4999993581196085 -0.00078886220278230742 0.00071987870142661804
p 2.4999992932482686 -0.00070208178139852923 0.00078020926004406465
p 2.4999992324899836 -0.00061005237074110148 0.00083256433033388334
p 2.4999991779352806 -0.00051378787179242008 0.00087682161827744775
p 2.4999991313707692 -0.00041425078507864767 0.00091293051337044137
p 2.4999990942115673 -0.00031233743289957512 0.00094089750212620401
p 2.4999990674337362 -0.00020886318155848395 0.0009607715815790768
p 2.499999051506701 -0.0001045476635920092 0.00097262967278774872
p 2.4999990463256836 0 0.00097656203433860167
L open 0 1
p 2.4999990463256836 0 -0.00097656203433850951
p 2.4999990518331852 -0.0001048372245893854 -0.00097262036925283002
p 2.4999990682520359 -0.00020932703012300377 -0.00096073933370005983
p 2.4999990952651743 -0.00031283603618208558 -0.00094083949449934876
p 2.4999991322875634 -0.00041465992237101491 -0.00091285673842580691
p 2.4999991784173798 -0.00051402189274155411 -0.00087675412992539086
p 2.4999992324074651 -0.00061007389016288821 -0.00083253427267917005
p 2.4999992926570256 -0.00070190056063748965 -0.00078025217501699064
p 2.4999993572235724 -0.00078852596756280244 -0.00072002861918051952
p 2.4999994238551229 -0.00086892305593874654 -0.00065206403443568265
p 2.4999994900426477 -0.00094202586652104251 -0.00057665287403448886
p 2.4999995530927634 -0.0010067444999203546 -0.0004941984960262426
p 2.4999996102206854 -0.0010619828306472567 -0.00040522854791814585
p 2.4999996586634152 -0.001106658971103015 -0.0003104108551852875
p 2.4999996958131967 -0.0011397284855161932 -0.00021056981363002172
p 2.4999997193712047 -0.0011602103538250735 -0.00010670328559073486
p 2.499999727521494 -0.0011672156855059054 0
L open 0 1
p 2.499999727521494 0.001167215685505293 0
p 2.4999997191759777 0.0011602190042780377 -0.00010631631495368137
p 2.4999996953869177 0.00113978504190841 -0.00020996647983980636
p 2.4999996582435919 0.0011068069033050123 -0.00030972961864660043
p 2.4999996100719311 0.0010622445150809086 -0.00040457323084982339
p 2.4999995533669557 0.0010071098477835425 -0.00049363860491608187
p 2.4999994907251977 0.00094245213812465124 -0.0005762262318061409
p 2.4999994247771333 0.00086934311121018674 -0.00065178121847823652
p 2.4999993581196085 0.00078886220277023028 -0.00071987870139138786
p 2.4999992932482686 0.00070208178138891062 -0.00078020926000870925
p 2.4999992324899836 0.00061005237073432099 -0.00083256433030072237
p 2.4999991779352806 0.00051378787178843629 -0.00087682161824866782
p 2.4999991313707692 0.00041425078507703053 -0.00091293051334781852
p 2.4999990942115673 0.00031233743289959376 -0.00094089750211079066
p 2.4999990674337362 0.00020886318155924929 -0.00096077158157085627
p 2.499999051506701 0.00010454766359267087 -0.00097262967278525603
p 2.4999990463256836 0 -0.00097656203433850951
tc_near_outer_out done 0 0
tc_near_over done 3 0
L open 0 1
p 2.0009765620343778 0 0.49999904632568354
p 2.000958338151432 -0.00018773661913850721 0.49999908163139373
p 2.0009043390647774 -0.00036848788799350167 0.49999918204077243
p 2.0008165490500214 -0.00053553945997974811 0.49999933307978028
p 2.0006974532275899 -0.00068339186583400062 0.49999951337466692
p 2.0005491622671379 -0.00080740367010205777 0.49999969822291013
p 2.0003790372198931 -0.00089994395107245977 0.49999985619246023
p 2.0001947948924501 -0.00095689511163905632 0.49999996197884611
p 2.0000039354285515 -0.00097654240361841793 0.49999999998069422
p 1.9998136715756312 -0.00095866925696735884 0.49999996536504321
p 1.9996308687295343 -0.00090420272883951131 0.49999986389332446
p 1.9994620271032171 -0.00081511907342590815 0.49999971075852223
p 1.9993132915321759 -0.00069444047584217485 0.49999952859457508
p 1.9991904285963029 -0.0005462750356425701 0.49999934472965318
p 1.9990986649048377 -0.00037597312785876729 0.49999918766551044
p 1.9990422345579604 -0.00019059431177889156 0.49999908267565596
p 1.9990234379656509 0 0.49999904632568359
L open 0 1
p 1.9990234379656509 0 0.49999904632568359
p 1.9990415007908129 0.00018700227681343591 0.49999908129932413
p 1.9990950372257947 0.00036711938336723255 0.49999918109053904
p 1.9991827591731584 0.00053464868708419139 0.49999933221908571
p 1.9993042622954347 0.00068537784405285423 0.49999951609791798
p 1.999453686943184 0.00080960627890308643 0.49999970172571623
p 1.9996238967440501 0.00090133579168952998 0.49999985870175345
p 1.9998075831507924 0.00095744476118963542 0.49999996306870043
p 1.9999975596213355 0.0009765487762557765 0.50000000000987077
p 2.0001869044418381 0.00095847773507181343 0.49999996498575783
p 2.0003689883467248 0.00090409116396504888 0.49999986367222676
p 2.0005374382951189 0.0008152449158844203 0.49999971095382501
p 2.0006861039687172 0.00069481381711570406 0.49999952911677803
p 2.0008091087616164 0.00054676623926437791 0.49999934527732892
p 2.0009010822382303 0.00037637798199674038 0.49999918797219639
p 2.0009576862408944 0.00019076426048975165 0.49999908272900784
p 2.0009765620343778 0 0.49999904632568354
L closed 0 1
p -1.9990236956459493 -2.2437979213410812e-05 0.4999990468291457
p -1.9991053319215109 -0.00039156179941110325 0.49999919964171979
p -1.9993210668937809 -0.00070205313950708493 0.49999953921004214
p -1.9996386935989734 -0.00090735503374726994 0.49999986960800358
p -2.0000110291664286 -0.00097649329390251934 0.49999999987699101
p -2.0003821319859161 -0.00089860279691167291 0.49999985385814549
p -2.0006963774274911 -0.0006845268000064184 0.49999951484037874
p -2.0009047231476873 -0.00036753131513157761 0.49999918146357036
p -2.0009765485836066 5.6140435045466287e-06 0.49999904633158943
p -2.0009003488109802 0.00037812153327710442 0.49999918929978654
p -2.0006841506411979 0.00069672989530039273 0.49999953175407674
p -2.0003601278259717 0.00090766769782304243 0.49999987017485009
p -1.9999846663432863 0.00097643357287533969 0.49999999977668508
p -1.9996139508205837 0.00089710555633815874 0.49999985110113798
p -1.9993001965959321 0.00068124551703489464 0.49999951045200836
p -1.9990911587118068 0.00035740102307140446 0.49999917404161565
p -1.9990236956459495 -2.2437979213410812e-05 0.49999904682914559
tc_near_saddle_wide done 2 0
L closed 0 1
p 2.1666661898293569 1.2472199572851361 0
p 2.1536023173693417 1.2383916270715014 0.1244138092585767
p 2.1157387981914031 1.2116455689982193 0.2409350327858536
p 2.0569490191033974 1.1664723411552944 0.34206833873598608
p 1.9833486457926512 1.1029156580473418 0.42122834908939766
p 1.9025995633958122 1.0226021333301247 0.47370876948546137
p 1.8224549936663861 0.92918815071171967 0.497910619792031
p 1.7489106102493963 0.82751325214340132 0.4957312434172817
p 1.6852235452063655 0.72205658929048266 0.47142696787114313
p 1.632381789230638 0.61613579466811297 0.42996288900401203
p 1.5898991606178814 0.51148652754375235 0.37576367508776387
p 1.5567209689045263 0.4085933466123351 0.31220275102413281
p 1.5318834932558425 0.30763086740287415 0.24200216436919769
p 1.5145517883057389 0.20843826774774443 0.16732160884756955
p 1.5040742680356709 0.1104944138335914 0.089785224581467732
p 1.5000613353917944 0.014002070932052279 0.011034544074211183
p 2.1666661898293569 1.2472199572851366 0
L closed 0 1
p 2.1666661898293564 -1.247219957285137 0
p 2.1536023180457597 -1.2383916275338103 0.12441380607907387
p 2.1157388007594431 -1.2116455708723786 0.24093502703990316
p 2.0569490243814608 -1.1664723454224197 0.34206833159727823
p 1.9833486539941498 -1.1029156656073855 0.42122834215580368
p 1.9025995740560462 -1.0226021447701021 0.47370876448461896
p 1.8224550058278823 -0.92918816612378796 0.49791061815642734
p 1.7489106228489921 -0.82751327119230023 0.49573124598657786
p 1.6852235573871188 -0.72205661147013178 0.47142697491493823
p 1.6323818003891601 -0.6161358194363582 0.42996290039213808
p 1.5898991704519361 -0.51148655465493142 0.37576369059379278
p 1.556720977192916 -0.40859337588952033 0.31220277035070176
p 1.531883499822992 -0.30763089874347688 0.24200218716621819
p 1.5145517929950465 -0.20843830116640641 0.16732163475950723
p 1.5040742706707171 -0.11049444950793445 0.089785253297026746
p 1.5000613356935513 -0.014002105168769909 0.011034571288355138
p 2.1666661898293564 -1.247219957285137 0
tc_near_saddle_narrow done 4 0
L open 0 1
p 2.1666671435036733 1.2472183005639523 0
p 2.15487411728297 1.2392575921094893 0.1182814460296609
p 2.1205771701301277 1.2151595053844695 0.22979361057790576
p 2.0669393919726171 1.1744764979569378 0.32807362155809633
p 1.9989866052620895 1.1171254923170197 0.40733671107859459
p 1.9231324067272093 1.0441998576476059 0.46317545779221236
p 1.8461633833254485 0.95846659012632174 0.49353599367338613
p 1.7737817197756343 0.86393626398108803 0.49926989834244889
p 1.7095586974083949 0.76469496529907643 0.48354740492655879
p 1.6549310151517036 0.66391758437609516 0.45052318330923707
p 1.6099102234622489 0.56360230218090257 0.40422202043821898
p 1.5738053977827253 0.46472152746201728 0.3480053659274418
p 1.5457450564522348 0.36761351905490269 0.28453767570620248
p 1.524906895240898 0.27220850516616224 0.21589327626664337
p 1.5106240678786691 0.17820345645195382 0.143713762064966
p 1.5024211187988141 0.08517413485037624 0.069355118125782461
p 1.5000009536743164 0 0.0009765620343386703
L open 0 1
p 2.1666671435036728 -1.2472183005639532 0
p 2.1548741172830201 -1.2392575921095235 0.11828144602940255
p 2.1205771701303289 -1.2151595053846163 0.22979361057743133
p 2.0669393919730612 -1.1744764979572917 0.32807362155744979
p 1.998986605262846 -1.1171254923176959 0.40733671107788988
p 1.9231324067282425 -1.0441998576486713 0.46317545779163616
p 1.8461633833266828 -0.95846659012780822 0.49353599367309675
p 1.7737817197769752 -0.86393626398299128 0.49926989834255903
p 1.7095586974097006 -0.76469496530128067 0.48354740492710946
p 1.6549310151529255 -0.66391758437857462 0.45052318331022878
p 1.6099102234633715 -0.56360230218366958 0.40422202043965527
p 1.5738053977837141 -0.46472152746505252 0.34800536592930637
p 1.5457450564530715 -0.36761351905821293 0.28453767570848498
p 1.5249068952415694 -0.27220850516980288 0.215893276269361
p 1.5106240678791454 -0.178203456455927 0.14371376206809033
p 1.5024211187990588 -0.085174134854691982 0.069355118129275389
p 1.5000009536743164 0 0.0009765620343386703
L open 0 1
p 1.5000009536743164 0 -0.00097656203433854616
p 1.5011011261170015 -0.057439557167208687 -0.046849217465546919
p 1.5077373132821117 -0.15214857954296693 -0.12311643005563425
p 1.5205735794585262 -0.24757750671551637 -0.19735438583416032
p 1.5400691483495219 -0.34438210295891286 -0.26833503470005637
p 1.5668928272849807 -0.44294580202368983 -0.33442126215076423
p 1.6018592452676081 -0.54332269946678058 -0.39347699491560911
p 1.6458826013788967 -0.64526213861125592 -0.4428389043956677
p 1.6998737381423532 -0.74811017970558913 -0.47917828420972908
p 1.7639537367007416 -0.84981572522239401 -0.49823191424028657
p 1.8368652214122416 -0.94716135153038161 -0.49553310667569284
p 1.9151381385410597 -1.0358918293786878 -0.46749243800674145
p 1.9929354792931202 -1.1116736414615507 -0.41287450595507541
p 2.063090963425362 -1.171408811770303 -0.33358244660156877
p 2.1187189126569494 -1.213812498595001 -0.23415084874161546
p 2.1543867065339639 -1.2389250562534957 -0.12067210851105144
p 2.1666671435036728 -1.2472183005639532 0
L open 0 1
p 2.1666671435036728 1.2472183005639528 0
p 2.154874117283021 1.2392575921095248 -0.11828144602940158
p 2.1205771701303302 1.2151595053846143 -0.22979361057743544
p 2.0669393919730394 1.1744764979572744 -0.32807362155748243
p 1.9989866052627727 1.1171254923176319 -0.40733671107795733
p 1.9231324067281348 1.0441998576485605 -0.46317545779169633
p 1.8461633833265569 0.95846659012765656 -0.49353599367312628
p 1.7737817197768375 0.86393626398279577 -0.49926989834254737
p 1.7095586974095838 0.76469496530108216 -0.48354740492705994
p 1.654931015152824 0.66391758437836612 -0.45052318331014513
p 1.6099102234632794 0.56360230218344365 -0.40422202043953814
p 1.5738053977836317 0.46472152746480078 -0.3480053659291521
p 1.5457450564529982 0.36761351905792461 -0.28453767570828642
p 1.5249068952415015 0.27220850516943412 -0.21589327626908611
p 1.5106240678790921 0.17820345645548294 -0.1437137620677407
p 1.5024211187990295 0.085174134854167333 -0.069355118128851534
p 1.5000009536743164 0 -0.00097656203433854616
tk_skew done 10 0
L open 0 1
p 2.4979275054053627 0.10177513320720674 0
p 2.4978456989824354 0.10129281994382505 0.010065508046768715
p 2.4976027219689669 0.099847288509970086 0.020052487232835356
p 2.4972071341025908 0.097450335466305799 0.029855611299481628
p 2.4966734190981659 0.094124577108360197 0.039377048000629272
p 2.4960212208851349 0.089901516550789082 0.048525234237150772
p 2.4952745526735254 0.084820253752168201 0.057214124503917087
p 2.4944609620471621 0.078926666484374297 0.065362762223044629
p 2.4936106393264041 0.072272928479813384 0.072895066447933698
p 2.4927554604865367 0.064917269218951593 0.07973976933382021
p 2.4919279599617106 0.056923918049801091 0.085830482681693132
p 2.4911602327081299 0.048363213560211393 0.091105914773559199
p 2.4904827689439721 0.039311897353013159 0.095510301628167205
p 2.4899232290272986 0.029853649603259341 0.098994159717433139
p 2.4895051699770252 0.020079962006005404 0.10151551009493903
p 2.4892467391857913 0.010091481952268236 0.1030417667990062
p 2.4891593549173621 0 0.10355252530397488
L open 0 1
p -2.2611104874140171 1.0664798937187445 1.3060611881976696e-16
p -2.2527095516353315 1.0599388603484008 0.10138810427045103
p -2.2277388173437802 1.0409779062899323 0.19839641067292724
p -2.1868272346324136 1.0114925644342776 0.28700326175502289
p -2.1308584365118564 0.97440363128020535 0.36372608993887889
p -2.060917392870012 0.93346377290533655 0.42557444601559535
p -1.9785032701090399 0.89309602310307734 0.46994589607445175
p -1.8860893057111037 0.85802449831075078 0.49477637188498441
p -1.7875853463364451 0.8322544998415583 0.49920576565676444
p -1.6878113286028342 0.81763337306730677 0.48423330673588399
p -1.5910432608538454 0.81334469837298617 0.45230612916232832
p -1.5002004579995325 0.8168995989355019 0.40601625069698882
p -1.4173138185096308 0.82540737144778831 0.34713750917827135
p -1.3445697311177938 0.83617696047866374 0.27644033532679169
p -1.2853796011647862 0.84673072139025418 0.19408351267545981
p -1.2451856645473467 0.85462412136338228 0.10074568251335184
p -1.2306610467607408 0.85759745101402718 0
L open 0 1
p -1.2306610467607408 0.85759745101402718 0
p -1.2451854130882134 0.85462417232662502 -0.10074481525268922
p -1.2853787732435777 0.8467308784576415 -0.19408207747767653
p -1.3445681470133999 0.83617722338440059 -0.27643851733717167
p -1.4173113611174999 0.82540768763521144 -0.34713547235190656
p -1.5001971380125476 0.81689984577186436 -0.40601423937516645
p -1.5910392466813497 0.81334470278724202 -0.45230444598004205
p -1.6878058968030683 0.81763285437675459 -0.48423201215689859
p -1.7875818257290574 0.83225379081603923 -0.4992055593520287
p -1.8860886274955804 0.85802428191302904 -0.49477647202633679
p -1.9785029134038838 0.89309586978295363 -0.46994603348341718
p -2.0609170768796394 0.93346360141716078 -0.42557466736347915
p -2.1308582089188408 0.97440348847306202 -0.36372634105732465
p -2.186827109776698 1.011492477677026 -0.28700347467232534
p -2.2277387609900785 1.0409778644958361 -0.19839656875790962
p -2.2527095363669836 1.0599388486130454 -0.10138819391222403
p -2.2611104874140171 1.0664798937187445 1.1102230246251565e-16
L closed 0 1
p -2.2611104874140171 -1.066479893718745 0
p -2.2277363806623702 -1.0409760914425392 0.19840329464507753
p -2.1308491297611534 -0.97439778094747131 0.36373636782963215
p -1.9784838316690354 -0.89308751444948542 0.46995360417687276
p -1.787555890562069 -0.83224852682104122 0.49920411552773541
p -1.5910085638009679 -0.81334474115480171 0.45229158029558447
p -1.4172792303781794 -0.82541182036151717 0.34710884390910313
p -1.2853534167877736 -0.84673568875449934 0.19403807934265649
p -1.2306610480154829 -0.85759745078230964 2.8174558126639799e-05
p -1.2853250309212649 -0.84674107403927645 -0.19398881413216165
p -1.4172403652401455 -0.82541682035798691 -0.34707662897533093
p -1.5909680253544398 -0.81334479202092969 -0.45227457902470014
p -1.7875213597318367 -0.83224153082676988 -0.49920216987640581
p -1.9784630115022721 -0.89307840433643682 -0.46996185485731845
p -2.1308391046662662 -0.9743914794325903 -0.36374743805583754
p -2.2277337591334585 -1.0409741391063647 -0.1984106993875584
p -2.2611104874140171 -1.066479893718745 0
L open 0 1
p 2.4979275054053622 -0.10177513320720594 0
p 2.4978456989838471 -0.10129281994742363 0.010065508040651538
p 2.4976027219690513 -0.099847288510565346 0.020052487227409113
p 2.4972071341021507 -0.097450335465795956 0.02985561129668432
p 2.4966734190980313 -0.094124577108352966 0.039377048000336506
p 2.4960212208853427 -0.089901516550938948 0.048525234238590925
p 2.4952745526736591 -0.084820253751339905 0.057214124506264799
p 2.4944609620469058 -0.078926666482090041 0.0653627622255952
p 2.4936106393258348 -0.072272928476823928 0.072895066450118964
p 2.4927554604860465 -0.064917269216779191 0.079739769335210264
p 2.4919279599616795 -0.056923918049734359 0.085830482682037107
p 2.491160232708594 -0.048363213562487281 0.091105914772854069
p 2.4904827689445392 -0.039311897356802211 0.095510301626704
p 2.4899232290274269 -0.029853649607573959 0.098994159715757396
p 2.4895051699765673 -0.020079962010779884 0.10151551009367374
p 2.4892467391853228 -0.01009148195761163 0.10304176679852464
p 2.4891593549173621 0 0.10355252530397487
L open 0 1
p 1.5897796510797533 0 0.285865817004676
p 1.5848887600819896 -0.060415790893979068 0.28042292805276137
p 1.5713690522889441 -0.11764615247614706 0.26462481370172047
p 1.5519049341654134 -0.16959416445449538 0.23959454064359342
p 1.529439112729114 -0.21524833644667926 0.20622861888590721
p 1.5067757220498033 -0.25378590618049701 0.16496937144961005
p 1.4867845869364338 -0.28394231963337946 0.11605435478411433
p 1.4726644220961944 -0.30367780400804673 0.060297719896823511
p 1.4674780982553606 -0.31065753096758064 0.00015329954377791825
p 1.4726137404742135 -0.30374666997291644 -0.060002893823710261
p 1.4866961507967411 -0.28406955952698532 -0.11579005772952594
p 1.5066698666507361 -0.25395376888196147 -0.16475027855754903
p 1.5293421112939154 -0.2154262910952163 -0.20607119091841047
p 1.5518418798251656 -0.16973796805423472 -0.23950836042168305
p 1.5713549140060983 -0.11769183384590784 -0.26460762140485855
p 1.5848800739819451 -0.060469519960633461 -0.28041314742726381
p 1.5897796510797531 0 -0.28586581700467584
L open 0 1
p 2.4891593549173621 0 -0.10355252530397498
p 2.4893110256866087 -0.010280144072371681 -0.10274464156881191
p 2.4895491783080299 -0.020361850007225429 -0.10131294210584768
p 2.4899361050682316 -0.030251827518483522 -0.098912242494301209
p 2.4904938113949964 -0.039885112053721958 -0.095384650204150517
p 2.4912040158572806 -0.049125064794170392 -0.090759564596132491
p 2.4920081501652267 -0.057763372654712347 -0.085253676921743418
p 2.4928348803018046 -0.065634226624251668 -0.079129768585495128
p 2.4936827124468888 -0.072859709610885823 -0.072287809627244778
p 2.4945229693939188 -0.079390708634323376 -0.064778451345190141
p 2.4953246451457272 -0.085170288249628648 -0.056673421984913312
p 2.4960586197998391 -0.090148802634646016 -0.048048169362898581
p 2.4966985275663758 -0.094283522677435977 -0.038981618939327514
p 2.497221533458613 -0.097538549424017323 -0.029556061438028455
p 2.4976090186561741 -0.099885013886414201 -0.019857170013579908
p 2.4978471745409028 -0.10130156321101008 -0.0099741469655683646
p 2.4979275054053622 -0.10177513320720594 0
L open 0 1
p 2.4979275054053627 0.10177513320720674 0
p 2.4978456989824354 0.1012928199438245 -0.010065508046768173
p 2.4976027219689669 0.099847288509969587 -0.020052487232835436
p 2.4972071341025908 0.097450335466305965 -0.029855611299481929
p 2.4966734190981659 0.094124577108360793 -0.039377048000629383
p 2.4960212208851349 0.08990151655078954 -0.048525234237150626
p 2.4952745526735249 0.08482025375216809 -0.057214124503916879
p 2.4944609620471621 0.07892666648437377 -0.065362762223044574
p 2.4936106393264037 0.072272928479812953 -0.07289506644793381
p 2.4927554604865367 0.064917269218951704 -0.079739769333820404
p 2.4919279599617106 0.056923918049801667 -0.085830482681693243
p 2.4911602327081304 0.04836321356021183 -0.091105914773559171
p 2.4904827689439721 0.039311897353012826 -0.095510301628167038
p 2.4899232290272986 0.029853649603258304 -0.098994159717433083
p 2.4895051699770252 0.020079962006004964 -0.10151551009493923
p 2.4892467391857913 0.010091481952269738 -0.10304176679900641
p 2.4891593549173621 0 -0.10355252530397499
L open 0 1
p 1.5897796510797531 0 0.28586581700467595
p 1.5885366815447843 0.030426417882081419 0.28449536612050547
p 1.5848897240984741 0.060409826820807977 0.28042401175373227
p 1.5790619171483242 0.089577537720185466 0.2737553380238209
p 1.5713725587163827 0.1176348413597026 0.26462906312248641
p 1.5621950634486201 0.14435236512912164 0.25319925291434908
p 1.5519126227912934 0.16957661620302286 0.23960505108737146
p 1.5408808870086121 0.1932322135329676 0.22393301079114175
p 1.5294495950030913 0.21522910144059401 0.20624562028721422
p 1.5179681836289352 0.23545314985400795 0.18658944732130753
p 1.5067881203571274 0.25376624395884634 0.16499500743686926
p 1.4962658440886063 0.27000360766746317 0.14147268745090788
p 1.4867823247975558 0.28394559963051641 0.11604757140233933
p 1.4787687956190609 0.29528391590145386 0.088874750296083854
p 1.4726495488873308 0.30369806116468184 0.060211407458928334
p 1.4687965519534565 0.308895797090536 0.030422035375671255
p 1.4674780647520858 0.31065757591192411 0
L open 0 1
p 1.467478064752086 0.31065757591192406 0
p 1.4687934296587188 0.30890001706158876 -0.030386086331884943
p 1.4726401043667696 0.30371085319542956 -0.060156450104946371
p 1.4787504702556067 0.29530945363506589 -0.088802906063960449
p 1.4867462626341197 0.28399747475452075 -0.11593985617399058
p 1.4962040228154112 0.27009647600440195 -0.14132228042341313
p 1.5067179287439676 0.25387756402308809 -0.16484977881589102
p 1.5178995075530832 0.23556944956770698 -0.18646502908361823
p 1.5293806198256066 0.21535564966695359 -0.20613371667070635
p 1.5408152148093759 0.19336508458036022 -0.22383586786479265
p 1.5518671067416761 0.16968044610746499 -0.23954284845528945
p 1.5621772715998241 0.14439953320722732 -0.25317651420818399
p 1.5713679326982983 0.11764983635388437 -0.26462340962768838
p 1.5790577443581553 0.089595038253781484 -0.27375050826526609
p 1.5848840901822201 0.060444667084088632 -0.28041767216543501
p 1.5885334508005091 0.030466100307225047 -0.28449177600597919
p 1.5897796510797531 0 -0.28586581700467584
tk_parallel done 4 0
L open 0 1
p 2.2876114472483833 1.008381805874222 0
p 2.3127566255471379 0.94907388404108339 0.0091158372756124078
p 2.3362347134534627 0.88904301668899133 0.017941295479776985
p 2.3580410573323407 0.82833850405873211 0.026441483014868053
p 2.3781741306289774 0.76700950398728884 0.034578913460664537
p 2.3966355334489471 0.70510502347249782 0.042313444467013225
p 2.4134299051515016 0.64267390938207503 0.049602394312031034
p 2.4285647499560157 0.57976483830701819 0.056400836125845948
p 2.4420501755615938 0.51642630555938018 0.062662069779876858
p 2.4538985449016661 0.45270661090907705 0.068338271809142856
p 2.4641239554356278 0.38865366579933625 0.073381514791943991
p 2.4727414578953333 0.32431498323187213 0.07774513755347838
p 2.4797662391504272 0.25973807858754971 0.08138509379339498
p 2.4852125980444351 0.1949705082884059 0.084261857946911184
p 2.489092975383659 0.1300598712001077 0.086342238009542757
p 2.4914170761175067 0.065053808212751585 0.087601009010627937
p 2.4921910837102166 0 0.088022367135644042
L open 0 1
p 2.2876114472483828 -1.0083818058742229 0
p 2.3127566255471428 -0.9490738840410754 0.0091158372756141998
p 2.3362347134534689 -0.88904301668897767 0.017941295479779677
p 2.3580410573323491 -0.82833850405870835 0.026441483014871557
p 2.3781741306289872 -0.76700950398725498 0.034578913460668728
p 2.3966355334489586 -0.70510502347245652 0.042313444467017958
p 2.4134299051515136 -0.64267390938202762 0.04960239431203628
p 2.4285647499560294 -0.57976483830696068 0.056400836125851977
p 2.4420501755616084 -0.51642630555930857 0.062662069779883728
p 2.4538985449016781 -0.45270661090900532 0.068338271809148921
p 2.4641239554356371 -0.38865366579927429 0.073381514791948405
p 2.4727414578953395 -0.32431498323182023 0.077745137553481419
p 2.4797662391504307 -0.25973807858750853 0.081385093793397228
p 2.4852125980444359 -0.19497050828837523 0.084261857946912905
p 2.4890929753836599 -0.130059871200087 0.086342238009543743
p 2.4914170761175081 -0.065053808212740372 0.087601009010627673
p 2.4921910837102175 0 0.088022367135642765
L closed 0 1
p 2.2603895424764513 0 0.42684574048349638
p 2.099749725332098 -0.68943477581494406 0.45374433615673315
p 1.6712769689358518 -1.2538932144188 0.49195042816890466
p 1.0618645454492537 -1.6184274927724074 0.49584591977757703
p 0.36372490430244486 -1.7405358528883919 0.44807981647129247
p -0.32831052987113252 -1.6114270588754063 0.35162818971012971
p -0.92677162422315496 -1.2489047753081794 0.22838381825200207
p -1.3481229355563875 -0.68881018790720761 0.11707834541322455
p -1.504855357930752 7.5374984104710117e-05 0.069511046187966205
p -1.3480565341914961 0.68895038417595134 0.11709771591631557
p -0.92667376249858302 1.2489923166189745 0.22840716512664497
p -0.32820869034356887 1.6114657381821809 0.35164595402624138
p 0.36381189924344848 1.7405364258161216 0.44808890553957559
p 1.0619252981698131 1.6184050334152245 0.49584780706667203
p 1.671308557550828 1.2538651375140475 0.49194889903749378
p 2.0997581429730019 0.68941727466406844 0.45374315968292417
p 2.2603895424764513 2.2204460492503131e-16 0.42684574048349627
L open 0 1
p 2.2876114472483824 -1.0083818058742247 0
p 1.8757137656075968 -1.6310202963909672 -0.1188685548425793
p 1.2775231726907315 -2.0765404059028976 -0.24106557462887906
p 0.56077340163058254 -2.290380587818535 -0.34901836776970085
p -0.18892795052174016 -2.2443751392362179 -0.43166907601877719
p -0.87964229515499548 -1.9421793896574573 -0.48223518059449572
p -1.4268852529003004 -1.4212685033111994 -0.49980528058912249
p -1.7703081744302578 -0.74769723499946694 -0.49383564683220371
p -1.8853675116884732 -8.0232347813126784e-07 -0.48668202411733424
p -1.7703086351665092 0.74769578807158465 -0.4938356249335728
p -1.4268862072973623 1.4212672167072569 -0.49980528715785938
p -0.87964186648681686 1.9421796520726302 -0.48223515293490155
p -0.18892352488600117 2.2443762077075071 -0.43166867071749271
p 0.56077675536532112 2.2903802018882122 -0.34901793401211134
p 1.277525177545398 2.0765393990258905 -0.24106522390600721
p 1.8757145040627017 1.6310195137482335 -0.11886837629130058
p 2.2876114472483824 1.0083818058742242 0
tk_through_tube done 4 0
L open 0 1
p 2.1529054099524854 0 0.47604614861089084
p 2.1498879564606517 -0.029769911920033466 0.47694001144229881
p 2.1410109975774376 -0.058232364753280641 0.47947051318513434
p 2.1267261384442739 -0.084264669406068762 0.48323365637714483
p 2.1076666197616611 -0.10692437519019601 0.48766473957755074
p 2.0845936396509992 -0.12543157406058153 0.49212988409538405
p 2.0583180917574122 -0.13917769544639286 0.49601281682903353
p 2.0297707800717122 -0.14765465399521588 0.49876405871273888
p 2.0000263507382994 -0.15050524005403437 0.49996772275040713
p 1.9702687046632144 -0.14759614462929194 0.49941349750262776
p 1.9416964274485979 -0.13906031293050725 0.49714774081996999
p 1.9154054096595017 -0.12526790315541095 0.4934767648186863
p 1.8923308491642219 -0.10674253929911949 0.48892338882546904
p 1.8732957653764732 -0.084127804728733963 0.48417035353407734
p 1.8590230000232926 -0.058180628832241552 0.47998051097637628
p 1.8501303284702564 -0.029786844895809635 0.47708583230785273
p 1.8470945900475129 0 0.47604614861089029
L open 0 1
p 1.7555667483623623 0 -0.43617930429337343
p 1.7602333491624735 -0.049036740923906585 -0.43913434216748032
p 1.773895216930133 -0.095753763470677128 -0.44725583246988948
p 1.7958290211035848 -0.13847254454696625 -0.45876198086255043
p 1.8252617732358543 -0.17595828606315145 -0.47154228103832985
p 1.8615138928687793 -0.20716667916850071 -0.48360371869565844
p 1.9037011206435928 -0.23087295769650029 -0.49317180031111973
p 1.9503795341232428 -0.24575986069578232 -0.49882914028972036
p 1.9994258456272096 -0.25081315246487668 -0.49977206560017778
p 2.0483369525239818 -0.24572750883233763 -0.49601212544455425
p 2.0947729348851585 -0.23097680547845578 -0.48831393383038901
p 2.1369151921536198 -0.20752445638838657 -0.47791245505963575
p 2.1734517432755878 -0.17648172836402945 -0.46624223786283842
p 2.2033840121697308 -0.13892093488455909 -0.45479244720704137
p 2.2257689606094919 -0.095984505874893322 -0.44507303969621637
p 2.2396913263030171 -0.049091729591851624 -0.43850871961089671
p 2.2444332516376369 5.5511151231257827e-17 -0.43617930429337415
L open 0 1
p 2.1529054099524854 0 0.47604614861089084
p 2.1498876194887235 0.029771549589901886 0.47694010962599453
p 2.1410103769278388 0.058233824376382366 0.47947068524961323
p 2.1267258293698124 0.084265119528566024 0.48323373354589128
p 2.1076669473848813 0.10692405566813891 0.48766466926296509
p 2.0845941006096078 0.12543127278771954 0.4921298047274667
p 2.0583185521240126 0.13917750871609866 0.49601276007302036
p 2.0297712142652697 0.14765456953210457 0.49876402863888747
p 2.0000267376081906 0.15050524042745037 0.49996771836597004
p 1.970269029796861 0.14759620849690824 0.49941351344916379
p 1.9416966823293642 0.13906041678205944 0.49714776887358786
p 1.9154055821970979 0.12526801611715993 0.49347679410250356
p 1.8923309612888475 0.10674264880546284 0.48892341411344281
p 1.8732958393183585 0.08412791240035325 0.48417037381886463
p 1.8590230453631098 0.058180734969543013 0.47998052517154899
p 1.8501303453358027 0.029786926843289652 0.4770858380126235
p 1.8470945900475129 0 0.47604614861089034
L open 0 1
p 1.7555667483623623 0 -0.43617930429337343
p 1.7602347074725917 0.049043807066929679 -0.43913518931771323
p 1.7738989114736274 0.095763024638290867 -0.44725792434043288
p 1.7958373000675238 0.13848546709030288 -0.45876598915507127
p 1.8252762082841323 0.17597340803584061 -0.47154785822775452
p 1.8615347444957444 0.20718132419287455 -0.48360958516978386
p 1.903723402453767 0.23088270372537772 -0.49317568893280805
p 1.9503994994066443 0.2457640742308273 -0.49883053309370151
p 1.9994426437510349 0.25081314017419287 -0.49977156201993445
p 2.0483514066599611 0.2457244834124088 -0.49601034763913315
p 2.0947845789698754 0.23097176349542162 -0.48831150728824751
p 2.1369237876144411 0.20751849027473374 -0.47791000149806762
p 2.1734576222522421 0.17647565763701872 -0.46624015822425102
p 2.203387266054555 0.13891593240690064 -0.45479110727615779
p 2.2257704680260946 0.095980783714039508 -0.44507235095009029
p 2.2396917494816049 0.049089560197644405 -0.43850851382414469
p 2.2444332516376377 0 -0.43617930429337354
tk_irrational_apex done 4 0
L open 0 1
p 2.3190796595995318 -5.5511151231257827e-17 0.38495216693746104
p 2.3131098933745284 -0.067674647480592431 0.38902623892354887
p 2.2955686097893215 -0.13242166423746088 0.40046060772762088
p 2.2672688389519133 -0.19201752064569835 0.41732825988067856
p 2.2291253452905142 -0.24474097876533557 0.43724574336030786
p 2.1818979316781646 -0.28917075464358688 0.45783007902085415
p 2.1263905652528203 -0.32365487941906068 0.47669162176711499
p 2.0639166172416719 -0.34613241800961614 0.49132408194974186
p 1.9969331856022561 -0.35440976410481506 0.49920760354086141
p 1.9294041508548805 -0.34707466119595431 0.4984271970083004
p 1.866036000422024 -0.32459886400573595 0.48864735793387248
p 1.8105263154207285 -0.28931868034731939 0.47146228410666446
p 1.764622531458665 -0.24411283423701793 0.44969552566903892
p 1.7286401907596662 -0.1912067393176009 0.42658457981925435
p 1.702488258058187 -0.13195572000163078 0.40558471830001863
p 1.6863982066776955 -0.067576501442295683 0.39051371212359676
p 1.6809203404004682 0 0.38495216693746109
L open 0 1
p 1.9540125366175956 0 -0.4978806616164681
p 1.9549700474727518 -0.0089586684296835452 -0.49797013984914917
p 1.9575188898234024 -0.017476576165142199 -0.49819847492764652
p 1.9619064135465409 -0.025363454016109767 -0.49855930802870174
p 1.9677288632055452 -0.032254272901205534 -0.49897532186009291
p 1.9746755331399948 -0.037830838634336297 -0.49937650856546889
p 1.9825826046653383 -0.041948830202343391 -0.49971180957984179
p 1.9911345870517581 -0.04447861813688269 -0.49992996242639376
p 2.0000144623051659 -0.045331957999794809 -0.49999972142749655
p 2.0089146391843027 -0.044474611920718901 -0.49991150239524224
p 2.0175008675552868 -0.041925334391900285 -0.49967818099865036
p 2.0254288677808692 -0.03777628237394183 -0.49933489093957617
p 2.0323968092609075 -0.032178674544099159 -0.49893273872285293
p 2.0381402314955173 -0.025331835820772929 -0.49853113224698448
p 2.0424321970141861 -0.017480531181581459 -0.49818987850989638
p 2.0450890444000991 -0.0089183572486569822 -0.49796106715564703
p 2.0459874633824038 0 -0.49788066161646816
L open 0 1
p 1.680920340400468 0 0.38495216693746093
p 1.6863980412898103 0.067575488870714462 0.39051354430199448
p 1.702488864514982 0.1319574956040066 0.40558525460355394
p 1.728640307308938 0.19120695061873602 0.42658466666005129
p 1.764626030529671 0.24411707280236589 0.44969746359341833
p 1.8105379552014398 0.28932798563747347 0.47146689080333509
p 1.8660456945352522 0.32460361441580493 0.48864960496162024
p 1.929414867771615 0.34707712254691558 0.49842807665945832
p 1.9969418831863561 0.35440965119871026 0.49920707811664666
p 2.0639220790535493 0.34613110098303218 0.49132310487784975
p 2.1263921115703264 0.32365413480811461 0.47669117557799745
p 2.1818980094901859 0.28917067864386686 0.45783004468847588
p 2.2291255008849822 0.24474081715072477 0.43724566989725283
p 2.2672700752933101 0.19201543105427935 0.41732756543514765
p 2.2955692949751834 0.13241980719219829 0.40046017454441041
p 2.3131095333745462 0.067676670019248278 0.38902648226137782
p 2.3190796595995318 -3.9075988380159377e-17 0.38495216693746137
L open 0 1
p 1.9540125366175956 0 -0.4978806616164681
p 1.9551315233658992 0.009112834025482016 -0.49798821518646036
p 1.9577214302010049 0.017812153723718527 -0.49821943086011478
p 1.9621333655149829 0.025821301768902523 -0.49857386711041018
p 1.968226334659676 0.032785587784501115 -0.49900298915024222
p 1.9753860928072198 0.038283922659471281 -0.49941193842538867
p 1.9833021295004061 0.042232343616681836 -0.49973593127875143
p 1.9918260010894988 0.044607399775766346 -0.49994108603440834
p 2.0006473170462176 0.045327618385475027 -0.49999867019280658
p 2.0094488001773438 0.044367446798054933 -0.49990121515222635
p 2.0179283753247637 0.041749497948424773 -0.4996627891682367
p 2.0257531180110826 0.037562214957458769 -0.49931825541680386
p 2.0326225396299051 0.031956257139429123 -0.49891814769289339
p 2.0382769719575142 0.025130582633400192 -0.49852080207554339
p 2.0424964227544948 0.017328168756803174 -0.49818450518577478
p 2.045105445562875 0.0088374049688952211 -0.49795961287461654
p 2.0459874633824038 0 -0.49788066161646816
tk_tilted done 10 0
L open 0 1
p 3.4686047503874025 2.315965148827273 2.7630261383795451
p 3.4684067603721567 2.3252636880935205 2.7760675643000354
p 3.4678144695131916 2.3339175684817075 2.7895324513824606
p 3.4668329408188701 2.341903030387571 2.8033778648634353
p 3.4654703207653164 2.3492016450396247 2.8175613773487704
p 3.4637374946449917 2.3557996798925127 2.8320412516509781
p 3.4616477872194249 2.3616875485278026 2.8467765964032101
p 3.4592167035790338 2.3668593360784822 2.8617274975209059
p 3.4564617051129503 2.3713123911934333 2.8768551285823705
p 3.4534020154918119 2.3750469755581252 2.8921218431995239
p 3.4500584515664396 2.3780659619878088 2.9074912524500758
p 3.4464532740853366 2.38037457210946 2.922928290442349
p 3.4426100531339552 2.3819801446487365 2.9383992710840099
p 3.4385535431986423 2.382891925338217 2.9538719391259338
p 3.4343095627582354 2.3831208694631805 2.9693155185524556
p 3.4299048733062021 2.3826794480611753 2.9847007613892362
p 3.4253670527062927 2.3815814487916631 3
L open 0 1
p 3.4253670527062927 2.3815814487916636 3
p 3.4189700885659575 2.3790310738978171 3.0208232725579145
p 3.4124339049897725 2.3753015532567812 3.0414242882770006
p 3.4058288054866668 2.3704239309950368 3.061762199274404
p 3.3992272328255533 2.3644277934060551 3.0818000050329935
p 3.3927037334420671 2.3573407236223005 3.1015043882494369
p 3.386334443571231 2.3491871050216986 3.1208469051550702
p 3.3801980364984607 2.3399884711207548 3.1398007259012917
p 3.3743778837377274 2.3297678887027358 3.1583322658192872
p 3.3689598786249895 2.3185497725332636 3.1764047603214589
p 3.3640308731708437 2.3063606109641248 3.1939786058362305
p 3.359676520215034 2.2932297326972719 3.2110114330973847
p 3.3559785910085056 2.2791901201894351 3.227458102416529
p 3.3530118856332378 2.2642793260900103 3.2432706834521321
p 3.350840853670201 2.2485405491048698 3.2583984819886602
p 3.3495160425256265 2.2320239256787491 3.2727881762392088
p 3.3490704908259703 2.2147880938888971 3.2863841251851964
L closed 0 1
p -1.2604365985555182 2.8543259832773948 2.3592555125419534
p -1.2294997115843667 2.9494082600657761 2.5323437388418473
p -1.1403436963395004 2.9882699219204314 2.7071085151607326
p -1.0008615696283503 2.9761412888031806 2.8499177334198187
p -0.82281806317594663 2.9297103219783782 2.9274570083030138
p -0.63256299526083093 2.8697812945859522 2.9175184512732026
p -0.4634389320906584 2.8041403966566105 2.8326610758248325
p -0.33862288335953616 2.7225817076878829 2.6990277378612832
p -0.28885769970171815 2.6138930735321084 2.5395859208564584
p -0.33861861875409804 2.4912616494846072 2.3905998463817966
p -0.46343300294111572 2.3858081632385737 2.2748840496136493
p -0.63255563255938585 2.322722350917116 2.1881077594612512
p -0.82281169361526929 2.3299585103713434 2.127791609913551
p -1.0008576052490743 2.4173955853381721 2.1049273743839745
p -1.1403417827364868 2.5578888485005633 2.1332695500863696
p -1.2294991919722587 2.7147830210012298 2.2195108488222979
p -1.2604365985555182 2.8543259832773948 2.3592555125419534
L closed 0 1
p -1.2604365985555182 1.1456740167226054 3.6407444874580457
p -1.2294997115845572 1.2852156764692768 3.7804881765385021
p -1.1403436963402289 1.4421085964156104 3.8667295092882634
p -1.0008615696298329 1.5826014632170318 3.895072602608594
p -0.82281806317820805 1.6700398378163617 3.8722098714246127
p -0.63256299526349846 1.6772789507386805 3.8118952091600851
p -0.4634389320930471 1.6141953217293921 3.7251198820228844
p -0.33862288336111224 1.5087437501962162 3.6094062059837575
p -0.28885769970171798 1.3861124234353128 3.4604214084334362
p -0.33861861875239396 1.2774225906725492 3.3009791404948707
p -0.46343300293829987 1.1958624019236315 3.1673433706029637
p -0.63255563255586322 1.1302211908271957 3.0824836295305764
p -0.82281169361166384 1.0702915626141003 3.0725418207316206
p -1.0008576052456384 1.0238595155146279 3.1500794267496812
p -1.1403417827341824 1.0117298905025327 3.2928887685814541
p -1.2294991919711684 1.0505911689879002 3.4676547378282874
p -1.2604365985555182 1.1456740167226054 3.6407444874580457
L open 0 1
p 3.4686047503874025 1.6840348511727261 3.2369738616204553
p 3.4674962801946654 1.7084825205154144 3.2659650427725584
p 3.4642212441532596 1.735968995000877 3.2919057319079661
p 3.4589226583203896 1.7660131216973667 3.3144580775614343
p 3.4518190704922174 1.7981156654734571 3.3334047303529646
p 3.4431899394333039 1.8317750646963202 3.3486297181065443
p 3.4333479496855763 1.8665538727592661 3.3601204320635611
p 3.4226242003353975 1.9020867469786156 3.3679274452949697
p 3.4113674170567734 1.9380612645783661 3.3721314234551611
p 3.399940147483238 1.9742219109870751 3.3728258739835137
p 3.3887228806940901 2.0103535830566321 3.3701012872938496
p 3.3781138140489424 2.0462798506797477 3.3640343105928592
p 3.3685416210491583 2.0818045502697884 3.354691986055097
p 3.3604528483373186 2.1166972872601071 3.3421473560924291
p 3.3542799928586637 2.1506963821124034 3.3264915756895137
p 3.3503976810143987 2.1835051707515625 3.3078469606981384
p 3.3490704908259668 2.2147880938888997 3.2863841251851995
L open 0 1
p 2.5097688908252751 2.0590122483475652 3.0786829977967538
p 2.5092546349966671 2.0426976380674908 3.0884257028251696
p 2.5078113277101117 2.0248044378585281 3.0945486721306832
p 2.5056933508655863 2.0061056954093774 3.0969008613330007
p 2.5032438360055695 1.9873301515993145 3.0954985248014557
p 2.5008361397273271 1.9691623844000452 3.0904797694801416
p 2.4988227063351496 1.9522445318596664 3.0820870227851214
p 2.4974906977319637 1.9371705346460995 3.0706627897406755
p 2.4970258536513943 1.924448193764412 3.0566173559038834
p 2.4974942001648679 1.9145396395805752 3.0404660815028337
p 2.4988289374882315 1.907806528310523 3.0227945843257524
p 2.5008401818827184 1.9045021545969809 3.0042362058498195
p 2.503246077982237 1.9047757348964571 2.9854065700962273
p 2.5056954175548412 1.9086898150436089 2.9669904763609454
p 2.5078133001512555 1.9161884617604366 2.9496963306124515
p 2.5092555949716515 1.9270785208227446 2.9342374957083059
p 2.5097688908252747 1.9409877516524341 2.9213170022032453
L open 0 1
p 3.3490704908259659 1.7852119061110998 2.7136158748147996
p 3.3503975045308718 1.7558503016735578 2.737636160618615
p 3.3542796266598089 1.7287649393922666 2.7639118618178746
p 3.3604524213078868 1.7042151527288212 2.7921676184826865
p 3.3685411027203687 1.6824021559471767 2.8221520816294552
p 3.3781130228137104 1.6634867748843638 2.8536392345883179
p 3.3887217719936737 1.6476032146717825 2.8864288277911156
p 3.3999390464089845 1.6348703712308046 2.9203523900536341
p 3.4113664115351039 1.6254116729833585 2.9552612712972905
p 3.4226233144405604 1.6193742842788945 2.9909741478814373
p 3.4333472141598191 1.6169195127183014 3.0272719644646928
p 3.4431893588302902 1.6182122868816344 3.063877325174198
p 3.4518186967793554 1.6234035059846845 3.1004539167697742
p 3.4589224411890989 1.632603529679159 3.1365778993222859
p 3.4642211412573589 1.6458414521099916 3.1717353369485708
p 3.4674962529761637 1.6630484298627632 3.2053861666116394
p 3.4686047503874025 1.6840348511727261 3.2369738616204553
L open 0 1
p 2.5097688908252707 2.0590122483475537 3.0786829977967383
p 2.5097225061760722 2.0634450449199231 3.0751356173497171
p 2.5095841814347244 2.0676447339472293 3.0713190730435915
p 2.5093563651369095 2.0715940432878641 3.0672507722840892
p 2.5090429817112554 2.0752781248268413 3.0629487496953933
p 2.5086492691818933 2.0786842667789891 3.0584315027915867
p 2.5081816181742873 2.0818016496113065 3.0537178577017308
p 2.5076474127457802 2.0846211417484586 3.048826861643076
p 2.5070548735623195 2.0871351312253683 3.0437776988369531
p 2.5064129039428247 2.0893373894509111 3.038589626561861
p 2.5057309392926603 2.0912229632466648 3.0332819280382655
p 2.5050188004476643 2.0927880913247079 3.0278738788396486
p 2.5042865514501966 2.0940301413684237 3.022384723524322
p 2.5035443622786802 2.0949475638803206 3.0168336591825287
p 2.5028023770520678 2.0955398589608016 3.0112398225933656
p 2.5020705882307244 2.0958075521818982 3.0056222776860424
p 2.5013587173351617 2.0957521757199267 3
L open 0 1
p 2.5013587173351617 2.0957521757199267 3
p 2.4998142511550343 2.094363378688969 2.9868558924595652
p 2.4985351637287501 2.0912407542574032 2.9739788191622312
p 2.4976119353975434 2.0864469521896281 2.9615970131215841
p 2.4971093993436626 2.0800704066005866 2.949927935870952
p 2.4970629733307135 2.0722251292503451 2.939178136898466
p 2.4974761206784923 2.0630523088165247 2.9295420393948577
p 2.4983195436452936 2.0527185788284319 2.921195961325501
p 2.4995356140931784 2.0413896539073662 2.9142813042888527
p 2.5010392685729026 2.0292623756262826 2.9089325665364778
p 2.5027236596712696 2.0165477224919042 2.9052598862026877
p 2.5044670860535927 2.0034663973958748 2.9033484301788492
p 2.5061403689911375 1.9902488939936518 2.9032588884311892
p 2.5076150363964089 1.9771358109131758 2.9050259339531852
p 2.5087723564333819 1.9643782764741931 2.9086544356750177
p 2.5095132269127478 1.9522381813831213 2.9141121996908628
p 2.5097688908252711 1.9409877516524456 2.9213170022032608
L open 0 1
p 3.3490704908259694 1.785211906111102 2.7136158748148027
p 3.3503975540476896 1.8164932388468498 2.6921540334750613
p 3.3542798234717104 1.8493025223270403 2.6735089873707092
p 3.3604528461668552 1.8833026983373351 2.6578526495715806
p 3.3685417332659453 1.9181958869792703 2.6453078778363905
p 3.3781136938992566 1.9537197413110614 2.6359657779204073
p 3.3887221502841185 1.9896440006469556 2.6298990075045632
p 3.3999392613815576 2.0257752715785382 2.6271742054822012
p 3.4113666281345014 2.0619362400911156 2.6278684095597193
p 3.4226234902628709 2.0979109487930012 2.6320721673717271
p 3.4333473883879204 2.1334442157651692 2.6398790449698986
p 3.4431895719835506 2.1682235802111696 2.6513697553353439
p 3.4518187785082128 2.2018831190478796 2.6665946393815156
p 3.4589224781109307 2.2339859783553084 2.6855413219717077
p 3.4642211656618542 2.2640304815063477 2.7080938276952007
p 3.4674962618618448 2.2915172616776531 2.7340347265632241
p 3.4686047503874025 2.315965148827273 2.7630261383795447
tk_miss done 0 0
