octant_box_fuse done 1 1 0
S 79.610209123628266 118.43583756476595 5.7101259663461024 8.5371502577721703 3.338940915461913 9 19 12 9 19 12 1
octant_box_cut done 1 1 0
S 54.860209124453498 109.60722370617414 5.5793502648823523 7.9335838177480245 3.3790663122403073 9 19 12 9 19 12 1
octant_box_common done 1 1 0
S 10.58963782615335 30.738932860304114 5.8614909980431147 9.1166422035150987 3.3539342428918899 6 12 8 6 12 8 1
box_octant_fuse done 1 1 0
S 79.610209123628266 118.43583756476595 5.7101259663461033 8.5371502577721721 3.338940915461913 9 19 12 9 19 12 1
box_octant_cut done 1 1 0
S 14.160362172682191 39.567546718895926 6.1035821080206789 10.442127754963854 3.1722741638036687 6 12 8 6 12 8 1
box_octant_common done 1 1 0
S 10.58963782615335 30.738932860304114 5.8614909980431147 9.1166422035150987 3.3539342428918899 6 12 8 6 12 8 1
tilt_rod_fuse done 1 1 0
S 79.660732446424234 135.48461634688428 5.4644163096137861 6.0342527526845311 3.8604832610488518 8 13 8 8 13 8 1
tilt_rod_cut done 1 1 0
S 59.338556843132658 109.85166231124199 5.452229635892559 6.3028424582235969 4.0695606658962795 5 10 6 5 10 6 1
tilt_rod_common done 1 1 0
S 6.1113205430963893 20.416945200210218 5.5175930267565647 5.2906858117988076 3.7708321851619564 3 3 2 3 3 2 1
upper_slab_fuse done 1 1 1
S 822.85927835271934 1241.5208667608524 5.0149441819727327 0.50843864144875295 5.2013193526619679 12 25 16 12 25 16 1
upper_slab_cut done 2 1 1
S 2.2705006002169958 17.275229534490318 7.1343761008639435 2.9863752825815286 2.0705179721479285 4 6 4 4 6 4 1
S 10.588777758180516 32.67700678981118 5.7036559606834034 4.4474336706083779 4.0611652933240583 4 7 4 4 7 4 1
upper_slab_common done 1 1 1
S 15.415055515990957 42.351275192281989 6.0072931509873468 3.3616353477694392 3.1085413399617372 6 12 8 6 12 8 1
lune_ball_fuse done 1 1 0
S 78.018618375087286 115.5164240489931 4.0231756035561306 7.152741715277001 4.2222685249670544 4 11 6 4 11 6 1
lune_ball_cut done 1 1 0
S 63.881451319389882 102.40050290695896 4.1942818076101229 6.7716005161001895 4.3544459355034304 5 8 4 4 6 3 1
lune_ball_common done 1 1 0
S 3.1391916946584981 13.288874738548985 3.6047082782143893 8.0895745077797123 3.9036993533933106 3 3 2 2 1 1 1
lune_cone_fuse done 1 1 0
S 76.337532002360874 114.78226567796513 4.1034589353542579 7.0383561677258655 4.1171483599814751 6 11 6 6 11 6 1
lune_cone_cut done 1 1 0
S 59.320589442669501 106.70286703290265 4.2048535913521787 6.6907792462174838 4.3714187779838509 6 11 6 5 9 5 1
lune_cone_common done 1 1 0
S 7.7000531923096638 25.640732924468015 3.8724773473940934 7.9315586909149367 4.0399266111522136 4 6 4 3 4 3 1
half_rod_fuse done 1 1 0
S 158.35253220608527 199.32452711208273 5.1791640441747644 4.2546972684651037 5.6779513595216731 6 10 6 6 10 6 1
half_rod_cut done 1 1 0
S 120.65341960789073 170.35668915489785 5.1570307965130064 3.709363676872234 5.6554391909500925 3 7 4 3 7 4 1
half_rod_common done 1 1 0
S 13.387872065736053 33.153332994226048 5.2535057687629596 3.2818749241262712 5.7678504240095947 3 3 2 3 3 2 1
zone_box_fuse done 1 1 0
S 83.737638810931216 118.24087695704117 2.982303945838702 7.1136556211964228 5.4023490766526363 11 27 18 11 27 18 1
zone_box_cut done 1 1 0
S 63.112638811000849 111.86278345994307 3.4258663512577963 6.9057003992356867 5.2070387469648995 10 24 16 10 24 16 1
zone_box_common done 1 1 0
S 10.452989160674088 29.706220658126085 2.1014377869992082 7.3657421187010508 5.8168869473665827 7 15 10 7 15 10 1
pieces_fuse done 1 1 0
S 112.29575792564259 152.05542093474298 5.5330780836620468 7.1646316128123457 3.7078966446692663 8 20 12 8 20 12 1
pieces_cut done 1 1 0
S 46.845910975855013 97.599386148848581 5.6375062475595517 8.500705022986951 3.2415763959838229 7 16 10 7 16 10 1
pieces_common done 1 1 0
S 18.603935973932185 44.294119914618946 5.593508461831008 7.1789505143057077 3.7109692424537366 6 12 8 6 12 8 1
half_box_fuse done 1 1 0
S 509.32947642582468 451.28127343539296 5.0319215731456186 4.7446274189842841 2.9077071583188165 8 17 11 8 17 11 1
half_box_cut done 1 1 0
S 109.32947642604682 130.74008586115735 5.1487119360759666 3.8103045287052444 6.2287041582994913 3 5 3 3 5 3 1
half_box_common done 1 1 0
S 24.711810082844508 59.515173936917122 5.2461016129596194 3.0311870237709932 3.180112078142534 3 5 3 3 5 3 1
chain_octant_fuse done 1 1 1
S 844.10586328084605 1272.6688749442405 5.0176631242953738 0.7720135355002935 8.5212480159453303 17 39 26 16 38 26 1
chain_octant_cut done 2 1 1
S 10.435868139555792 47.494446614904412 5.4048524686441795 7.552242533743037 1.7089282049283376 6 15 10 6 15 10 1
S 23.669994376182419 57.322266323781022 5.4513967954809202 8.8021541536751915 4.5522301731707664 6 12 8 5 11 8 1
chain_octant_common done 1 1 1
S 23.131976589024479 65.125933518520995 5.9564194148804077 7.9378782293146699 3.1376619452136545 7 19 12 7 19 12 1
tilt_flush_fuse done 1 1 0
S 137.44984694978763 200.17477042468118 5.1163904280264259 7.3505681446776778 2.3756044259159919 10 23 14 10 23 14 1
tilt_flush_cut done 1 1 0
S 65.449846949787513 98.174770424681142 5.4583333333333321 6.2083333333333295 4.0416666666666643 5 11 7 4 7 4 1
tilt_flush_common done 0 1 0
half_touch_fuse done 2 1 0
S 31.999999999999996 64 5.5555555555555545 0.55555555555555591 7.2222222222222223 6 12 9 6 12 9 1
S 134.04128655316453 150.79644737231007 5.1666666666666661 3.6666666666666661 5.666666666666667 2 4 3 2 4 3 1
half_touch_cut done 1 1 0
S 134.04128655316453 150.79644737231007 5.1666666666666661 3.6666666666666661 5.666666666666667 2 4 3 2 4 3 1
half_touch_common done 0 1 0
one_sphere_fuse done 1 1 1
S 438.7757739513749 312.77035057552217 4.4156452112206432 4.8646974804219862 3.887736932699664 6 13 7 4 9 5 1
one_sphere_cut done 1 1 1
S 28.274333882308134 59.872141961543413 6.8205682778314367 8.3447497887708408 3.6189546222651487 4 7 4 4 7 4 1
one_sphere_common done 1 1 1
S 37.175513067479066 71.28935132583014 4.7156945492549651 7.9578663578362701 3.1894570478546811 5 9 6 5 9 6 1
bitten_box_fuse done 1 1 0
S 247.28713431288708 232.26771512234498 4.8931763839158782 5.2291969557367555 4.8457122017303407 10 27 17 10 27 17 1
bitten_box_cut done 1 1 0
S 215.78713428283177 225.49097290708161 4.4761452931762289 4.9707000990708492 4.8231897018200929 9 24 15 9 24 15 1
bitten_box_common done 1 1 0
S 18.785117098684808 41.360585227854777 7.1525236515506423 6.8231352724024568 4.9498545619592429 7 15 10 7 15 10 1
